24.824343188067086,24.827566653494408,24.82860921863409,24.825846373267936,24.82468828507024,24.821209265074316,24.82529839085823,24.82257113613956,24.82571769390325,24.827449788697113
24.87159842530542,24.871516958624518,24.874218939550715,24.878275633237642,24.87069126355557,24.86008495457453,24.87126437155428,24.86547972314749,24.877141658714848,24.870121470354857
24.8932045860423,24.89963850346963,24.90538195851046,24.913080521317994,24.90360678809946,24.89420141115837,24.912853328875,24.89598712325052,24.916777008199862,24.910120404237816
24.912631407406742,24.91570329233855,24.91435276700958,24.925633072126846,24.90461311389625,24.90135083737133,24.936560907271314,24.91572042707975,24.933906246686448,24.92746010553325
24.936696751988016,24.930075668151638,24.9316947769162,24.947460310319315,24.909300595687395,24.92183511376549,24.950495953073933,24.94318059066039,24.95709181209466,24.955455121892967
24.969733045505407,24.941126823626334,24.944825022575337,24.963682850376703,24.901062126648768,24.92195033345648,24.971116650703827,24.962432738001645,24.97996382145635,24.985815046394233
24.997908518478873,24.953003924969536,24.96017122697733,24.97707547472652,24.890567475361753,24.91880443986939,24.99804964403478,24.976313832560813,25.000951915288017,25.019515199562097
25.024178323704543,24.96483032719346,24.975625143550552,24.991421675295914,24.87944619306358,24.91636065419389,25.028317170052794,24.987481043334668,25.02299061434153,25.04590052439671
25.050084352477707,24.976825673209625,24.99228719958953,25.00865353891673,24.87435637665125,24.916020007049898,25.05860801455327,24.996069317826773,25.04810889340447,25.071365610846385
25.07169990679833,24.989595279502193,25.008178956038954,25.028428409479883,24.875818807040908,24.921751439373836,25.084503508712523,25.003455344342665,25.070775598022536,25.096770352479965
25.090796362202205,25.003375465103666,25.02234873118615,25.046739608700822,24.88163544745309,24.929603868166737,25.110882003055988,25.011291078808707,25.092053277542657,25.119312748479533
25.10709574318374,25.016318739842056,25.034848991461885,25.064435681363047,24.895076959279194,24.942310279041173,25.13228134343151,25.019188199874396,25.10860825838057,25.13884161806495
25.119787013010892,25.026725115471837,25.045623558037498,25.079121814434014,24.90796433034641,24.958936739619446,25.14707783177032,25.02556942443663,25.12259019725091,25.154165986708072
25.12929425232248,25.033719438971097,25.051524270329097,25.089528218395934,24.918293935273663,24.973669831254725,25.156785678853467,25.030773745953642,25.130419013624486,25.16486647430717
25.133149894903685,25.036593241646308,25.05589369689634,25.095385791378146,24.924655685747943,24.985449128983504,25.1622620415638,25.03186727033198,25.134252362035994,25.17079145706171
25.13246200548261,25.036567711062826,25.05660462574893,25.09669705014837,24.9283191378462,24.991845532244213,25.16463323917517,25.029192103138676,25.134097709775787,25.171606384153222
25.12932166360192,25.033112830976165,25.053870648399773,25.094359542358838,24.925139662071118,24.9957354224399,25.165376969516107,25.021414167649283,25.131028411950748,25.168611501298166
25.12255709962386,25.026462217149245,25.048637489032345,25.08883273891857,24.91965116398284,24.993538378581803,25.163678319198812,25.011898945277338,25.122778111388904,25.162154263937147
25.114242256827723,25.016052136483577,25.038951752633967,25.080096833385795,24.907324700860055,24.986477175081024,25.160166516052833,24.999082759944365,25.11231492035245,25.15438322240119
25.10233116603696,25.00255344708701,25.027948241380436,25.067416559726887,24.891628628463252,24.975251889262,25.15390610236979,24.984069291222916,25.097021495306286,25.14401254086375
25.087574274633766,24.983980973312534,25.012717638913028,25.053100082911723,24.873363383692922,24.960921612344617,25.143921529048804,24.967073370454713,25.079162488615985,25.130342118083497
25.067665971924914,24.962937243620225,24.99486915624917,25.035841391047356,24.85124829182486,24.94473026663617,25.131175236124847,24.947665154831252,25.05790266823995,25.11247708361365
25.046036687771483,24.9384132485674,24.974663521255014,25.01517581366807,24.827872011462624,24.927779484792726,25.11352160212354,24.925331803031497,25.03470175668397,25.091296500143173
25.022534578608123,24.913254688940757,24.952448039813863,24.992881397417296,24.802870405702446,24.909441816818664,25.09191346135662,24.900976210409294,25.009971417195587,25.06650278157382
24.99666508345234,24.886496145132845,24.92824721164904,24.96816794858774,24.776589877925872,24.889081954437017,25.069450941072375,24.873406996903775,24.98358396844263,25.037016800191342
24.96856880899943,24.857058521584246,24.90135795935039,24.94110968898228,24.747977982923167,24.866783639384096,25.043343523364623,24.842787725572496,24.955569746535772,25.00538226935347
24.940284879313545,24.825437412325996,24.873706685856977,24.911603892293137,24.716685480007392,24.842600218635162,25.015175836607277,24.810544651474757,24.924902842645295,24.971832281643156
24.909631988505563,24.79117092439597,24.84398396761263,24.881611308363723,24.683356038895393,24.81614564380199,24.987070099006324,24.775688263754404,24.892670401090694,24.938087765578643
24.877549073521436,24.754229217257322,24.81189139365228,24.84973594815053,24.64573215194372,24.786954930735618,24.957758259794105,24.738397283297346,24.85702540544952,24.903557675999686
24.843461449778314,24.714681704035154,24.780194595534503,24.816684815229845,24.60728249223724,24.75925732791164,24.926838548176143,24.70104000141932,24.82090122341297,24.86767439191229
24.808200393977433,24.67293328426178,24.746713567028664,24.78162043484984,24.568385063911037,24.729344164741743,24.895049720124078,24.663293006792465,24.78459171210475,24.830789109298816
24.772574895058423,24.631085800113667,24.710938572677364,24.744713735558,24.528755766320277,24.69886620939281,24.860907751204408,24.625640207685482,24.74569339982309,24.79207340440956
24.739369890676315,24.588418079601674,24.67347367925026,24.705175632879104,24.487432369455618,24.6664120552842,24.825853844854556,24.584486554346675,24.70622022744399,24.75077795331391
24.7052622877343,24.546308175946876,24.63665188834667,24.664242753355374,24.445876218681065,24.632668948120045,24.78976081138611,24.541678388047643,24.664132048903397,24.70786134401851
24.671166099613124,24.50415047681031,24.598819396063863,24.622761907454628,24.402756097460973,24.596831834561623,24.751991669349852,24.496217539586283,24.62178269960036,24.662740583807818
24.636188943600658,24.461703155448255,24.561690391694565,24.581455529582136,24.358793480345746,24.56093874424913,24.713119113046474,24.45144506208818,24.578165954187558,24.618426229172346
24.598086627033922,24.416789215302963,24.524992284858197,24.53813213223207,24.313408838230657,24.524718054717432,24.674061564841967,24.407395705014835,24.535220807863325,24.575744630468208
24.562518688334478,24.369642485157314,24.487861527656285,24.495760979814946,24.267461377162935,24.48875285897586,24.634928135418143,24.364932341093382,24.491796877969914,24.533738173762192
24.52749613121526,24.321493238973243,24.450399516351908,24.45129168614883,24.221272325114484,24.452495036965413,24.595321313192798,24.323527542719553,24.44622899454935,24.49239985648715
24.49230993500191,24.272772287475576,24.413990894606155,24.407886347368574,24.175507286793206,24.41767085268821,24.55533185972916,24.283184684837078,24.400614278780445,24.450707371102872
24.453955775585708,24.224929254475608,24.378209987069134,24.365240289589778,24.13039765146621,24.383274142250237,24.516062788485193,24.243615484835107,24.354830720361598,24.408375162376352
24.414234326380097,24.179000189209145,24.34260758774022,24.323178428828925,24.08620772413329,24.348109268715508,24.476050804916877,24.204518718218203,24.308080781958168,24.364418033856225
24.37523083770399,24.13384208702523,24.306413014876014,24.281789954444463,24.042656830417943,24.310127553311084,24.43596772664369,24.165405967669304,24.262327322607828,24.320425642852005
24.338151016516317,24.08828935427682,24.271522771433396,24.24139495841242,23.99996615943582,24.273618551250685,24.396979353884465,24.127814835452984,24.21668165168059,24.276938118027513
24.30271630201238,24.042947585163926,24.23694554566593,24.198814272201723,23.956595604110007,24.236615523086265,24.359147589875036,24.093684347326814,24.171519467595502,24.23686032373519
24.26677156693822,23.997058981648006,24.202967920092423,24.1559730952078,23.914385522965645,24.199352294022418,24.321152914142502,24.057908284344762,24.12681084385956,24.19879252717876
24.230151593608632,23.950760228966047,24.169870449667062,24.11319531263652,23.873791021643566,24.162407542588195,24.284267786595542,24.0200554835414,24.081861436064102,24.16074332296666
24.19239062573964,23.903164849098154,24.13734557843368,24.070840841953164,23.832982345277568,24.13060167620393,24.24874718971183,23.98193328624515,24.03733525017102,24.1197094871766
24.157296822203328,23.85552421961762,24.106056636093733,24.03127773606893,23.7944193797728,24.09734101875843,24.214079221599043,23.944514663795253,23.992087653561633,24.078216528060267
24.122686593933103,23.80990145760942,24.074953416845442,23.992652104656212,23.755794563804287,24.066637594575543,24.178273038086374,23.91065921622648,23.948097322039487,24.035158248233905
24.090001627008085,23.7662790809612,24.044400733351928,23.956608298416846,23.716745039852643,24.03411497398399,24.14364547489495,23.876339418767806,23.903089422757297,23.994134408111112
24.057228999268897,23.721204026899798,24.012994292817567,23.91867822560791,23.6809298131743,24.002071136882815,24.108362077288103,23.84272848956584,23.859643404905437,23.957897421317526
24.02268106887801,23.677440248576826,23.98121297928416,23.881099316863228,23.646517739586436,23.96928644678575,24.072090574221967,23.808596927770893,23.817664803506055,23.922217548226314
23.988285550089486,23.636848477805046,23.948892623262278,23.842567106796096,23.61261205925574,23.936453226270615,24.036554816565513,23.77669914474044,23.775481241208194,23.886236296511413
23.956000413097385,23.595012083025857,23.917308963062418,23.804274109935704,23.577975045522912,23.90425242286801,24.002424178411623,23.745233797091835,23.735997723526687,23.850301137430485
23.924526580289964,23.554306499534533,23.886710947337555,23.769338097918965,23.54511144862865,23.871061400884443,23.967913270358537,23.71487237267672,23.69488392068249,23.81136474797831
23.89299722654436,23.513864388183286,23.85693974524905,23.73633690024547,23.51316120905256,23.839783393609807,23.93402982276939,23.6858971945783,23.6544955976441,23.771858179944306
23.86161480583762,23.474121604117112,23.828963415489618,23.705581456790924,23.48324955538219,23.809640780621564,23.899857704432343,23.651172584242175,23.615487078475525,23.734230424710525
23.829140422417584,23.433395064706186,23.800156610384224,23.674913758298608,23.456211735586848,23.777634150783417,23.865764683248155,23.615357866791868,23.57703784389503,23.698029952579752
23.796273917281148,23.393939812727602,23.770879838140825,23.641699627586895,23.426882222404608,23.74717471554325,23.831820889283843,23.583797981260357,23.5380185732833,23.66516566277373
23.762764243307238,23.35732102889583,23.743059076469816,23.609463480691367,23.39533747213103,23.71542414023626,23.798002156069103,23.55455353197446,23.498972061429157,23.632422017875008
23.73167375766377,23.321444369271774,23.71535354806199,23.576801522257135,23.364924629863157,23.685344224045657,23.765507330267912,23.52741549960934,23.46021161152163,23.598584786761194
23.70030639304251,23.287373104810612,23.68804419845841,23.543295191542526,23.334687957222545,23.65508076833048,23.73400217412819,23.499833196807224,23.42335225186811,23.56342486956802
23.670905404371542,23.255728520760528,23.6624645863672,23.511235173573123,23.30597467344446,23.625170775984834,23.70270397125216,23.47017031287157,23.387455835068778,23.529233781127918
23.64216886216987,23.22430017272432,23.6360257840752,23.482063665466807,23.277311946486897,23.596565495258616,23.671877272778378,23.43905462204257,23.35353518294901,23.492710751127042
23.61370256776074,23.195387188186714,23.609943846838753,23.454656077782193,23.248286353287963,23.56739590191955,23.642061989070562,23.407038972704676,23.319255320360426,23.458133681735106
23.585283446055985,23.16515192049996,23.58346318772938,23.42824836796865,23.22023891899603,23.53714659343721,23.612206361808106,23.37573945643296,23.284487618440842,23.424545642737105
23.555820883216057,23.134808413125096,23.558284256866237,23.398732679782704,23.19367570659601,23.507318993210053,23.58218879663069,23.347150335326745,23.246540558935756,23.391635600958196
23.528725677062088,23.104968949007613,23.534360616235865,23.36940868287336,23.16986809279877,23.478543856715774,23.552907249910856,23.320712878250358,23.210081957531546,23.360056800072083
23.5017965078659,23.078672306318133,23.509869809470523,23.34083004394287,23.145849418856024,23.452648831147197,23.523692667352098,23.29397136539483,23.177253869429123,23.331272695045225
23.476497222537944,23.05491015615374,23.486859182410228,23.314540527592694,23.121548968221973,23.42696192377337,23.49474481599117,23.26719672796516,23.145502713345003,23.302336940288466
23.450840184772993,23.03191187643843,23.461589847122852,23.28840623164501,23.095833392803613,23.400062925978414,23.4667682598496,23.238851391203145,23.114787173882334,23.274220217475946
23.42428350154136,23.006882976122757,23.436941894057618,23.261803318244926,23.069366692948215,23.373369234182956,23.439865427022085,23.210130288848916,23.083990197319494,23.246308623087874
23.398202420925376,22.9824155689954,23.411221242535184,23.236085057310948,23.04529615524128,23.346950895423664,23.41384980294268,23.184434575653142,23.054012023432545,23.218139144476936
23.372587312902816,22.956591966052237,23.38752881101272,23.21162285474603,23.02212854420364,23.320678183780363,23.387911442608118,23.15909360365406,23.02358152104693,23.18991051220484
23.34653282529828,22.931947365685616,23.36550734604898,23.188272481326134,22.99835244520513,23.294337915056808,23.362300303475273,23.135759598191804,22.99255756627959,23.161288037185592
23.321204182813545,22.908938395411518,23.343863018009756,23.165596021331233,22.97472740714488,23.268124222128538,23.33626926319863,23.11139226420107,22.96241017450161,23.134413023794803
23.298047482255555,22.88568978849996,23.32243567692761,23.14219598704423,22.95158404205892,23.242623506331682,23.31058259762709,23.086035954401595,22.932181745583165,23.107576548015736
23.275103539509786,22.861145716986098,23.30038722854716,23.119126034882044,22.92963782470418,23.216591317043992,23.283680562935626,23.059922345920462,22.901772548671133,23.082154188337732
23.252656327356576,22.837746895316307,23.277996912577223,23.09627186146318,22.90778164901363,23.190069424459278,23.257903822790176,23.034350339871796,22.872766344709152,23.05659467844352
23.228923193629583,22.815819640738013,23.256587697777434,23.07228218189151,22.884968934438493,23.16453675054911,23.233107042898897,23.010152079293086,22.845528027422834,23.03135247513644
23.20399554862234,22.7957662702853,23.234466046987265,23.048374987197214,22.8601499265499,23.14145877685375,23.20954118361454,22.987173870844813,22.819765054386295,23.007413120488735
23.179712412251487,22.77593255294873,23.212039171234395,23.02623540711788,22.836198456394303,23.118800152825344,23.18648641772962,22.964645247660307,22.792638229009302,22.983223328542604
23.155386739467446,22.759467906103794,23.19053191313913,23.006483376995853,22.813327050361785,23.09599591607259,23.163326863487672,22.943117595384255,22.767890201018652,22.95849368773121
23.133121399368612,22.742335277778295,23.169452519184826,22.986801792378863,22.79407869091967,23.071569231319515,23.139646244832164,22.920546503939473,22.742876794281983,22.933037394447307
23.111430441443133,22.72262835639716,23.148324354491045,22.96947029011344,22.775703347652865,23.04631701568518,23.1154227003659,22.898654143708285,22.718309820019364,22.908554230129177
23.088801867765817,22.701108350138412,23.12797486072141,22.95094432170378,22.757038365653457,23.022758120866737,23.090697203320552,22.87467928845038,22.695651392857844,22.883860202360594
23.065767208378386,22.678422687685867,23.107134839234675,22.93180708281483,22.736910158894688,22.9995103466524,23.067291910509375,22.85058043869661,22.67232373055681,22.86057617783303
23.044379312347807,22.656811733064735,23.08720829953103,22.913062014421513,22.71440999209001,22.977084280859287,23.04394838773328,22.82793991137426,22.64938755705408,22.837810040032842
23.023602649106728,22.638838132970257,23.0661501168423,22.89347226976924,22.69421966101276,22.955312127044888,23.02357878842851,22.807833494961397,22.624151607778956,22.81642611319032
23.005018205227895,22.62290451934611,23.04624640343811,22.874286611969875,22.67748372258511,22.933597700673452,23.002797261450606,22.786871999984903,22.600182137118946,22.795844102427637
22.98577918928521,22.607194298546773,23.027880790558633,22.855507330155792,22.660872353208067,22.9114642286335,22.981983748941147,22.7663794023126,22.577940282433428,22.774941485244334
22.96704692081515,22.59100099423719,23.01019975064419,22.83810768591765,22.644091943626393,22.890355615607287,22.96175856387965,22.745448731824027,22.555705730036657,22.754067544632214
22.947882011138475,22.57430442179794,22.99188732227931,22.82113536093903,22.62687593797006,22.868722507020284,22.940812190762273,22.725216950694474,22.534981304339546,22.73339698045209
22.92702744071256,22.558528429486785,22.97272728093195,22.804465391874416,22.608883834181157,22.84784061360241,22.9200889023653,22.704884050875705,22.51380298369906,22.71232131256508
22.90704871638556,22.5454322768447,22.95437672141024,22.7864654440842,22.591249942850993,22.826793933357273,22.90028505372048,22.68516582413481,22.49400383821831,22.691698220018438
22.886261491919004,22.53201194644324,22.93727131086278,22.7681032784205,22.572894029651223,22.80587627368243,22.881122685610514,22.66588520221292,22.473825234095717,22.671091835431973
22.867447617938232,22.517654477245195,22.920369894170047,22.750598864455746,22.555448290670785,22.785311708969957,22.86343694038365,22.64686933489675,22.45415063816685,22.650249258895975
22.850139736591206,22.501349539635235,22.90241080188077,22.733107275644514,22.538652386137812,22.765074910397608,22.845753068871378,22.627106324197023,22.43466106981128,22.630857906653155
22.832494210686825,22.484152345072165,22.884151926708434,22.71725226305638,22.522512107354796,22.745678456097696,22.82720490242002,22.60759899999879,22.41582944588705,22.61224157124433
22.814802098453594,22.469680823776503,22.86715759117877,22.700195632707395,22.508196787862822,22.725452681124423,22.80951647465828,22.589859656797834,22.39644285902122,22.594978393827617
22.797498730181353,22.4561264073921,22.851365204019555,22.684357303495297,22.493689616355628,22.705042144597236,22.79071650767507,22.571766502881147,22.37666092188576,22.57678739288783
22.780704918702618,22.443513112543137,22.83696929822778,22.669379023507197,22.478394213193283,22.685468167040995,22.771991612309222,22.55378439881074,22.35963984830044,22.558138504115604
22.763673434390515,22.431684688334144,22.82204049455194,22.655300242714027,22.462407562299145,22.66602539481309,22.754272938896012,22.535936812566323,22.34295817918818,22.539014938012244
22.749147499087808,22.42050356295508,22.805465975288165,22.641311239562405,22.44707705227183,22.647686910030842,22.736133000384918,22.519359515859847,22.326132224824278,22.5204211372369
22.73465408086604,22.407749722135488,22.789251774039727,22.6257545281308,22.431567446319605,22.62995611416267,22.71920384139465,22.501426225751636,22.309345067971847,22.50283764761271
22.718816284606245,22.393842071526787,22.774572103429005,22.60901863196007,22.41732422286773,22.611681445240265,22.703334082458472,22.484260460715394,22.291633863736457,22.485891147801603
22.702514850469573,22.381148216134797,22.761318173171297,22.593291188958222,22.40410245974075,22.594258116369105,22.68833704230029,22.46739706105714,22.273822300710634,22.468431227392877
22.685631082240583,22.370121486730454,22.747406863418483,22.58029508498258,22.391970715906865,22.576887970357937,22.673217924830006,22.450074917538206,22.255126394333914,22.45096583625374
22.66923187458117,22.358937393302636,22.732732480129997,22.56856836300644,22.380781496018436,22.56026449581654,22.658387272248536,22.435250746799007,22.24030420961842,22.433988111793703
22.653585956087888,22.347244902175333,22.717472145685225,22.55594838838683,22.368255639992995,22.543718351689535,22.64262757771778,22.419177047987915,22.226612811988517,22.417143175588453
22.640328291636834,22.334141085889975,22.702890974542736,22.542699567514838,22.355373252215102,22.526532279819552,22.625569633435177,22.403159454748586,22.21324122020487,22.401155677488845
22.627113344687466,22.320721472523324,22.68971576206736,22.52718629243777,22.34215130145273,22.50975474717591,22.60923644192079,22.38756187888605,22.19907483168599,22.38546415720471
22.61458502535102,22.309175343701256,22.67688743000264,22.512070298352267,22.328399398650724,22.493667865379408,22.595143819706497,22.37182079652134,22.18295435610413,22.36866612481778
22.600988187114055,22.298886416648575,22.664528352181975,22.499699482971465,22.315246427008873,22.477862261447044,22.583023315969086,22.356236155651906,22.167236064879074,22.35121526467961
22.58626470413151,22.28849852117768,22.6518481429239,22.488904400009396,22.30419735077382,22.463157777510116,22.5698383644798,22.341945184748496,22.150761150674192,22.33445279154361
22.571671657673473,22.279299916633953,22.63922998231572,22.47787356657492,22.29413137514139,22.44893288580311,22.555406976404626,22.326411843637345,22.135706197002186,22.318092211798405
22.558649177162934,22.269766299922303,22.62631865860293,22.465228012831084,22.28375930981549,22.434265128676284,22.540213882356998,22.311179276091554,22.121891893051743,22.303155914560794
22.54721707515983,22.26004064429292,22.614531386779795,22.451755012666354,22.271878738295964,22.41834900790069,22.526290032114318,22.29694336761305,22.109976418770696,22.289653437986317
22.535964586947582,22.24970964487373,22.602647053253364,22.43821673507805,22.260422166400144,22.402846145343354,22.513101914239712,22.283522404956106,22.098561609149602,22.27631949034614
22.524142791657713,22.239519820418874,22.59134569955636,22.425112581051806,22.250621741390702,22.38873711559334,22.50012848832909,22.270786800189946,22.08626782659078,22.26242528623387
22.511823223791154,22.229206514224696,22.579958671997108,22.413716721028038,22.241256042166142,22.37618368134128,22.487868240972865,22.25775321347788,22.074045272457866,22.247785420428055
22.49866179247102,22.218364311974952,22.56866072873705,22.404371808597062,22.232409582005786,22.363149528757745,22.476127871189266,22.243620083555907,22.06233118942834,22.233070451184794
22.4871454535351,22.208275997222387,22.55812114670849,22.395725308973283,22.222427689025817,22.349717102295905,22.46498946563209,22.22965365992383,22.04970982176288,22.21868374699418
22.476648116817607,22.199078612925383,22.546523035406956,22.385212101204065,22.21123727642249,22.337050806467566,22.454593821466176,22.215054426901148,22.037417085377538,22.20448813897321
22.466065817003475,22.190400240678393,22.53627382860452,22.37413137443832,22.201816221085622,22.323737735517323,22.44327713467795,22.201858592012897,22.025954252569527,22.190475632749997
22.454917809017125,22.181709421032863,22.52635258097722,22.36221539803441,22.19263730772631,22.31109858843737,22.43267448059935,22.188654298115416,22.016091154085714,22.17708268494016
22.44361105862774,22.173422909516795,22.51699547380019,22.350727527845603,22.183286735894114,22.298240700583406,22.421661246176797,22.17651772830974,22.00750869370266,22.163495524841522
22.431930276334437,22.164332749012637,22.507860653105084,22.340516821817225,22.173241757560127,22.28557512406936,22.41166727113523,22.16559449783872,21.99734183202831,22.150951081176192
22.42211252769758,22.156286388469116,22.498193992371625,22.330514369175056,22.16489929006483,22.273755956226818,22.402573273340465,22.153782411699442,21.985518859950595,22.138015634913636
22.413747249512525,22.148093244782544,22.488832397221895,22.320821287883366,22.15808061572282,22.262488696980462,22.393006526592565,22.14137678962954,21.974550659170625,22.125925213088884
22.40487688301404,22.140946511684433,22.479391389000575,22.310811982448918,22.150442329368882,22.251358536335,22.383767795509545,22.12959820624757,21.964887487103432,22.113749332168283
22.396168437940943,22.132997944903288,22.4714606990812,22.301635730445444,22.141779291409847,22.24043586306344,22.374110203341203,22.118672835747482,21.95560439783966,22.10139680861131
22.38726429886908,22.12397733167951,22.46354586271098,22.292655321981627,22.133645671821785,22.22945839399721,22.36489654812771,22.10736355494866,21.946323181730627,22.087881646715395
22.377335368002278,22.11483756677305,22.455100359441495,22.28302938898437,22.126051471519062,22.217539244486424,22.356557073274903,22.097315111831715,21.937143226456325,22.07506372786976
22.367994532285223,22.105280163775106,22.447064495561612,22.272328953457624,22.11969519221506,22.20660732577422,22.348014144207067,22.086335264832066,21.92751249522911,22.06345979208615
22.358583597910695,22.097382251963907,22.439368799142265,22.262591073536356,22.112745151783578,22.196612433029003,22.338270460131806,22.075840711764645,21.919147484436618,22.05188207919771
22.35008336259291,22.090909181648893,22.43155446282705,22.254499492918264,22.10503263109585,22.187146942062302,22.32909842531868,22.065582734356056,21.911262633741238,22.040840971720137
22.341343298630942,22.084143090600175,22.423359252945932,22.247238860462247,22.097321823188793,22.17652144332218,22.321286890847738,22.05504584754854,21.902058054362644,22.02918583248867
22.33335879889113,22.077302715390662,22.41526659116323,22.240068824793994,22.090374161728686,22.16623832399894,22.31457427903511,22.04491540851118,21.891701889029008,22.01648954825348
22.325008914595713,22.069585061563938,22.407622416223106,22.232321662773625,22.08502600449112,22.156273725219073,22.307621630744737,22.03581666215458,21.882223346748475,22.00454288548903
22.31781700361244,22.062147233006538,22.400621460167798,22.223800856168566,22.078807213857363,22.14684995333656,22.299933400695025,22.025532007352176,21.873576733860396,21.9941517976157
22.3108299132687,22.054831794534717,22.395105937868465,22.21628305441869,22.07122235406264,22.137331771175468,22.291874741047558,22.01541297056892,21.86667010698336,21.984010130151532
22.30380028655763,22.04810631170477,22.389152908987924,22.209382123948206,22.064263679375355,22.12919179378586,22.28320435627317,22.00600870073262,21.86119426140948,21.975010814325966
22.29657127866465,22.040904968584275,22.38324173437524,22.201618105366787,22.058300321248478,22.120977678647726,22.27524336982232,21.996674259962475,21.854978500965046,21.965429174959958
22.289420384076113,22.033814111172344,22.376221895474046,22.19249886254605,22.053584900940713,22.112119769912923,22.269146373485214,21.987873757355352,21.847768840857036,21.955217452140417
22.282920361095776,22.027585743858996,22.36837731424596,22.184511710383674,22.049272471167516,22.10365495165223,22.26420598651806,21.979337310983542,21.83960050163643,21.94487658636348
22.275680543706045,22.020901902320354,22.362029779232422,22.17798930443646,22.044109107161614,22.09555976631719,22.25740837826514,21.970460057490094,21.83289748350552,21.934551708766833
22.269326778360366,22.015284364994912,22.35581571177919,22.172415413967208,22.039207965677733,22.086049056928875,22.25020322293033,21.96164467148282,21.826919467777735,21.923910804647697
22.2630471765855,22.008711070087053,22.350253397542133,22.16520199491038,22.03466439036966,22.07716356372606,22.24254883193815,21.95327694162048,21.821260429212256,21.91317650743347
22.257688740206824,22.00203903425453,22.34499797535101,22.15715169561924,22.029491317932035,22.068278617120356,22.234394646454913,21.945855911026054,21.81495841172234,21.903512535810368
22.252325808384548,21.996566973380407,22.338840713255582,22.149031869989066,22.023754593319072,22.060346715138373,22.227275907790375,21.93771107940683,21.808453658156843,21.894968952782186
22.246688663683734,21.990944995368913,22.333364896700488,22.1437724438122,22.01794992703208,22.053036399266027,22.221262939887055,21.929126998266444,21.8026967253163,21.887189004169766
22.240129931555593,21.985493130262906,22.328246173734748,22.138429562388836,22.01415403449601,22.045657201897836,22.216020539645307,21.920449965217507,21.79738657599893,21.87864318623587
22.233460373896783,21.979809890017247,22.323494252491535,22.131815312455053,22.00981667518178,22.038026258697418,22.210681601143207,21.913688956960847,21.790607568258636,21.869568049976102
22.228006485919906,21.974404178729014,22.3182681009888,22.12364841435555,22.006215996861332,22.03127328978762,22.204568141950386,21.90788207872465,21.782853825559194,21.86029256302186
22.222842799558876,21.969212492171906,22.312996466421637,22.116776142407268,22.00319944318168,22.023968210770185,22.19742558742385,21.899967074838198,21.776337715766378,21.851348784138818
22.21710100647355,21.96304879967151,22.307593531246543,22.111620698645336,22.000426731914718,22.016832067924565,22.191096644017023,21.891163935218884,21.771104928198547,21.84276506684207
22.211198097431737,21.95664015411767,22.303389999251152,22.106364490559933,21.996012662380764,22.009988723845872,22.184794691645923,21.883489417589317,21.7664890584794,21.834108749138906
22.206603556609664,21.95061940151367,22.299301194671646,22.10063929535677,21.991914511535175,22.002772234528777,22.178468399685546,21.876596549863624,21.761863070006257,21.82475557792604
22.202263143027427,21.94550977288946,22.294276386047546,22.093943417995725,21.988720331056196,21.995457274158497,22.17308765130509,21.86961131094787,21.757068459059262,21.816068032915613
22.198080284571375,21.941597065025146,22.290154473951844,22.088301088728656,21.98567406404134,21.98904084632405,22.167568437552685,21.863082308999346,21.750610879490402,21.808206270884455
22.19400734419251,21.93792755287353,22.287280905370565,22.08384361811266,21.982612102581047,21.98329409605932,22.16138493029032,21.85677240123607,21.74521344581961,21.80069274802098
22.190033587095776,21.93264317484912,22.28384164125832,22.07946607655668,21.979332164358322,21.97766980183761,22.155655533800385,21.85072315575642,21.740627477144614,21.793553128336015
22.184973223648147,21.927563684931574,22.2791223364564,22.07464490548061,21.976270831384433,21.971660272637035,22.150333846109348,21.844294497961222,21.736638299499177,21.786670811361407
22.18055004465728,21.92307001121715,22.273984589731768,22.069121413449242,21.974096250507568,21.964712543235024,22.145365020768708,21.837359112195692,21.732252910944403,21.779166222538752
22.177047109943928,21.91956589392774,22.26884117032676,22.063313297926882,21.972095891094938,21.95854068910485,22.140655365676576,21.82961087201205,21.727096682349515,21.771956869437936
22.173730869377252,21.916234746202953,22.264997027343824,22.058674487814255,21.970956637437148,21.952322143205375,22.135445960547983,21.822655022541618,21.721462578483166,21.76471209285195
22.16976279506373,21.911984917088297,22.261204818593143,22.05370316869157,21.96950551212367,21.946031070514827,22.13103579137236,21.816864420606116,21.717003000331097,21.75772337355411
22.165401335827756,21.906425249729207,22.257004654799847,22.04859431390045,21.9688499357829,21.940959965747425,22.12573814647493,21.812126628504934,21.713158519299547,21.750328370437195
22.160964260667185,21.900627629473032,22.2521250702493,22.04337647525002,21.966182866217252,21.935121642926546,22.120199553484454,21.806225533881374,21.709700214882815,21.742839599665032
22.15737212087536,21.896755925563735,22.24887772987951,22.039406563247145,21.962446086449063,21.929163052059394,22.11552174573676,21.800060739167467,21.704625926392552,21.735953187618446
22.154317337896465,21.894004631746455,22.246106823142362,22.03626982447263,21.959101646820642,21.924267790281004,22.111272229436576,21.795381850931225,21.699695118958218,21.72969328919198
22.150543340178174,21.891448792968774,22.243361410414305,22.031858073157153,21.957993991866903,21.919233409710124,22.107567315445102,21.790377832537185,21.695401027052913,21.724065332463823
22.146646184511447,21.888116939952017,22.239618011947442,22.026430700646394,21.957803764121376,21.913434533839002,22.103166914332615,21.785578859741733,21.69107923983787,21.718382215428523
22.143063344591308,21.883754205368,22.235760792300944,22.022742933097952,21.956843600872293,21.90749563351123,22.09845346296774,21.780120981117758,21.687373512845703,21.712223853362236
22.140096956837162,21.880088364575375,22.232073602009727,22.019571501709706,21.95538501263133,21.902006777226518,22.093393533952348,21.77465792643096,21.68384948971454,21.70586941426634
22.138218523057915,21.877254217414798,22.22971082657179,22.014947770817237,21.95450375404277,21.897505147204022,22.088258561865874,21.769159444652317,21.68039607198277,21.699481003214306
22.135506947586304,21.87471963231382,22.22796011126675,22.010373509647273,21.953150004408187,21.892780599792,22.083922392178064,21.763754038509177,21.677109328021402,21.693676467971766
22.132862975372404,21.871797446156698,22.225910735699607,22.00633977329668,21.951154997303117,21.8878263823068,22.08040011368553,21.758403473679905,21.673404761857064,21.687990487402338
22.129130836457666,21.86873207528248,22.223051517082272,22.00346696190143,21.94765467541838,21.88250326675452,22.077012605657373,21.75459835566808,21.66956832940315,21.682703591952265
22.125458615768324,21.865240634281587,22.219683784672377,22.000703092928653,21.945032634100293,21.87759773979371,22.073215571881928,21.752229231242666,21.666827008083857,21.677251720999884
22.122410079833887,21.862233724182303,22.21649770168943,21.99726940844656,21.94467940258903,21.873491633247415,22.069223891519858,21.748995938334154,21.664216149388473,21.671571473026813
22.119691880604716,21.859869370753163,22.213885960259013,21.993226342091372,21.945329805619792,21.869376348455457,22.06499818722524,21.744082484289102,21.662187775428432,21.666924318409553
22.117220772840447,21.857574918522104,22.211379426589023,21.988851690208698,21.945065703191187,21.865854299007506,22.060867976799074,21.738257234282777,21.659734776590483,21.662242203164915
22.114568815241054,21.855453675086352,22.209192792833935,21.98588109479548,21.94471937275044,21.862540003977458,22.056894160007985,21.73384714708979,21.657288959645165,21.657040075526233
22.11221755717642,21.854566770368322,22.20681818600386,21.98332322712318,21.943556375786464,21.857672174381285,22.053202403011724,21.7304910455082,21.654278729313482,21.651753441583033
22.110306839074234,21.854305988566747,22.20448923192532,21.980390631836293,21.94233557737844,21.852884239437618,22.049446693596867,21.728374204631823,21.650481806545677,21.646883146866717
22.109120077184528,21.852982366890576,22.20279725176465,21.976062434210032,21.940949486637173,21.848501540325913,22.04618691495764,21.724933913856916,21.646247722792545,21.642250356473355
22.107973150943387,21.850800109592903,22.20128343345442,21.974278471657826,21.939910817475937,21.84504444677966,22.042882900283974,21.720796580978874,21.64294306387767,21.637133787754497
22.105742221274678,21.84912077709502,22.199389394773377,21.9731729807557,21.939655352054697,21.84308724597852,22.03894399926623,21.71667310597624,21.64033909926747,21.63244315491989
22.103575047998714,21.847696040772764,22.197540891614878,21.970069856586512,21.939250930755495,21.840973406416204,22.03523382548621,21.712041803189766,21.638388339304854,21.628580659861683
22.101272580414495,21.84726022569736,22.19555357176825,21.96626323443432,21.939388314461095,21.83777701323027,22.032341867827668,21.70907182723581,21.635894361418146,21.625143954404592
22.09966686232478,21.847279158980264,22.193353963957108,21.964054975385224,21.938731240570384,21.834658310308885,22.028633432394717,21.70570927519398,21.633737308652808,21.6210038393156
22.09793252350184,21.84618577484641,22.19165750676996,21.962187783883206,21.938273053771717,21.831604591475518,22.025511287028536,21.702246237251362,21.632043689545576,21.61646359595238
22.095970958216185,21.844461609950983,22.189807097171336,21.960221167175177,21.93759467937369,21.828194719618892,22.022551551900907,21.699023434767113,21.629662623850923,21.612119492376763
22.094701034524824,21.843436599855227,22.188618111794337,21.957777160181177,21.937826411791267,21.826168860140626,22.019462830526983,21.69657369477371,21.627058474936092,21.607939659024197
22.093952556892514,21.843641649326514,22.187065315270704,21.955994211423736,21.938172882253593,21.825168601973527,22.015851768293228,21.693797466489734,21.62421649166657,21.603884804807862
22.092924681107608,21.844129768237465,22.185399355508185,21.95372831154519,21.93820029707676,21.823647760953996,22.012985032547128,21.691091386692133,21.622109381653303,21.600419688216483
22.091583569991112,21.844714807349117,22.184238794014103,21.951136359376004,21.93890260280588,21.820309157661892,22.01106436843689,21.688192391825773,21.619700890410208,21.5973535422696
22.089727727774125,21.84468501412193,22.183404292974505,21.94895460010173,21.938569888037676,21.816983325826588,22.009117651854964,21.684383270693655,21.618187049975642,21.594786977803043
22.087766489939064,21.844009056672856,22.182567767616092,21.947077667946246,21.937819876165978,21.81425569596541,22.00658652722302,21.68091256458165,21.616356309719556,21.591472462781592
22.086427494288458,21.84374236731719,22.18112713772351,21.945729765598237,21.937824168212565,21.813171039518426,22.004003798643677,21.679050641119993,21.614643711130714,21.58758829809402
22.086003315927787,21.843036466497633,22.179179907995792,21.943915323931506,21.937739697941453,21.811761753956823,22.001087970402736,21.677542234265733,21.612576853592532,21.58398344099855
22.086011104260802,21.84211714166385,22.17786617694406,21.942454061550812,21.938039701760303,21.81061326916258,21.99850461335405,21.675735015032352,21.610766860923366,21.580560214513255
22.08555049292517,21.841365001973834,22.17727362808827,21.94065259308369,21.93853152950339,21.80967665587489,21.995896663096207,21.67300582163581,21.609293501577874,21.57741214808276
22.084036579779784,21.84063517490837,22.17741987486615,21.938645800286416,21.938700983453963,21.80777196014359,21.99351373876481,21.6701820695282,21.608313571803723,21.575098446197096
22.082298944760545,21.84086751541948,22.176943962144605,21.93639727420532,21.93872581088501,21.80528990679475,21.990618879097596,21.66750523594732,21.607611139731567,21.572703169237748
22.080724435072668,21.84227330413224,22.176126744748398,21.93597628520118,21.939402660146868,21.803673252101895,21.988424363850182,21.665514097164944,21.60624518333922,21.56913464834505
22.079690740108674,21.84397315257715,22.175636724097178,21.935893121374114,21.94060828820564,21.80187934418104,21.98648831050329,21.66456619052253,21.604570765480222,21.56472731753297
22.07943842473067,21.84482427669479,22.1748409836006,21.933956909989128,21.941510929719925,21.80136745560496,21.984787445011897,21.66208170400704,21.603567841447383,21.561508994958857
22.079757441912665,21.845099063983984,22.173874460056055,21.932357315299278,21.941221669408595,21.800916337126438,21.982729068549922,21.65959110518322,21.60223598001151,21.55961039671628
22.080359662464385,21.845610923408945,22.173301173779567,21.931767682432287,21.941319761620953,21.799360072777674,21.98045229935673,21.65810704488612,21.60028087497043,21.557668216657415
22.080100539421252,21.84619842525464,22.173159065596877,21.930457099911873,21.942228482798694,21.797895251657614,21.97897363644026,21.657449723086724,21.59793048484029,21.555135787336347
22.079400439723855,21.846579394211183,22.173493110101425,21.928754080755816,21.94295528756765,21.79653607866667,21.97794888553343,21.655618004909734,21.595727194792467,21.55394453368978
22.078335178393544,21.847022702380833,22.173533474326298,21.92792487952382,21.94277747872173,21.79595710531381,21.97609091713417,21.653722113937835,21.594581391933744,21.55288715625329
22.07692443491702,21.847741983252046,22.172915306503217,21.928658754629847,21.94292936537814,21.795688462311137,21.973597651281935,21.65167616586663,21.59433442815313,21.550049030647408
22.076131683587747,21.849415386976272,22.172323254471415,21.92810631002748,21.94423909932309,21.79428421834947,21.97135303155196,21.649577644954363,21.593987908935954,21.546265852088244
22.075984231412733,21.85073367289369,22.172541352260964,21.926101817383806,21.94547911178923,21.79284435405767,21.969912781160758,21.6479914287078,21.59256773646627,21.544453233042372
22.07662884275997,21.851120636842758,22.172833576870786,21.924769874281182,21.946142617566245,21.791437919882508,21.968968333119467,21.646701962122986,21.590615040041147,21.543675591671363
22.07811065135344,21.851573812408247,22.172249181619215,21.92461847977638,21.94656692733702,21.789861120049405,21.96785476459819,21.64587942174288,21.587972528613676,21.541531944841104
22.07836575917737,21.85326188398943,22.17114310117278,21.924962304111308,21.946630653859636,21.78917563613144,21.966359511211394,21.644869832909173,21.586276915828698,21.539067396358497
22.077674913079676,21.855858555690283,22.170662566882893,21.923893973178387,21.947494663068895,21.78851010315141,21.96463428707439,21.643486974291633,21.586311803291398,21.537228547066455
22.076505271571754,21.857710936180567,22.171074941889795,21.923295610434796,21.948616258270995,21.788524546038364,21.96255095907916,21.642980298586497,21.58666312489941,21.535233324002668
22.075457050433606,21.858066610361398,22.17209146517216,21.92290927125608,21.950210168948946,21.789257715294923,21.961231360174978,21.642082691154346,21.586105226584074,21.533190127262422
22.075304180123297,21.858145768636234,22.17196840345073,21.922350589609945,21.950761008409128,21.789250137273974,21.960483665362478,21.64166941710964,21.584959497680526,21.532100569313798
22.075765755257088,21.859533780322813,22.17182242254447,21.920967780457396,21.951251767548445,21.787328336891832,21.95943727010888,21.641143341508837,21.584131250259,21.53200393481668
22.07611620721755,21.861557232696782,22.172009034847665,21.920228878668752,21.95329030084853,21.784935456738623,21.958505205433703,21.640341157898728,21.583062773670676,21.531526710959973
22.076560696379254,21.86330677801775,22.17208420204497,21.920653016746957,21.954632778286523,21.784093088416647,21.95666554839017,21.63954476637237,21.58196013025301,21.53005274298112
22.07642800940657,21.864915875445426,22.17195302231074,21.921591126701315,21.95470545361227,21.784807271677778,21.955468782834714,21.63843016029699,21.581196921214598,21.52862038374844
22.075925691938316,21.86602016921196,22.1720764114634,21.92137326308073,21.954578105745078,21.78543424093638,21.954235337232117,21.6374134960129,21.580538694183833,21.52756083696041
22.076171518979617,21.868329958768562,22.172712547097323,21.920724013406193,21.95507952015833,21.785286991613614,21.952995127243902,21.63625698802402,21.580260462892007,21.527696074389585
22.07657114841283,21.87020442077059,22.174045429628695,21.920708429351656,21.955855160292906,21.784827728305167,21.95166711556149,21.635424744602958,21.58047313350799,21.526720580161548
22.077652445539687,21.871942232169236,22.175538220332353,21.920511693165828,21.956952137522233,21.784004780145693,21.9504261009248,21.635176928728686,21.580271436786774,21.52521430642759
22.079116788182695,21.873222145288928,22.176556455357552,21.920439700999673,21.958920082202063,21.783580055025343,21.949691927653475,21.635183842478515,21.579249094282854,21.524935864191402
22.080009870231486,21.87473098533026,22.176771261602497,21.920867051678492,21.960061614978777,21.784779424122416,21.949317434488375,21.635450172421958,21.57812586608918,21.525177644259195
22.08061397552063,21.876965183267085,22.176904648438786,21.922041228908537,21.961307287623526,21.78640976743681,21.948006508008874,21.635193762766228,21.577871934651114,21.52394341696678
22.080613119803306,21.879203807525283,22.177578625557516,21.922828281806833,21.962946760661822,21.7867237845944,21.94635862869586,21.634280117142858,21.578406016040006,21.522564264406945
22.080443880473098,21.880555044635074,22.178241990998618,21.92320184776776,21.96462075899589,21.786444769838226,21.94568996498066,21.633436960190636,21.57853361093459,21.52225678547284
22.0810629552042,21.88177794463249,22.179689267256705,21.923804310946345,21.964542958100566,21.786510747452844,21.945579800978294,21.633469070333796,21.578658664517896,21.522272824321618
22.081848157535227,21.883679718503025,22.181200432881862,21.924333435483433,21.96411982666307,21.78698518004154,21.945137560002475,21.633646268261945,21.57872699151724,21.522385118668005
22.08269142766853,21.886522199552992,22.182560421135463,21.924140862934017,21.96512567256277,21.787230254865698,21.944046545517686,21.633731676308802,21.578865648653892,21.521847664125833
22.082793586995834,21.88987722832539,22.18344318549214,21.92494984620506,21.966971793793025,21.787626044139643,21.943324182676506,21.632744321386532,21.579473969937002,21.520971723187202
22.083222250167786,21.89205664550191,22.184058770161556,21.926357131929485,21.96880579521749,21.787862568512733,21.943246880552042,21.63302906001689,21.57979803473637,21.520789204633445
22.08390261850252,21.893559013248076,22.184604372128366,21.926831446345233,21.969654818002194,21.788579837489767,21.94373997042608,21.633181896633765,21.579732824736592,21.52143656024817
22.08500418843775,21.894895823037,22.185115546118173,21.927291745108896,21.96966791128686,21.789855629084496,21.943219250352204,21.632998809402928,21.579380558282033,21.521679794052577
22.086599810007517,21.897207787613382,22.186616435512217,21.92891125497272,21.970231345365487,21.791266252672926,21.941920018401518,21.63274632495554,21.57930482105612,21.521759862753633
22.0881054860916,21.89986467045771,22.188544342132516,21.929766226771775,21.972009288904488,21.79222085318549,21.94041301489994,21.633282236455816,21.579200163448924,21.52178871208184
22.08893546442455,21.9020770163501,22.19094058985311,21.929724654578443,21.974849765485747,21.792977754377088,21.93985103134191,21.633552006211055,21.57920933148433,21.521767842816356
22.089245630285077,21.90395799706574,22.193092235311713,21.930836974950665,21.97706527950167,21.793434523162738,21.94002197850205,21.633762278276166,21.579632479855295,21.52151414220512
22.08964753506531,21.90604624378443,22.19381549710237,21.933177997381236,21.977703389442485,21.795352882698534,21.940081523535262,21.63422121665502,21.580460147371568,21.521224480290776
22.090715355168932,21.907983086689264,22.194692921866213,21.93484137753289,21.97781221290228,21.796874353892104,21.939976642867038,21.634684028786786,21.580974868532067,21.522042390071686
22.0921379156653,21.910066607619743,22.195966060455756,21.9348482040307,21.979110416844485,21.79849173495651,21.940254844935577,21.635827173809,21.581120238622034,21.522550052772182
22.093862481815467,21.912569945929206,22.197441728946554,21.93520385755305,21.98105344816653,21.799771534982703,21.9399021050442,21.63610188640497,21.581114746571085,21.522379464770225
22.094947503655092,21.91602152239917,22.199162738120158,21.93628413763947,21.982886757351743,21.80135089307641,21.939439928789106,21.636246427787142,21.581199004683654,21.522019243453716
22.095825727541957,21.918818359522668,22.200790888321094,21.937647264046166,21.984091442415682,21.80293240545883,21.938701124979197,21.636826323352686,21.581566031480627,21.522539117647877
22.097098494536933,21.921393157588348,22.202564154450137,21.93836285057651,21.98608540068687,21.80370592426221,21.938954086393,21.637605702293328,21.58197122019972,21.52254710280751
22.09860394608189,21.923229852762397,22.203951974412984,21.939336089203483,21.987889674599536,21.80485062909017,21.939524932577655,21.638313239436805,21.582187815699356,21.52231476477164
22.09954453265191,21.924711299833675,22.20574742531333,21.941677885994643,21.98928971339791,21.80612855315861,21.940041377142812,21.638344195304057,21.5821815741868,21.523441001475902
22.10044343490271,21.926984674929876,22.207891166120625,21.943205758819072,21.99035014783469,21.807964358974136,21.939391856910667,21.638655551416676,21.582498031251397,21.524816074378087
22.101299784580366,21.93015128504275,22.210456024499603,21.94409338658656,21.991834099812785,21.80972669250452,21.939206741602252,21.639128788882704,21.583174961891338,21.525002773683553
22.10250895743643,21.933612244519516,22.212701543015744,21.94562900735969,21.993514211067236,21.811590895745873,21.939469040147937,21.639842408142943,21.583849034505622,21.52489085862139
22.104332281715067,21.93656058949259,22.21445123585609,21.948250824502225,21.995422872055073,21.813520787599238,21.93976508065527,21.64075525287977,21.584735039900988,21.525645959189944
22.106038118829222,21.93901833809635,22.21641493810139,21.95068648059017,21.997096244025002,21.815882159711993,21.939950231064863,21.641374917476593,21.585283195552826,21.52710387591825
22.107570606068045,21.94133499389899,22.218641613964188,21.95154894785911,21.998920176587053,21.817838819122947,21.939589104665806,21.642506723637958,21.586341299627094,21.527749530683934
22.108882187967787,21.943948329219786,22.220998033662465,21.952795452501395,22.00048756211775,21.819206224482286,21.93927597495392,21.643286468334555,21.586923723291584,21.527966373036893
22.110044358632432,21.94718751206819,22.223178223702682,21.954699383844197,22.001929075377184,21.82143112564169,21.93959994888864,21.64391329136418,21.587404695442395,21.52809302987292
22.11152158235564,21.95047045413002,22.225163178387483,21.95611004228241,22.00330518955925,21.82373058433718,21.940189100656387,21.64409778118896,21.588188163365064,21.52902442383947
22.113073598227366,21.952539126125433,22.226955786088173,21.956931235697027,22.005145099200835,21.82534553288773,21.940781384615775,21.644967664171727,21.588992104856057,21.529826194325818
22.114569890008696,21.954773905387214,22.229397758544792,21.959241281352895,22.00729364345606,21.826893159856702,21.94113064516463,21.64664440749094,21.589387724992527,21.530685693337066
22.11621931362311,21.957322888331525,22.23236043271772,21.961940039249154,22.00914509147657,21.829075363872636,21.941669046288258,21.647795251807832,21.590197761497954,21.531597950659595
22.11808915740314,21.959958995765348,22.23548372388013,21.962912738805237,22.011236792411285,21.831783716606097,21.941995363032714,21.648641654184246,21.591159093510708,21.5323574885551
22.119500616161552,21.96239036640419,22.238332979733183,21.963709919486014,22.013419457612148,21.83549682230926,21.942582607985102,21.650072070248477,21.59232045639009,21.53267059045533
22.12069580962528,21.965013809839053,22.240882096745935,21.965808590446937,22.016021211662675,21.837169240938678,21.942809638191754,21.651358816996385,21.59334368851859,21.533238075080643
22.122279505680666,21.968346484830406,22.242949733500424,21.96821103714774,22.017920751116954,21.837925409375202,21.94320516074779,21.65233682104915,21.594044706333474,21.534635846399684
22.124597305680705,21.971647957457115,22.245243396069032,21.969981053485252,22.01954043041451,21.83908551045899,21.943756993713862,21.653457484049664,21.594736347165686,21.5357183765739
22.12725068510901,21.974759857147387,22.247667659927405,21.970975519390507,22.021133948757186,21.841123143549837,21.944857017642654,21.65541733876351,21.595460563346954,21.536925277402883
22.129995663128426,21.978181377168546,22.249998755130555,21.972897633447744,22.023305880973176,21.84337728026394,21.945250355432417,21.65657283223262,21.596786403585718,21.538471413725965
22.13217228004173,21.981433001062108,22.252898494369315,21.975441518168065,22.025981560718492,21.846217050767596,21.94569421855381,21.65774599479098,21.598036037622972,21.54007134149696
22.13414061672671,21.983500601475804,22.256348607726444,21.97668886103365,22.028749753801073,21.84828147742069,21.946745234102423,21.658684702796943,21.598723365192832,21.542444342106467
22.135776410507304,21.985556562716763,22.25903389226961,21.977028320037032,22.030942357504905,21.85000947640516,21.94793902221253,21.659549189702936,21.5996019482275,21.54407931415825
22.137548413561944,21.988195177131548,22.26088527427441,21.978522357738342,22.0329171697897,21.852160304011072,21.94905572482781,21.661361747351016,21.600185013093597,21.54555457371996
22.139219083585782,21.991710323462186,22.263214218418007,21.98138443764148,22.034939112758476,21.854827475508873,21.949960300729742,21.662133428919113,21.60106526644469,21.547380293530004
22.14113017765373,21.995342590288722,22.26663946692851,21.984461126847783,22.037103603471337,21.857576967142233,21.950247785922326,21.662952497943984,21.60252876102636,21.549419959011274
22.142875856293255,21.998724507646838,22.270414185680856,21.98615538304432,22.039620545382736,21.860018939939504,21.950638697653716,21.665217379268324,21.604162263929126,21.551049262821312
22.144879176855845,22.001520382858402,22.273261994861198,21.987291275594952,22.042582549912694,21.862445505266784,21.95155995302546,21.666677364321995,21.60599851302811,21.552559495264273
22.14666484052508,22.004147039326355,22.275786606989655,21.989330297668317,22.04453411959335,21.865565849294086,21.952657808038754,21.66706387888834,21.6074668896129,21.554836071358725
22.14942224310537,22.007012575308387,22.278661171384368,21.992157475931563,22.046044768707205,21.86827975064419,21.95353245245018,21.668277969390395,21.60829967779329,21.55680484054033
22.152068267554384,22.01023305064068,22.28163902369488,21.994795690011976,22.04818451910927,21.870715818783857,21.954359000027456,21.670265423835822,21.608803289861843,21.55812538721578
22.15461616923035,22.01320919290069,22.284575978853375,21.996184432083258,22.050723045762346,21.872920181511493,21.955070110735633,21.67133358173379,21.60955479176782,21.560380384168827
22.156584168242812,22.015842327058536,22.28741518977914,21.998000484433202,22.05335066899449,21.87528365073009,21.956121429297,21.672668748060303,21.610830585499375,21.562760093288013
22.158307688050186,22.01873895143993,22.29069839038994,22.00058873464334,22.05592992164388,21.877066644684056,21.957084920542105,21.675348061985943,21.612443476137358,21.564414131880277
22.160301151338473,22.022261235862487,22.29426209107072,22.003515889375546,22.05872346933465,21.878929470224584,21.958350985296534,21.676634306201358,21.614116039518155,21.566997018208514
22.1624873230242,22.02601953179577,22.29775614243978,22.00520435608503,22.06078526339642,21.88186969337622,21.959592946764342,21.67649287114271,21.615611925800373,21.56918458551163
22.16484326973906,22.02921078306394,22.30164253974115,22.00638949353566,22.06232868917923,21.884295797267917,21.9610938093969,21.678222401967698,21.617327737066425,21.570823409025436
22.167125788963595,22.03226466287967,22.30514071375294,22.007938801072804,22.06418421483923,21.886734391385033,21.962108578808504,21.680350870972404,21.61920151513867,21.571807842985386
22.16985820295918,22.03576832221208,22.30837960165581,22.010434440026057,22.066879499829998,21.888867175526755,21.963290059664175,21.68088669346767,21.620336972421793,21.57362084978811
22.17273020201153,22.0396464876588,22.311453290765453,22.01320613494157,22.069727987127848,21.891570239428702,21.963702634079706,21.681672631373598,21.62125508448145,21.575065694572046
22.175364416790316,22.043005948745304,22.31485030261164,22.015692241088566,22.072720136354242,21.894759208075314,21.964621007317632,21.68395100753799,21.62238565679935,21.576330593917753
22.177173976967005,22.045502831686253,22.319239082709494,22.018512601371796,22.0760643122307,21.897793166200582,21.965780077097932,21.685602294243054,21.623803687188442,21.577619171247964
22.178704394996657,22.047854511413718,22.323789372304553,22.021535637174736,22.07900288913654,21.900027568106736,21.966832086302528,21.68632033885821,21.6253059695272,21.579922775068177
22.180912451547616,22.051233287434645,22.32748532605609,22.023956916205417,22.08138089623381,21.902794829903836,21.967974769988583,21.687057525673104,21.626555981163975,21.58225097644545
22.18344199124504,22.0548554639876,22.330707420716188,22.025737697671435,22.083821402496596,21.905269847956554,21.969060714976777,21.68963423338719,21.627759134542327,21.5837781040255
22.18608978720452,22.058627496761236,22.333916940781755,22.02721256346684,22.086625615407414,21.90809333284505,21.970410628036234,21.69177372926354,21.629513987110833,21.585140595389
22.188763298704963,22.062279290987735,22.336524860466362,22.029685120267605,22.08966663411951,21.90977346806768,21.971517220977198,21.692614330379882,21.63130669767707,21.587311404930205
22.19130534478328,22.066047610208898,22.339165846610957,22.032867525205553,22.092703821970122,21.91166989779639,21.97297805234555,21.693712954237576,21.633267512984993,21.58888416094184
22.193935102434917,22.069862108623767,22.34225077409224,22.035477326461823,22.095912566736835,21.91443264358052,21.97489765563775,21.69560701964176,21.634729743653175,21.589639039909386
22.19681291427952,22.07351469814611,22.347155392859012,22.037676781754747,22.09848120156384,21.917203176135295,21.976553862973958,21.69698960856952,21.636431834732527,21.591314401152847
22.19964916827909,22.076912729416243,22.352290186099513,22.040645266315156,22.101751981501096,21.91995221703909,21.977420998348553,21.697866091938337,21.638388727576903,21.594032371721134
22.202180752910678,22.079551005716542,22.35625564734521,22.043822289566926,22.104898447186827,21.923076237045528,21.977903662806412,21.699081692083748,21.639814400985347,21.59632121065766
22.205039762149635,22.083125103089674,22.35894001715764,22.04692348603573,22.10722470072159,21.926234661637814,21.978756447356893,21.700810376936225,21.640899556704554,21.598209439535285
22.207871524391884,22.086902246397297,22.36236558547383,22.049435554300743,22.10948236135721,21.92924727872578,21.980463787011104,21.702681838803496,21.642483180817464,21.599856059569305
22.21056134718347,22.090762021200717,22.36611436713059,22.052440298568257,22.11236674029154,21.931906546271378,21.982810829134863,21.704424760721647,21.64434381815154,21.60233172309665
22.212988298951245,22.094826568140114,22.3701660930245,22.05545025354442,22.115426990676337,21.934032879900155,21.98428934480075,21.70591188519673,21.646372196842535,21.6045604414718
22.214905998971915,22.098094922734454,22.37358220058838,22.057873090858592,22.11786015089762,21.93708415634655,21.985258394781315,21.70806197207186,21.64809902688775,21.606467063882842
22.217458369250814,22.101049589876403,22.37701416670861,22.06033833437423,22.120429388497342,21.940269780517383,21.986534798006705,21.710513092279587,21.650149127741667,21.608689010647236
22.220309577743144,22.104169763782746,22.380853486003854,22.06364329873273,22.123847511477265,21.942885102889647,21.988290377021094,21.712482323972246,21.652085425370224,21.611049718203518
22.223388875046602,22.10810697973907,22.385154156156656,22.067269476299405,22.127249575800604,21.944851374125474,21.9904259255676,21.714243952966072,21.65448650401659,21.612716179492296
22.22653037203653,22.11149119009849,22.389687987710367,22.070753918383,22.13004827452886,21.947049540061418,21.992147719770987,21.715786405964366,21.656242853467557,21.614378747635552
22.22965682435355,22.11481359243424,22.394193979905168,22.07358536669239,22.13255235093788,21.950213291857832,21.993580553179108,21.717297466560098,21.658049852761557,21.61671600090124
22.232243221637354,22.11878505778966,22.39845076134642,22.075994851036857,22.135718838341624,21.95374386597274,21.994811380714523,21.718643619555817,21.65957345981214,21.618558288738118
22.234827265957954,22.122693240343708,22.402665625740113,22.078799537651385,22.13863364402204,21.957397433730023,21.996397326767173,21.720261430871744,21.661588051483427,21.619871705376493
22.237712204616606,22.12639376939004,22.406856644458344,22.08192074828623,22.141036664530812,21.960195419437248,21.998236577851735,21.722663562748327,21.663199751598953,21.621401237492126
22.241065545929853,22.130152203525263,22.410803097527776,22.084998940067152,22.14395234221499,21.962171249857434,22.000148451055303,21.72468458845739,21.664376549334854,21.623421056628235
22.244190245157036,22.13365749534826,22.415148074949556,22.088017158903096,22.147214056451112,21.96481022302821,22.002133987059864,21.72562060064374,21.666006291958865,21.62590316207677
22.247225701231482,22.13740474379844,22.41955389534834,22.090527832937124,22.15000240287463,21.967539176883456,22.004186113741746,21.72695425568203,21.668210460480516,21.62834496551831
22.250001051367754,22.140978631230304,22.424114895374522,22.093571148636354,22.152986803063776,21.97054794650011,22.005862069053443,21.7288337659311,21.67077420906618,21.630150736047927
22.252973438077362,22.14474551100732,22.428849746527444,22.09670476574949,22.156254013998762,21.973682875279184,22.007475661847717,21.730487579990942,21.67293654439648,21.631593192094044
22.25603143272334,22.148982708976156,22.433816811400945,22.10013305594549,22.159622898694934,21.976359540215764,22.00956573844284,21.732200537445454,21.674683954745223,21.634385829010434
22.259099571474774,22.152369718690732,22.438428363868297,22.10427000653769,22.162812197280587,21.979393639466966,22.012161258645705,21.734514113800635,21.67635694396688,21.63722841169787
22.262492986422625,22.155756184938365,22.442783027707904,22.107298619561043,22.165636534075873,21.982806801515522,22.01415333858208,21.73695206145933,21.678126433291588,21.639147056254945
22.265558955006096,22.159900704245956,22.447443301996618,22.1098061951926,22.168840389544798,21.98594426171458,22.015907483910674,21.73874404450949,21.68011171708902,21.640880257127932
22.26864973889802,22.163838708938766,22.451663908334282,22.112707316270765,22.17230610247689,21.989652956058364,22.017684071619694,21.740079734974714,21.682188661326876,21.64228667539738
22.27198356427284,22.16734717011462,22.45639377338324,22.11551648892646,22.175272214934637,21.99296187522424,22.019713639665966,21.742427974138533,21.684371261520617,21.643762614706805
22.275785531617714,22.171198805259962,22.461596290722103,22.118513661180618,22.178023769661742,21.994829903000497,22.021923968957164,21.745118989696998,21.686552261436663,21.64587258622547
22.27921732254191,22.17514234456822,22.466721227726598,22.12213515302672,22.18064249575231,21.99674706708491,22.024230064985492,21.747519850929066,21.68853275611811,21.64886177204402
22.28225148746725,22.179181013764968,22.47117285934174,22.125694085554958,22.183449824717098,21.99932857501939,22.02637649453954,21.74912741908183,21.690875236969283,21.651402694182863
22.284803052152004,22.183437083889785,22.475778555856966,22.12886061768431,22.186564864897488,22.00325104754655,22.028670046641928,21.751042337474594,21.693096829164663,21.652847364086924
22.287670974674135,22.187351676312407,22.48116675898133,22.13181376268453,22.189925749674735,22.007025136546076,22.030842838578884,21.75287576797625,21.695315593055334,21.654844198835413
22.29101042160524,22.190958785342595,22.486501525905787,22.135321952406585,22.1936292700654,22.009913494998262,22.033202143342763,21.75435953341964,21.697524210366996,21.6570594929873
22.294085401395932,22.194151208206222,22.491593790697458,22.138803001858733,22.19773016341147,22.012547978373675,22.035339323429866,21.756024507299262,21.69963855818451,21.65920821287559
22.29710523345698,22.19814390268504,22.49690199551341,22.14231115393766,22.201771319959658,22.015537115614208,22.037530065599235,21.75852760198088,21.70207461506572,21.661471268162163
22.30045345725003,22.20211255287097,22.502064353912917,22.146124741933487,22.20519499592026,22.019007756323994,22.039864802418844,21.76105492055545,21.70453225146263,21.663765248727476
22.304075247547775,22.205988786837626,22.506781307027836,22.14941304631594,22.20800858099977,22.021895040623782,22.0425375277448,21.763088626508903,21.706712760792826,21.66560154653186
22.307889488455555,22.20957319947249,22.5116881549093,22.152324406097858,22.210752115778668,22.024562763996943,22.045188720942587,21.764867564009236,21.70878788034055,21.66755866147316
22.311453639852942,22.21324906817497,22.516870387667044,22.155395628282164,22.214104680780068,22.027105467529125,22.047702437040456,21.76709033911811,21.71106246868824,21.670062504930915
22.314867312962225,22.21728099833519,22.522172815251448,22.158642977726192,22.217837420108694,22.03007434849266,22.05016287219589,21.770236567866554,21.713148904927447,21.671570320494588
22.31834122748829,22.220998651916737,22.527434275628735,22.161723645003548,22.22134884290728,22.033304164327546,22.052848651003334,21.772489305979413,21.715338702560913,21.674101866196146
22.32176354084676,22.224776445935458,22.532168293555515,22.165174272346256,22.22480775519685,22.03654367101592,22.055472138512684,21.77416275000031,21.71749521634122,21.67750885233891
22.325180166219965,22.22944659094702,22.536566549621043,22.169181827253887,22.228334250128107,22.04001724876031,22.057614172258354,21.77620513289095,21.719209025885764,21.67946846233878
22.328421030880882,22.23342249956471,22.541550887463586,22.172979658520575,22.23185877118204,22.043034752316323,22.059735763233824,21.77890349961775,21.721122531423724,21.680624555269773
22.331702161538534,22.236845936833905,22.546999899105398,22.17597210668448,22.23487399293981,22.045778002142818,22.061528552452568,21.78145272535936,21.723714024812285,21.683091272760176
22.335342639909314,22.240254019130315,22.552696568787766,22.178965160877382,22.238677396532317,22.048876016113287,22.063551040362107,21.783493577633827,21.726043697415207,21.68596414466697
22.338419998967485,22.24431839166321,22.557942910742923,22.182750225460058,22.242574737006173,22.05202040360763,22.066255215771665,21.785657756971432,21.728125972509705,21.688405365948583
22.341585438529087,22.248393741867808,22.563086409787772,22.186656028133523,22.245210091138,22.055445809686553,22.06952059357057,21.788535911635964,21.730472980182025,21.690775474912233
22.344955542157024,22.252527757175557,22.56845918216195,22.190031604050265,22.24823685547397,22.058995729006785,22.072606764093713,21.790565215302173,21.733183828538756,21.69260792633014
22.348796754349564,22.256951553886637,22.573945271778655,22.19344278606141,22.25235751014614,22.062788891822017,22.074721510081133,21.79202748263524,21.73538555022647,21.694992075066676
22.35237269294317,22.261307803670817,22.57912937762248,22.196841165243853,22.25606330644867,22.065816989266676,22.076591191461354,21.794278699383398,21.737025166459546,21.697387011597918
22.35612708233395,22.26533268057265,22.584267540749707,22.20037571232554,22.259059851730434,22.068688605119835,22.07856531366386,21.796817681774673,21.738564294932026,21.699463120764094
22.35975800254243,22.269362833202436,22.58925121196011,22.203592075049286,22.262546614955617,22.071714027739674,22.081046315390896,21.799127336910043,21.74094560917827,21.701520083922915
22.363276460462174,22.27341679841029,22.594452162044316,22.20684407812108,22.26634240255433,22.074547228114007,22.08370150589552,21.80097452330793,21.74362695306631,21.70364927469098
22.36693640901568,22.277217914791613,22.600321999217936,22.210606773897407,22.269427492863603,22.077855863497824,22.08650755094436,21.803638333851318,21.74629531420571,21.70596322935957
22.370322148185828,22.28126389976375,22.60592316704404,22.213593028345542,22.272497011916354,22.081406426569913,22.089061442665646,21.806570366332068,21.749023042317333,21.708184268593662
22.37401544914497,22.285564120605134,22.610932056698637,22.216836864149514,22.27604270738315,22.084503724564215,22.09121201526619,21.809297907161532,21.751591633506994,21.710817244736347
22.37790404811323,22.2898269731945,22.616172582152366,22.221045064619766,22.279699625499745,22.087582515891473,22.09353600737929,21.81173862263728,21.753754399974746,21.71268737866339
22.382041511158608,22.29426633712979,22.621983114489517,22.224128341927386,22.28324481377659,22.090984648533425,22.095986049684,21.814501671266253,21.75592451663105,21.714855873582483
22.38574689359063,22.29861929076646,22.6270585611325,22.227824123327263,22.28712612407466,22.09462928363768,22.098122842630616,21.817265981801704,21.758202089782262,21.717693330147945
22.389281269752278,22.303019300809158,22.632248436169075,22.23181139471077,22.291299799992004,22.097634058016958,22.100749881589312,21.819095927377496,21.760734045563098,21.720284399882846
22.392776954897045,22.30702630809568,22.63735639324784,22.23540963737281,22.295143761071046,22.100879984112215,22.104026315203708,21.820838601714776,21.76314361296565,21.72212477715203
22.396973623973757,22.31157034322448,22.64317385562075,22.23915610146475,22.29844773352855,22.104563771319498,22.10731540761611,21.823938279665043,21.765076390718146,21.724389485317598
22.400658418512613,22.316229408344974,22.64935831087683,22.243224223800656,22.30219583648168,22.107934772890022,22.109501623396547,21.826747991853644,21.767430813995045,21.726893575493612
22.404088371677492,22.320240881786944,22.654603565131634,22.24681636552265,22.306221872196108,22.1109405793619,22.11102331414716,21.828753132859653,21.769676369234958,21.729186415454862
22.407332653425726,22.32428336594957,22.65954453151342,22.25000815105158,22.30984842005806,22.114285482344552,22.11348455068275,21.830419885649412,21.77218065168512,21.731889670173004
22.410837180520215,22.32887011214846,22.664429583548753,22.254048697936405,22.313333980449602,22.11783384643884,22.116575971479236,21.833478137195964,21.774719058770188,21.73434081884554
22.414806751233613,22.33291297595537,22.67005731582417,22.257850856753368,22.317126802430522,22.120966622656596,22.1191184040801,21.836568576898717,21.77737381286955,21.73653465992288
22.41922886167597,22.33691993365487,22.67591604379986,22.261892758341798,22.321080602033486,22.123591194489023,22.12133295412979,21.838769992307455,21.779921442856022,21.739220810392446
22.4233472004512,22.341632035319652,22.681985263889977,22.265550326465178,22.324898919387408,22.12580835879195,22.123919847280234,21.841084964115463,21.782163383400942,21.74178157426742
22.42704864598568,22.34647453763337,22.687852407427958,22.269020536337976,22.328855950488272,22.128958956110925,22.126733751138673,21.843904187168288,21.78457422699332,21.74403804223762
22.43036165488971,22.35115956032624,22.693655941110503,22.27259936488615,22.33310066862152,22.1329708390822,22.129096693004378,21.845758512510685,21.787171327643048,21.74688704015878
22.433673339247157,22.355362668858916,22.699626740922568,22.2767809629578,22.337173250592556,22.136836697114294,22.131484413298676,21.847203374870737,21.790418720863485,21.74918651197581
22.437616932878825,22.358817685933154,22.705433362526676,22.280997958630245,22.340708001510173,22.140108073955098,22.133982475805038,21.8496047569692,21.793184205194404,21.75107982916774
22.44167155066601,22.36253857252272,22.710677889403776,22.284301001563737,22.345080344594905,22.142720906892784,22.136801613912922,21.852587118167833,21.795125725138035,21.753761169725184
22.446070588177328,22.367165359002815,22.71579235565218,22.28839746362695,22.349479342852284,22.14604088076646,22.13982948316541,21.85503333469619,21.797411037070972,21.756181045827102
22.450264559977526,22.371511789981593,22.721188109940247,22.292238734575797,22.35337061265408,22.149787932854522,22.142523201565957,21.85680723723489,21.799976609914996,21.75824643998054
22.453837357627194,22.375564843299756,22.726835200466326,22.295729521641945,22.357332048058293,22.15360459305863,22.144622292071894,21.858822796208003,21.80236661182622,21.760519091079686
22.457297060135556,22.37989644731782,22.73269251842759,22.30002974378526,22.361297828119664,22.156948111198314,22.14709575229355,21.86165733489815,21.804252036779804,21.763095640954248
22.460946141101054,22.384807778618566,22.73813108140118,22.30430366867901,22.365508048207992,22.160122467188117,22.14998416582311,21.864870608474433,21.806506142862553,21.76526460187885
22.46500750745403,22.389012760266304,22.743431797230365,22.308206301123388,22.369760270968506,22.163344194606157,22.153046945536964,21.86771972056331,21.809527441897295,21.767650597174292
22.46942215631796,22.393075886188324,22.749706505802898,22.31136335292344,22.374245695534725,22.166603481564827,22.155873633729072,21.870475712641316,21.812292108401657,21.76977494887346
22.473375059537553,22.39762838870195,22.75625368823995,22.314764978410157,22.378389849045174,22.17037512511905,22.1586726966095,21.872831312736388,21.814622083155122,21.771917163650656
22.477107026808646,22.402411462659906,22.76255893910728,22.31855315881939,22.382494981834725,22.17344325746818,22.16148895791712,21.874753234170345,21.816788119388764,21.77485443309362
22.481412190714156,22.40714419116219,22.768286400207614,22.32238167090371,22.38679345440305,22.176801099371403,22.16440829182277,21.876625486375843,21.819616116173314,21.7772536642827
22.48549554632539,22.41214572523988,22.7736624710101,22.326448380958837,22.39159928093127,22.18037869319268,22.167483755341095,21.87921648750947,21.8222359245928,21.77949124195751
22.489392005946844,22.416870457458185,22.779389408476447,22.330595169668,22.39588447558013,22.184509110419924,22.17055381900625,21.88202289344791,21.824634964622355,21.782611049200618
22.493418286085898,22.42077192421943,22.785198433689914,22.334494906469832,22.399932417260047,22.188164633620026,22.17375780891731,21.884473892333713,21.827445462290058,21.785515059021364
22.497575647896962,22.42487208574748,22.791268856596542,22.33868299563963,22.403980812377384,22.19150097085206,22.177316389422174,21.88691382330807,21.82998278386141,21.788108451172434
22.501780552889397,22.42953885502938,22.796661547096264,22.343142406888433,22.40860035326477,22.195171097128732,22.180598379279743,21.88964723904233,21.83243288443597,21.790854395427218
22.505966016494646,22.43413311636889,22.802111406524585,22.34700200000461,22.413095353943902,22.199087162233244,22.18330082504068,21.892589751499823,21.835149907863233,21.79279179398982
22.510208096840458,22.437826421485823,22.807928071020896,22.350472420584936,22.417712161799884,22.202813690386435,22.18618472940761,21.895460727679673,21.83779350933367,21.794611835451505
22.51391659139687,22.44222222416152,22.814118815027676,22.354514961317996,22.422431493343225,22.206227986524038,22.18936705263574,21.897741901114983,21.8404400457435,21.79785591982503
22.517684964695675,22.447016602952413,22.819963198882938,22.358625495584597,22.42709741131174,22.20964223953285,22.19242017663182,21.900014561558944,21.84259998980194,21.80016012236496
22.521424815617912,22.451516382096326,22.825271692356,22.362312708630885,22.431633114238686,22.213290463339117,22.195527430839846,21.902946286101724,21.844649918494838,21.801689407771583
22.52575799556829,22.45574533477796,22.8307565987582,22.366558662920475,22.436290064426494,22.2171413640968,22.198724473193437,21.905771349904484,21.847273044986103,21.80528773584527
22.53023983243115,22.460440372581427,22.836199329977028,22.370731813554986,22.44117730696071,22.22080956758603,22.20211945175913,21.90857119461934,21.85022258233672,21.80709288669799
22.534350494635223,22.465052704029826,22.84197435924719,22.374481619463747,22.44592173677755,22.22405441351418,22.20549058509556,21.911379171298698,21.853272119065444,21.808174105692224
22.53835538892218,22.468948814213206,22.847810695291923,22.378502171381122,22.450300747303515,22.22702378759253,22.208503683007635,21.914119950435044,21.85598938136731,21.811278042119007
22.54256961495187,22.47332185143639,22.853853265870455,22.382786846365445,22.454811801630598,22.230915342781156,22.211705665987786,21.916849553252895,21.858289498258472,21.814438843159294
22.546435700744144,22.47830929272648,22.859447973096128,22.38701219374036,22.459492686657935,22.234763030182002,22.215040997959264,21.919140209926574,21.86062993023533,21.816080249684376
22.55019294288558,22.48313182116528,22.865313290024307,22.391058998267447,22.463919639758515,22.23800442550017,22.218447676524168,21.92163495653531,21.863575735178266,21.81784006761589
22.554774124416976,22.48780722395797,22.87127347412561,22.395209365436667,22.46877848219689,22.241070477429083,22.221581530356566,21.92469222872134,21.86618823681477,21.820251420287793
22.559477734135456,22.492992983202477,22.87643859046815,22.399204873543116,22.47327069388266,22.244806956945173,22.2245670355312,21.927459653309832,21.86894555892719,21.82211582887745
22.563641238603275,22.498555856967457,22.88233028409262,22.40330563174342,22.477707331208194,22.248739753379173,22.227807975220465,21.929871378210855,21.87152742315927,21.823600599641605
22.56720520518483,22.50346600432013,22.88807476471243,22.407586982151436,22.482530643771806,22.252727378600106,22.231200308267674,21.932595416526226,21.873937629094613,21.826087186996777
22.571148670256985,22.50744975260273,22.893986069881866,22.411797993744486,22.487398280688385,22.256709669924103,22.23514091114342,21.93555240050991,21.876359833775936,21.829041463759793
22.57535698503597,22.51138356436666,22.899469369700487,22.415563422634502,22.492052041267474,22.260546546226916,22.238434281615397,21.938100883750185,21.879506811367442,21.831008752618438
22.57996669470831,22.51577436188196,22.905299018315244,22.419774945278878,22.497409978277318,22.26401582414892,22.24125527774128,21.94069446990429,21.88244676517501,21.832712828787738
22.584485735886297,22.520841752484632,22.911306065290216,22.42453002791848,22.5017792051948,22.267410129462156,22.244525528230294,21.943319509874076,21.88489153927291,21.835075315747567
22.588917831910766,22.525878367252197,22.91679986875705,22.42888584014959,22.506674269151695,22.270866452803226,22.248292528788394,21.946334106261713,21.887781286291084,21.837597781053372
22.593089595008212,22.53074644505884,22.922726346383392,22.432840790367,22.51111561717872,22.27459306313351,22.251763831092305,21.948970300951686,21.890821389141813,21.839760718700493
22.596959404495152,22.535291221117546,22.92895830656991,22.436956704979387,22.515750291742993,22.278499413287392,22.25510972320147,21.951697949558714,21.893518773847426,21.841754312955274
22.60107071449373,22.54050993081776,22.93504885266254,22.440751488934993,22.52098167225938,22.28246876309752,22.258560643694594,21.9545799697903,21.89602617543388,21.844738366818554
22.60530841445377,22.545891781990083,22.9411218213402,22.44515980860038,22.52548453750027,22.286057795772166,22.26179227520188,21.956972217610385,21.89845005940819,21.8467702253761
22.61019847156126,22.55100165897304,22.946940378646538,22.450283063952444,22.530322503224713,22.289667052583866,22.265373245979106,21.959675458011823,21.9013656831445,21.848892070508114
22.615054383753495,22.555974778676738,22.952365295941597,22.455202123258296,22.53469711040333,22.29358346513836,22.269083839313456,21.962521141940243,21.90407363527116,21.85154368881257
22.61985122480975,22.561108856243045,22.95768174836841,22.459268586895412,22.538783282249987,22.297475651472688,22.27267673519598,21.96587033742187,21.90657979040223,21.854832116452737
22.624480149663952,22.566255655791593,22.96363675654755,22.463261810823035,22.543843840453054,22.301485462832492,22.276206917573255,21.96886720756205,21.908961832912347,21.85707033146638
22.628922039298097,22.571270864636972,22.970199316458768,22.46724347933855,22.54867694959042,22.304773250950486,22.278717832392196,21.971854807202646,21.911791047309215,21.858902249326164
22.63274591806975,22.576158223112316,22.97657617353297,22.471436080780176,22.552819905241734,22.307989624484993,22.281663718140948,21.974434572401975,21.915271510806633,21.8615907472143
22.63657348427879,22.581039816474757,22.982519722519346,22.47639083440077,22.557403389655953,22.31182477710757,22.285487779988152,21.9768963918987,21.91825052104214,21.864433922218723
22.641615596541456,22.586660705348265,22.988189543259097,22.480838301798546,22.56245892220484,22.315838666358488,22.28973893507999,21.97953637551126,21.92076994661293,21.866584295789295
22.64662162244857,22.59213856828966,22.99407950430456,22.4852932103404,22.56701775312663,22.319747416586488,22.293178539295504,21.982391252697596,21.923466623385988,21.869213870495884
22.650891791959324,22.597350315238963,22.999730325213157,22.489646822706177,22.571846218044662,22.323237840356605,22.296349054853152,21.98513820207988,21.925917987332006,21.871810348683493
22.654657067092998,22.601811853129334,23.005281697651235,22.493694124183847,22.576625180399077,22.327177576711385,22.2999999707017,21.988174978152482,21.928805179552104,21.874878222475175
22.659016190481843,22.60663970694688,23.01077588591871,22.49812621730474,22.58064548356501,22.33136516098902,22.30346811505492,21.99129724781581,21.932220681331543,21.87780579508006
22.664260728548726,22.61189095072137,23.017001072163357,22.50286755572062,22.585455108031987,22.335405271737265,22.307154127779718,21.99414232550067,21.935866063796567,21.88049097389559
22.669573574018198,22.617157759221122,23.02328116515431,22.50807451012012,22.590544483523853,22.33905967187613,22.310621679598903,21.996434129707776,21.939048777503768,21.883655339408705
22.674338034690127,22.62231519530947,23.029193471441758,22.51294028432841,22.595396985107566,22.343097912662984,22.31366653736687,21.99898705441344,21.941211418431305,21.886243444759508
22.67856320903809,22.627548003171963,23.035310864985455,22.51720133996224,22.60010644846693,22.346716078643034,22.31726324790931,22.00237382176629,21.943627722477594,21.88872052854256
22.68282452310536,22.632401586373167,23.04136073494677,22.52178062666992,22.605042918747593,22.35061632553563,22.320906518351975,22.005709679678674,21.946516780699387,21.891748017925686
22.687421461282003,22.637812829396786,23.047367068797648,22.526167327368793,22.610255002574903,22.354815618196437,22.324751660568207,22.008243016915063,21.949042048980075,21.894951193632544
22.69199100016842,22.643450634236785,23.053256502989523,22.53037399482322,22.61550153464745,22.358889894031936,22.32857933278513,22.01109651515062,21.951736472496787,21.89731274578331
22.697024996429075,22.648236312057648,23.059332215370624,22.53528059182823,22.62081076357635,22.362757306461543,22.3322620630168,22.013855287798528,21.954409050205463,21.89909157311825
22.701704513992112,22.65298848098101,23.06500888429575,22.539592642588545,22.62596006156803,22.366478780312097,22.335969799147485,22.0168786277274,21.95739790330684,21.90210298822333
22.70648863338026,22.658320381452267,23.07054760804568,22.544069930550037,22.631003711481583,22.37056479667945,22.339666446389877,22.019201060875137,21.960186065748942,21.905388039132134
22.71131004094456,22.664008123351174,23.075859111725197,22.548586667399316,22.635939629853176,22.374728947447736,22.343090878407676,22.021814664676313,21.962934336834792,21.90742061327338
22.716122793441713,22.669335678201588,23.081441875509796,22.552985538604837,22.641374456023872,22.37857420865176,22.345986351214833,22.024761997458015,21.96587013543459,21.909579912646485
22.720579963812018,22.67453567487436,23.08703043788,22.55741353361938,22.64635290524908,22.382437298673295,22.349214986549697,22.0280749854113,21.968816531564194,21.913137759080385
22.725469605886044,22.679364973386097,23.092773687803763,22.56229135641076,22.651505718564394,22.386106671576698,22.353159881198685,22.030877501462772,21.9719420389587,21.91594698958424
22.730719679854552,22.68407342350421,23.098875570245696,22.56655019488508,22.656629724325718,22.389964548640258,22.35681354145822,22.033711809307256,21.97506698998735,21.91845182995941
22.7357009830791,22.6893375785491,23.105162335962312,22.57162360384068,22.662274621051562,22.3940477013292,22.360461388552114,22.037008709735893,21.9783646405816,21.92158683982132
22.74025776393178,22.695308759205815,23.111082115798332,22.576459478574442,22.66750733186055,22.398498049686264,22.364187230584093,22.040098412133297,21.981335638998743,21.924479890794668
22.745392169918475,22.700911683806495,23.116579772223965,22.581170763071682,22.672479357041976,22.402946594218225,22.368433859099444,22.04299818387615,21.9842262806782,21.926765391922217
22.750866599258075,22.705862110294987,23.12238787559407,22.586218586993432,22.67777958248069,22.407328901306833,22.37210072634445,22.04625551985879,21.986939732083304,21.929319227207834
22.75553957912878,22.710939098471535,23.1282537752707,22.590207577445703,22.68266769009799,22.411573684413057,22.375430296345815,22.049207878164086,21.989802591434184,21.93192893648382
22.760112970914072,22.71613128814332,23.133500603612617,22.594794494514566,22.687715268749876,22.415920118344243,22.3793323398378,22.05191761914842,21.992801084552227,21.934196838792104
22.76441786911697,22.721328922746203,23.13914610777683,22.599547716059018,22.693289813728743,22.41967847386624,22.382995474571974,22.054508827511185,21.99558696969155,21.936777784052282
22.768955300631326,22.72636397290968,23.144874641141264,22.60370284651033,22.698621122505106,22.42382381757606,22.386165032108423,22.057249590858735,21.998382356559716,21.940224227700465
22.77335865655726,22.731999536896822,23.150415971059036,22.608410807258757,22.703764914352718,22.42801433408818,22.38988507357316,22.05998717363526,22.001294002829535,21.942831877167794
22.778528531565346,22.737754449957247,23.15642499532109,22.61345980538842,22.709319824499158,22.432031662679307,22.393455877496862,22.062967900739192,22.00418746830723,21.945163184589468
22.783521511451255,22.742954641821754,23.16249427089444,22.61776361319026,22.71492189420225,22.43633165643963,22.396853276995984,22.06584245329223,22.006439994621307,21.948236699636936
22.787882775007226,22.748445316670395,23.168709871570073,22.622345350486462,22.720043672935795,22.440742076610327,22.400292588756443,22.06861799330691,22.00867829341551,21.950762366748755
22.79191750647856,22.75415116708665,23.17382699283965,22.627720027783106,22.724868983010328,22.445162532984405,22.404045321270125,22.071559981621643,22.011226530411022,21.953359885752594
22.796815994908943,22.75938304921415,23.178450340737445,22.63204807992057,22.730007784499925,22.449167234946472,22.407651611068324,22.07504729090363,22.014568231272435,21.9566364980612
22.801889996066716,22.76392418143344,23.183851996274466,22.63594417039707,22.735241217380057,22.453361100667557,22.411165574767935,22.078244220350037,22.017564151375595,21.95932272614109
22.806767161993577,22.769113336131795,23.189955709475505,22.640940410504115,22.741014142576297,22.457908833167647,22.414278445695963,22.080521763334765,22.020383589392875,21.961328177116194
22.811366623934997,22.774625786376387,23.195947779616088,22.645795265764036,22.746873857169327,22.462226469388433,22.417327916796363,22.083241010673973,22.02333349955722,21.963688108217546
22.81626208858023,22.780411069736676,23.201611157999093,22.649966951674184,22.752269035750693,22.466665740762895,22.42099555964153,22.08631573543006,22.026065805025166,21.966367950091534
22.821210439163387,22.785846343993747,23.20702633797886,22.65447096853299,22.757254646432862,22.470639392370053,22.425420440316948,22.088884462995928,22.029116788004547,21.969518359297307
22.82617899041827,22.79111687292341,23.212991135202028,22.658971209761045,22.76280686102534,22.474208682183203,22.429535120241148,22.092016491834634,22.032475262812827,21.972248830734394
22.831223990303037,22.79622090017584,23.21865609372854,22.66383838095777,22.768549585713856,22.478375258793353,22.433183030778704,22.095202876025212,22.035133431442546,21.974136086707126
22.836605422900824,22.801537575815342,23.224252510025558,22.668706314091747,22.774413578051565,22.482622363787282,22.436248686282838,22.0980278411283,22.037731904011647,21.97627775258502
22.841710306432926,22.80716586550551,23.229994971733564,22.67351743869495,22.780464290866828,22.48691936377028,22.439260459198135,22.10083550253927,22.04035596453287,21.97981437998895
22.846444961832066,22.813011257781074,23.235639180706833,22.677896987577842,22.785632800878055,22.49099772563527,22.4430182068442,22.103613093587285,22.043651244106282,21.982025091267403
22.851583203089124,22.818923231579454,23.241407742720163,22.68216171750467,22.790449098754696,22.4951567345921,22.447197114746853,22.105809405082194,22.046686221734554,21.984313937413628
22.856841590515458,22.825107728554777,23.2468269538291,22.6867563612931,22.795475080988652,22.499304080417893,22.45072424831763,22.108201722960832,22.049761040841904,21.9872991648346
22.861906778861098,22.831403440173574,23.25232323423052,22.69210485463594,22.801094615500364,22.503180029186865,22.454253026604857,22.111719080232582,22.053048437261,21.989420515902218
22.867021776254035,22.836864716454368,23.257746007693303,22.697177151235664,22.80668185914235,22.507024034666316,22.458228528586396,22.115079698363704,22.056254297110215,21.992318393999145
22.872686483389945,22.842020125719138,23.263583272809075,22.70197282546626,22.81208977767584,22.511239116247722,22.461793495607797,22.117422945865954,22.05883688271725,21.995583332259617
22.87772664236173,22.84732952636634,23.269336192653547,22.70697452455131,22.81751745519921,22.515939527289145,22.465203125979073,22.12031517012198,22.062186721622638,21.99754903171941
22.882798301372866,22.852663681740037,23.275144674601837,22.71237107425154,22.822879198781916,22.520241381027446,22.46915483394632,22.123222406416932,22.06497703134621,21.999717338643503
22.888272091871936,22.858722795378085,23.280563793305515,22.717223108899063,22.8289924209518,22.52411619901167,22.472803382285235,22.125864193532646,22.06790153249753,22.002207593615438
22.89405327134002,22.864352506815404,23.28639631328422,22.72196276314538,22.83479549534021,22.528026842649915,22.47586542659651,22.128907156409618,22.071247520613326,22.004625667325307
22.899571594435383,22.86985793629902,23.29211731671784,22.727256173607493,22.840547639380485,22.5323830770505,22.479042993268443,22.13206532391739,22.074130416895194,22.00779330399683
22.904733908113336,22.875774133644526,23.29758545263676,22.732114327064252,22.846173193496192,22.536717172162476,22.48296094053735,22.13466140049748,22.077216278705542,22.01102148123004
22.909952998672512,22.88187365033036,23.303481710764615,22.737193421697846,22.85170523809618,22.540309212154433,22.486710486723315,22.13671755631983,22.079953531123614,22.012732617503655
22.91509614216934,22.887387365621656,23.309416075839884,22.74273431781342,22.856912128537715,22.54389591407021,22.490133835725313,22.139643055360306,22.082913032675556,22.0149080589389
22.920152326436476,22.892578995964517,23.31498744118189,22.748134404677263,22.862223157898125,22.548073888996512,22.49395177336796,22.142995835563344,22.08582563279836,22.018029938703002
22.925193238417204,22.898045133234206,23.32029140645103,22.753477348088026,22.867044902360423,22.552682146411374,22.497880752405738,22.14607158002293,22.08877648223835,22.020667902331045
22.93038792004243,22.90384761126508,23.32619639749781,22.75877290377955,22.87123540537861,22.55715762981261,22.50204951060543,22.149169930961286,22.092001380781845,22.02366420805494
22.935893492252077,22.909986950521017,23.33212855973772,22.76442120774444,22.876613878496997,22.561755201767934,22.505460539534887,22.152127161600017,22.095047375321517,22.02653107829759
22.941075885636778,22.915383124768173,23.338159385165525,22.76991707981908,22.88303124321946,22.56633096002927,22.508559658427526,22.154631115517788,22.097110960635874,22.02833947605045
22.946603242115188,22.92104316011735,23.3439361617277,22.775267665747645,22.888690319095776,22.571128547651465,22.51187575516848,22.157276286163132,22.100338601478832,22.030372820010538
22.952615679010336,22.92691800972633,23.349759474766152,22.780267752213884,22.893883359688665,22.575616092905612,22.516054936591424,22.16042703097255,22.103513522727457,22.03349174588366
22.958356021719716,22.9328334215679,23.35592337541154,22.785253198303664,22.899028567951852,22.57968757984024,22.520459088319463,22.16363267723947,22.106409113949695,22.03575670698916
22.96342232651544,22.938695397413223,23.361799702368554,22.79067939961711,22.904439995383402,22.583608394220892,22.524385775214352,22.166198764255938,22.10938696467329,22.03789725234433
22.968844228403483,22.94482801439851,23.36697762606046,22.796466823218964,22.909803124504737,22.587251264010717,22.528048213493477,22.168757010852886,22.112296412630972,22.040698442398792
22.974252750675987,22.95063194785747,23.372026487858825,22.80172451489907,22.91514738955479,22.591314583909593,22.532286895047235,22.1719443912557,22.114678461947236,22.043313022885506
22.979334874194528,22.95625434679483,23.377765820011295,22.806977860019806,22.92037084375049,22.595718992717796,22.536125524479615,22.175364535782304,22.117411142308857,22.044764188840166
22.984526053940154,22.961873464722284,23.38365655471726,22.81228765345421,22.92636654756686,22.600044685901153,22.539871214369825,22.178541987326486,22.120348537701823,22.047486755866057
22.98995176101311,22.967795511928255,23.38933216017951,22.817644564811545,22.931985881897727,22.604272246908714,22.543514136377333,22.181298302361085,22.122749139724856,22.05081975868861
22.995156162985438,22.97318216521644,23.39544667065262,22.823121388847962,22.93780382034018,22.608638355117275,22.547810891902248,22.184104430049526,22.125620186390886,22.0531491082475
23.000350693954775,22.97849492812826,23.401733945445265,22.82893523433475,22.94342564108634,22.613553995301757,22.551902762034246,22.186501544766642,22.128612743940575,22.055382884756234
23.00589552347821,22.984081579215506,23.407057824023653,22.834495353414383,22.948803308869184,22.618330487509255,22.55582874671074,22.188755179178266,22.131187232577357,22.057792095621856
23.01154196589836,22.990073453072718,23.41215528923246,22.839859225392686,22.954407173199485,22.622709538269202,22.559506115241163,22.19156931512854,22.133800612240893,22.05991608600437
23.0168989387646,22.996193022697963,23.417421868199774,22.845122123087727,22.960041865281873,22.626883712210986,22.563496708431657,22.194445133259325,22.137265447212787,22.06240764337094
23.02223828145525,23.00187247675174,23.423043797638933,22.850015944168504,22.964892325353095,22.631529213247404,22.566876304271,22.197377212550805,22.140043585219278,22.06558972241386
23.027616344567903,23.00722491859462,23.42845581919242,22.855115150784865,22.97021764606063,22.63634868222784,22.570479170873305,22.200489413014903,22.142307233696204,22.06795662906864
23.033145494723062,23.013123472009603,23.433502194763342,22.860870687038712,22.975788569359263,22.640854575677828,22.574435194403577,22.203513332097522,22.14461482904406,22.069445168013484
23.038685867810514,23.018859072475536,23.439646008834995,22.86667012081026,22.981255104059144,22.64498217284595,22.577579746850315,22.207174637503833,22.14762745222458,22.071421449351565
23.044177321280543,23.024645212525755,23.445818137299618,22.87195429927049,22.98691231060017,22.648821421026053,22.581269293011527,22.210292186479172,22.15060438940192,22.074195559351097
23.048899821559278,23.030539646104472,23.450747640242046,22.877495928458966,22.99311589342334,22.653339795613796,22.58539177725302,22.213465220795214,22.153911899863665,22.076844648137875
23.053694100329935,23.036681983857243,23.455312040573453,22.882834925406623,22.99903866438231,22.658163675799592,22.58892451354734,22.216464652272773,22.156741310837454,22.079181429279544
23.058505180891853,23.042487010978032,23.460733369748926,22.888325532616953,23.00480910053921,22.66261135084317,22.592934934384374,22.219211763365685,22.158888651453573,22.081909279044446
23.063214587359123,23.04763627954233,23.466252156515942,22.894042609230773,23.01044885221986,22.666938494609212,22.59705678338545,22.22196641754341,22.16131372069782,22.084035489118378
23.06826258567478,23.052571307201614,23.47117936685234,22.899558814170184,23.016005159905177,22.671759578005766,22.600850658101145,22.224419316968284,22.164256859662036,22.086283460110042
23.073961523704472,23.058333919274453,23.47582309118025,22.905070595388946,23.02151965127844,22.676448895199176,22.604847502926646,22.227219606516687,22.16716513314671,22.089136332875032
23.07971862885755,23.064632020165025,23.48111270246342,22.910293355613494,23.027489136710223,22.681011130836257,22.608602386446627,22.23049959901156,22.170145564977425,22.091415385594342
23.084617582863416,23.07030087841072,23.487040213554803,22.91525424002405,23.033202577192373,22.68588751133068,22.612605958340634,22.233557958071014,22.172445639537525,22.094074185950355
23.089879948767155,23.07596044488274,23.492556284070247,22.920575976386914,23.03868335596123,22.690650736676254,22.61666617038769,22.23639308169912,22.17522845822794,22.09624917703345
23.09553314393152,23.081719917928865,23.497741324908432,22.925810954476113,23.04371510680555,22.69552855067311,22.620627358331173,22.239380154342115,22.178523766011118,22.09827719963371
23.10106606344689,23.087358168419648,23.502618693514265,22.931264193845497,23.04933207062568,22.700173163024708,22.62482626048437,22.24254768029274,22.182299605923767,22.1008010086622
23.106570926883364,23.092873239368423,23.508029096474473,22.93669499755858,23.055515898737404,22.704553991450304,22.62904898236745,22.245654420171228,22.185364903460364,22.103552331304357
23.112149702131354,23.098343115367136,23.514111516344123,22.94204664468416,23.061364443107205,22.708681835811024,22.632851543375864,22.24855272132993,22.187277212160147,22.10610056352561
23.11717489868032,23.104210871720316,23.519310988939658,22.94727140484842,23.067349752899638,22.712878685496367,22.637104398024306,22.25132779745806,22.189430121049902,22.10788804816113
23.12241092819784,23.110513357455105,23.524214140530457,22.952278529299186,23.073195926228912,22.717413355785542,22.64130364999569,22.254197599585467,22.19263454335873,22.110133449804014
23.127775846389103,23.116845230571133,23.529527543160537,22.95729131614194,23.078803949025158,22.722091191480196,22.645525356947704,22.257124733336305,22.19611412683441,22.112789075693954
23.13362692679512,23.12268425551908,23.53511934897702,22.963149338613324,23.084032096375683,22.72698043363586,22.650107520098473,22.26009653543672,22.19878590151664,22.11519887211939
23.139822374910462,23.127820599430624,23.53973198184763,22.969068675584147,23.089712079074598,22.731651070934827,22.654596036808677,22.26304467381697,22.20129224557132,22.11783391178274
23.14514452194771,23.133086057119495,23.544985290875236,22.97441410149666,23.095746937916353,22.736526042704007,22.65856308332684,22.266091760451722,22.20397346525989,22.12043535046908
23.149863249017017,23.138197659952194,23.55012807305357,22.979597416075276,23.10165534018596,22.74132348183516,22.662285591060055,22.26913502161932,22.206703717304634,22.12265631692834
23.154808173621237,23.143483213889795,23.555197181669744,22.984495776424943,23.106991489081214,22.746538791297958,22.66657986691326,22.272099163854293,22.209229380838984,22.124737448197536
23.160138435631975,23.149215124001415,23.560242507555238,22.989795808487838,23.11228325075192,22.75090326533431,22.670663363973866,22.274995923250565,22.21249557165251,22.127547464604824
23.16634027816886,23.15530701460726,23.564901509022338,22.995990996897582,23.11857445948411,22.755711190277935,22.67448815825677,22.278153003573742,22.214996541573797,22.13063175865465
23.171575929230013,23.161401588366104,23.569988297174614,23.001531340895724,23.124625011582737,22.761053841132288,22.678420798263694,22.281295399091007,22.217698271980314,22.132801033508784
23.17683358390317,23.167081223627285,23.57600332249286,23.006374780595475,23.12981580082759,22.766266809725405,22.6830412816898,22.284532094829817,22.220975159180476,22.135088241796478
23.182480116440438,23.172362129554458,23.5818253661575,23.011386697916635,23.135178562844377,22.771209546531384,22.68698259811773,22.287397215797746,22.22406586226509,22.137414657876082
23.188341096026438,23.17760533747324,23.586742589939004,23.017055477456317,23.141188268037304,22.775604870993615,22.691168546021636,22.289961361777337,22.22713992039867,22.139635529322568
23.193788514099726,23.183071905064438,23.591597997103904,23.022454002182585,23.14734760230771,22.779421391971507,22.695753524729632,22.293024309184872,22.229955113207556,22.142030592518225
23.19965485273606,23.189222990014258,23.597960807846874,23.027982649474403,23.15297486619501,22.783690484713944,22.69944319190447,22.295376008189226,22.232396285760046,22.14509341665081
23.20547201054186,23.195179163964635,23.60412575833351,23.033676769632983,23.158186887541987,22.787628805259118,22.702563344885228,22.29819456836225,22.235426291745814,22.146887369297424
23.210939918064938,23.201357080879102,23.60901781460545,23.03917658863979,23.16362206582987,22.79205597551929,22.706826469232478,22.301935343143988,22.23884394905085,22.14876095872951
23.216424069453893,23.207496182628216,23.6134970117625,23.044621539894088,23.169852409137683,22.796913252228826,22.7117001888386,22.30549645311563,22.24169803201331,22.151417098037804
23.22214803013277,23.213614957902347,23.618210634637062,23.050571277259756,23.17575343090024,22.802277158909767,22.715739961750042,22.3085975757075,22.24371997426468,22.15382732015687
23.227814294222245,23.218974567552763,23.623534490455974,23.056266985593183,23.181139053258136,22.807219164301312,22.71918266825498,22.3115726345724,22.24628679123945,22.15612923952768
23.23330954159846,23.2241784660506,23.62936109901328,23.06182820649488,23.18648185876709,22.811197490042787,22.72253563586444,22.31438542791475,22.249431143558617,22.158536054249996
23.238768884423806,23.229205097733903,23.634634765910192,23.06753587731633,23.19195759761873,22.815545144167316,22.726411856964077,22.3166616796626,22.251978012009634,22.160571711198322
23.244024077155323,23.23499605470589,23.639440192939492,23.073152745157493,23.197246871703555,22.820295852491917,22.73091770160721,22.3196732836255,22.253977772472233,22.16267407518584
23.249981458472764,23.241123336915237,23.6450580421783,23.07881988638846,23.202411802846022,22.824832464630084,22.735301331733684,22.322530198954105,22.256349814970555,22.165586201816225
23.256065303137476,23.247313094299123,23.65139768317846,23.084496842678554,23.2076091998383,22.829414111093303,22.739640332813554,22.32515606503542,22.258968742336585,22.16879686826517
23.26118529217368,23.253127610382982,23.657085418182007,23.089974987789844,23.21254154152641,22.833936515986363,22.743771867873864,22.328700997521388,22.26143847136953,22.171571113312968
23.26630285089889,23.258479629664258,23.662565774033016,23.095940122690493,23.21812073018679,22.83852501897573,22.747520331600203,22.33188666754056,22.264791755531835,22.173421348714943
23.272015263684125,23.263564701467658,23.668006823469824,23.102040560898047,23.22389236746374,22.843357420678558,22.75145279373437,22.334511118824544,22.26801557071819,22.1756842935663
23.277586634809513,23.268908234742646,23.673141835258825,23.107945709447574,23.228527445028064,22.84834216877176,22.755638283217436,22.33746732385544,22.270339201053698,22.178755292561803
23.28263202405312,23.275647816818328,23.67785596649526,23.11368588091813,23.233615207958252,22.85319893586367,22.760014325220954,22.340760708337815,22.272626141191843,22.18070894151266
23.2883313009143,23.281808476235696,23.683522764862502,23.11852725625434,23.238972475455984,22.858207913921294,22.764588967848695,22.343621182323353,22.27551206229702,22.182721869529782
23.29440988605985,23.287677138026176,23.689442953074142,23.121794214971576,23.244371391578266,22.862947739447087,22.769268553930235,22.34623399130708,22.278464251508204,22.184588328757492
23.300306742125947,23.292947744727833,23.695106560173187,23.125155621813327,23.249293680682364,22.867016904630972,22.773387150796736,22.34919278479157,22.281651704977754,22.18668748423758
23.306128872342065,23.298434474657284,23.700760537064035,23.12965287399914,23.25432070112424,22.87104251398499,22.777260230825718,22.351457502710804,22.284701459884154,22.189352213799406
23.311411373850763,23.303735586347138,23.706060076348464,23.133952626917583,23.259135550767695,22.875939173991746,22.781302685273324,22.354149100900585,22.28784000782796,22.191461693362683
23.316539178487822,23.309080260839558,23.71129002659051,23.138026135883216,23.26398914808592,22.881122208564292,22.78593893459448,22.357557363702586,22.29018217772563,22.193458277248777
23.3219715996197,23.314343826554857,23.717138168281462,23.1425242871482,23.26964834159368,22.886115163289737,22.79031784908835,22.36102997147377,22.292815913215147,22.19581666520376
23.327287852632534,23.32046168902339,23.722628504516955,23.14716033141113,23.2754191325866,22.890620258850465,22.79454670107917,22.36404506075043,22.295692503691733,22.19820483556935
23.3325048181341,23.326376680451702,23.7271770072252,23.151689519270313,23.28030044456797,22.895387023497765,22.798832911813385,22.367120025463237,22.298618355767342,22.200276956682302
23.33814593004698,23.331494208624733,23.73212808290425,23.1563612925296,23.28488755055266,22.900164821901075,22.803514755210117,22.36933076154168,22.301588880963955,22.202879536859
23.343989836861407,23.33674878005795,23.73756613547773,23.16114384965719,23.29000243744371,22.904449732244117,22.80766060895904,22.371698498015434,22.304563325300247,22.205551790426075
23.34976501676954,23.342183793331085,23.74268150060445,23.166717803019186,23.295355073534996,22.908974856055856,22.8114639757997,22.37458683317165,22.30710154285806,22.208026494865848
23.355505108666904,23.347733528766923,23.747995231050858,23.172569795116846,23.30092746964404,22.914288755543396,22.815320055524566,22.377499301344148,22.30975700789532,22.21038378004671
23.36105690864955,23.352756358328854,23.75334395098733,23.177705267833737,23.306443848551503,22.919350223840915,22.819650803208013,22.38023609693179,22.312863192101172,22.212204611633318
23.366866339424934,23.358250145128828,23.758570568630848,23.182845476562328,23.311657809363812,22.92397529236062,22.82419859790251,22.382969851672385,22.31613614070479,22.2145523637532
23.372478442308026,23.364304789666743,23.764480466155746,23.18820023604685,23.317153285632536,22.928446795306904,22.828228343818296,22.38578089118669,22.318926652897154,22.217579951980998
23.378310139040437,23.3703647241675,23.770065011628123,23.193886791064706,23.323301952873475,22.933354252878807,22.832205095069156,22.38894100622808,22.32153431373066,22.220045375951667
23.38388536074714,23.37576211815457,23.77586376437072,23.199560109809916,23.32887336723523,22.938079647654874,22.83651946216947,22.39191091110507,22.3247997595924,22.222600544487555
23.389863881739377,23.38083914575836,23.781042582715877,23.205648065481377,23.33442700817923,22.942577823356594,22.840662631761912,22.394393570870946,22.32760120869381,22.224560878964294
23.395705956787204,23.386179250208112,23.78624942352459,23.21098624366792,23.340021710292916,22.946971593672558,22.844678769630118,22.396910416704586,22.33013971502515,22.226432075538813
23.401331170569,23.39167696136968,23.791619310941865,23.21549533631633,23.34512415800221,22.951611989947853,22.848913605725187,22.39958705655249,22.33300101352259,22.22903543504596
23.407016432265873,23.396999178101968,23.79711052639919,23.220519248257023,23.350544746949573,22.956278976124626,22.852868522162492,22.402435706517984,22.33575289640463,22.231237759403687
23.41280315049666,23.402978692672917,23.802342662988774,23.226039784682733,23.355914987457112,22.960742808364095,22.857198941025516,22.405482897023724,22.338567697800222,22.23275832628692
23.41793554056169,23.408694277358126,23.807540902209837,23.23109018817137,23.36079648161915,22.965544127079916,22.861677195720176,22.408597630799267,22.341497304199017,22.235482358686806
23.42332776851071,23.413635467344918,23.81286213173413,23.236245467856705,23.36555264110161,22.970752680640913,22.86549483771023,22.41133290172918,22.3442800411692,22.237505773896874
23.429198074917768,23.419043592405654,23.817953381909568,23.24143641040846,23.370882329794163,22.975694471427374,22.869521538766243,22.414348099830754,22.34674188882051,22.239229278477723
23.43483611482066,23.42496891372225,23.823583473452942,23.247347356121676,23.37680684802067,22.98053823912786,22.87429622240746,22.41776082754603,22.350036688747075,22.24209332966819
23.4403292316231,23.43067033932011,23.829257535765464,23.25361946155138,23.382542532210316,22.984736763338603,22.878549069125476,22.420948894955078,22.35307363157763,22.24448981528568
23.44587833672081,23.436322178686027,23.834433271775822,23.258659395980196,23.387965642619776,22.989795167293003,22.882708366089123,22.42389216286338,22.35534248190007,22.245978291007994
23.451620701730377,23.441685453173523,23.839531932847045,23.263283875611506,23.393115891138404,22.994569238608868,22.886965189114544,22.426304354107934,22.358320436792916,22.248822966753483
23.45755820771922,23.4467705815285,23.84454536505807,23.26855179668403,23.39826099685236,22.999092900374094,22.890752167782594,22.42897469193098,22.361442325191202,22.25080198007079
23.462616091394295,23.451993910262708,23.85089928949393,23.273923932507255,23.40424914746004,23.003647169529703,22.894307729886126,22.431718732192593,22.363985991955428,22.2525352391579
23.467896367987304,23.458072383772276,23.856411541775504,23.279300187478672,23.410299537227516,23.008821552732574,22.898448680257584,22.435035566922185,22.36663982284504,22.255281672662832
23.473862237367594,23.46374195571345,23.860758059738856,23.284952753027213,23.416080775093523,23.014019042808126,22.903396293310454,22.43896323414058,22.369889851459224,22.257695273913516
23.4796275488672,23.469043122097304,23.866174918258587,23.290383128230477,23.4211895845355,23.018658751709165,22.90763658208234,22.441796052469094,22.373053120155333,22.25921931642136
23.485009744900246,23.474450983528982,23.87207251129874,23.29591813519665,23.426047444866015,23.023521927301974,22.911644923319507,22.44451452174774,22.375410228805414,22.261557092417576
23.490386557345694,23.480186448630818,23.87734328216403,23.30174839598081,23.431161501436257,23.028197683360343,22.915748995362705,22.44774937202328,22.378286466455727,22.264139804343355
23.496384070810382,23.485879421065533,23.88260338307431,23.307232856012003,23.436820828251154,23.032604701295885,22.920203275711582,22.45092090929902,22.380965966051335,22.265707359440604
23.50240732317826,23.491508210581515,23.88720046147359,23.312419047412313,23.44270536265368,23.03733100747483,22.924153966198038,22.453981924532922,22.383667753142788,22.267781744542372
23.507808315186477,23.496841590950737,23.89268266761391,23.318008568736364,23.44736021787496,23.04228209153917,22.927946403272852,22.45720908204765,22.386019362553323,22.270281258880686
23.51335091201584,23.502660022950614,23.898637953595166,23.32389799390803,23.45208836829282,23.047073067170473,22.93310494762452,22.460017142021954,22.388714339761467,22.272218542363007
23.51940008136595,23.508682792563896,23.90387749777193,23.329667686195812,23.457283781317194,23.051820188839834,22.938652466779736,22.46318166230867,22.391433615710202,22.273952156048352
23.525213791597036,23.51415657237087,23.908359480336003,23.33543352048041,23.46211769271438,23.056420324349443,22.942517819813617,22.466215256897513,22.393776439094918,22.27666861099271
23.53069160741707,23.519554392040728,23.912648504617643,23.340426484633095,23.46716656531031,23.060955248936676,22.946138289230685,22.469158046010392,22.39645323926777,22.279352189912306
23.535945471583474,23.524766388465174,23.917384000667717,23.346094662624367,23.47267677382281,23.06562651995582,22.950741742732497,22.47250594427555,22.399592893638022,22.280651899154307
23.541830858669147,23.530002420039434,23.92329715571092,23.352092994848988,23.47806227276162,23.070807932501868,22.955434983767216,22.475283031644455,22.402269013146334,22.282477290428243
23.54826823698719,23.535705222726445,23.928786861595505,23.35779323103686,23.483480770877474,23.07586371525396,22.959329907889398,22.47777304162124,22.404950937008955,22.285046799419668
23.55397950358605,23.541457922625565,23.93353933746836,23.363149385903448,23.489051042773387,23.080832203126732,22.963148864231954,22.481301648680017,22.408244800216558,22.28762244734852
23.55913996647893,23.54744870231464,23.939022344038335,23.368347774412044,23.494421471455645,23.08550147180766,22.96661777888831,22.484179697136547,22.41099142478531,22.28935008031585
23.56501077326879,23.553463095420884,23.94372835514314,23.373363036501797,23.499809642906516,23.090218707921327,22.97065878321272,22.486742107478047,22.413421026124446,22.29150363465922
23.570654351167057,23.55906029869104,23.94835622487092,23.37910250624223,23.50499444908062,23.095187698328612,22.975473777130656,22.489965596183712,22.41588855917344,22.29371385997152
23.576259833985684,23.564276661761543,23.95368382069938,23.38494612771571,23.509880493550565,23.100172618174057,22.979981703373436,22.492936835871706,22.41909793659258,22.295922965918248
23.580951911173237,23.570011789560485,23.959398851238873,23.390908396473012,23.515012003727858,23.105402683262582,22.983911205141542,22.496352394210355,22.422358929131953,22.29844948791687
23.58629786180474,23.576091802802537,23.96428424682014,23.396948935710036,23.520339367472054,23.11054908529304,22.987947098809514,22.498783045623654,22.424707240945743,22.30073115532248
23.59220120573207,23.58106174179639,23.969411622322802,23.40254020380833,23.52580648296872,23.1153788450187,22.992572451240143,22.501423765145642,22.42714223930813,22.302388911893086
23.597502718228895,23.58594465643336,23.974275936693694,23.408356988226053,23.53114136639259,23.1202107138551,22.996788587787037,22.50464668604492,22.430002846444857,22.30523102037079
23.602801568489514,23.591256899422042,23.978880979291702,23.414480578239466,23.536188315706937,23.12484325034785,23.000909133967088,22.50689362264968,22.432856723511478,22.30742115612225
23.609042583601592,23.59620008789932,23.983542082913203,23.419984981342843,23.541428218276632,23.12920175177752,23.005719665997265,22.509471538637232,22.435359236491745,22.30918531272808
23.615204783070634,23.60149199302691,23.988537203471594,23.424810087623236,23.546827232042315,23.133784249688336,23.010677282239612,22.51305648237087,22.438088142596435,22.31154266961509
23.62057432386028,23.606732981333924,23.99359124947845,23.43033117701666,23.55187536325014,23.13886328037158,23.014694227656165,22.515663658192185,22.441109081016428,22.31369368404426
23.625724295044602,23.611706772747887,23.998767455241573,23.436049325455713,23.55676755012961,23.143814340498427,23.018926402721792,22.51843380413264,22.443862368612713,22.315446269817357
23.631737297410353,23.61719745223197,24.00373658166991,23.44199589564751,23.561536121830894,23.14905187724495,23.024208884219263,22.521676951620403,22.446623299537375,22.318056241932027
23.63743265598293,23.622567314698454,24.009128070901127,23.44786718482347,23.567119772496902,23.15416801158706,23.028936886442942,22.523610004025485,22.44940766971407,22.320141165283726
23.64308256560699,23.627535797061626,24.014072249209985,23.452850759258084,23.572560763345763,23.15840592892384,23.03281557716144,22.525724857367884,22.45219123373433,22.32226758516341
23.648477907297988,23.632704982323965,24.019059142287187,23.458587141459113,23.577397001528002,23.16261349501479,23.03679047750661,22.52906527121109,22.454856836592544,22.32485447981258
23.653555472536198,23.637748576337977,24.024345940354475,23.465037996951782,23.582446497204614,23.167520196832392,23.042190830946424,22.53243805657779,22.45765746640118,22.32690924716005
23.65886453937769,23.64294361367083,24.02983437413916,23.470978365961024,23.58813427891888,23.172586194263424,23.047858459814496,22.535213373170198,22.459858266741932,22.32867094421962
23.66472113720785,23.648233188558628,24.03521986297018,23.47654097544,23.59350122433613,23.17748525099052,23.052222773055316,22.538447637257086,22.462746784839286,22.331404790824866
23.66992762897415,23.653578131123805,24.040403838741426,23.48147142448581,23.598805159714757,23.182015726122934,23.055991820286067,22.54196266732194,22.466028651035963,22.333992839715236
23.67561710215265,23.659095298774982,24.04586857003501,23.48629232103778,23.604009851200303,23.186262305825576,23.060566429893605,22.54436801881532,22.46824422916564,22.336005409968042
23.681531559638103,23.664625429895466,24.051616512975443,23.491215439169682,23.609060394992124,23.190629161378276,23.065555930045768,22.546654203754336,22.47062476655445,22.338679563384083
23.686815647162256,23.670088504778786,24.057358428423676,23.496897674808544,23.614418844957505,23.1952353084213,23.070007036000355,22.548873781097306,22.472988633994582,22.340874214855265
23.692628556227593,23.675787254438937,24.063329332150328,23.503188298984774,23.619944179779818,23.199845513027494,23.074375140429666,22.55060284923061,22.475527743966275,22.342718282391377
23.698241381190556,23.68127988421408,24.068484764825364,23.50907963807583,23.624925326787167,23.20437173526126,23.079127045318366,22.553368151367877,22.47843265549516,22.345001947631097
23.70354362475204,23.686669543469286,24.073592071469786,23.514600385654386,23.62994950453013,23.209098147540796,23.08378004811901,22.55665912215389,22.480949400429058,22.34729809000452
23.70923839610063,23.69174777786999,24.078928673531944,23.52032737494075,23.634794358213597,23.213712233790446,23.08815682322731,22.55940969123497,22.48291450492324,22.350129723287683
23.714627297501796,23.697352199615523,24.083738494488387,23.525614827037238,23.640100983488818,23.21784508320976,23.092836274912635,22.56203368501964,22.4856328446613,22.35242101446319
23.72001029373676,23.70316150755461,24.088933138507134,23.53110295787848,23.64547956120053,23.222059800542823,23.09747497416934,22.565517315571142,22.488997610704835,22.35442660331923
23.725735157223745,23.70851826076195,24.09480930302168,23.536772140357563,23.65032304574084,23.226874336344977,23.101947028538238,22.5687302348442,22.491932142369834,22.35677820926888
23.731352484886674,23.714166831131728,24.099927230209598,23.542476572562396,23.655426861035757,23.232029242641513,23.10612806942696,22.571071264530225,22.49483855746043,22.358749662433507
23.737251083023327,23.719908013049608,24.104800926972544,23.548278424202383,23.660409900198765,23.236521939864403,23.110799322943944,22.573709385618027,22.497716708349635,22.361488386003046
23.743415273023643,23.725017297557855,24.11017911076232,23.554055887429676,23.66589028312358,23.241218409379062,23.115476509587275,22.576450048362005,22.500026165233695,22.363895711911223
23.749339416186505,23.73011616727168,24.114830855656486,23.559763192227557,23.671282496971678,23.2453108543646,23.12068084828475,22.578651744132078,22.50305921927611,22.365914108150218
23.755303607701084,23.73561260160267,24.12031308470808,23.565300749965044,23.676122117076027,23.249584589544977,23.12552380934774,22.58171829396334,22.506119422360925,22.3683234420212
23.761239453334824,23.741019831813645,24.12558111104156,23.571263963061995,23.680808968766197,23.25460146796949,23.129994427261437,22.58507316761097,22.508491724027802,22.370555875010247
23.76637863124525,23.746774597141066,24.130693060772064,23.576521582659346,23.685722509900778,23.259553309292976,23.135112583066956,22.587890405424407,22.51064364260126,22.372900055956137
23.77140231774987,23.751990942446483,24.134949333658273,23.582040957515808,23.69042440388167,23.26411451158107,23.14050467803264,22.590696526765836,22.51318034499487,22.375880595143208
23.777657685578614,23.75771370616374,24.13953722624665,23.587458316706794,23.69519045453654,23.26811384590497,23.145002169256742,22.59392360656029,22.51551110281507,22.37798411252904
23.78370811977056,23.76357388616061,24.144901202468752,23.593396977243295,23.699968609164713,23.272569481604943,23.14894131522072,22.596767260347246,22.5184924134906,22.379842902487432
23.789077183258485,23.768931276609703,24.150337938160675,23.599156887940676,23.70449667239251,23.27755870324165,23.153533745643525,22.599843192435813,22.521592073184713,22.38236463917322
23.793955252698055,23.773827228343308,24.155476567480516,23.604688657931057,23.70897841765821,23.282600132502992,23.15855806646217,22.603435014898146,22.523933611287504,22.384495586993967
23.79955632622542,23.779652426364017,24.160908180756195,23.6105099875492,23.713387670877285,23.287486805302947,23.1630765949372,22.60604656290786,22.526238531365166,22.38719661612031
23.80524019466035,23.785168010287812,24.166156268678858,23.61721761183242,23.7182448329022,23.292111023059373,23.16731446838357,22.6083899779358,22.528358211479592,22.389601358437005
23.81021111406696,23.79043489555169,24.171720166174964,23.622848293302823,23.7234669798074,23.296988372577886,23.170993422362862,22.61173117375099,22.530635821070714,22.390974746635017
23.81542825421077,23.79606637024572,24.177506951023325,23.628502998842052,23.728328974787516,23.302035367721835,23.1752143489911,22.614885426551993,22.53325563713052,22.393518280557206
23.820566054978713,23.801771667387285,24.18305499912718,23.63427851272195,23.733689895369395,23.30650123588503,23.180074424908533,22.61753799136158,22.535930973069934,22.395575310548903
23.825433242298033,23.807127609333154,24.187805299563298,23.64006394777882,23.7390201977227,23.310879463341475,23.184948481209208,22.620595381432413,22.537992209666932,22.39783985232393
23.830698047511927,23.81230085795483,24.192476219933493,23.645710696079103,23.74408066140112,23.315586015886517,23.189278769218618,22.623812342869773,22.54012365556327,22.40031425681326
23.83615582154266,23.817632059841607,24.19788810667418,23.651536297954763,23.74911265389045,23.319980563701872,23.193905156489475,22.62643358819549,22.54309352660964,22.401421347329386
23.84178225113387,23.823263319889175,24.20318370467608,23.656902430928454,23.753887111030444,23.324477504528616,23.198629802802834,22.629599607075505,22.54637574214947,22.403410600553883
23.847675559186186,23.82917441836724,24.20832579601906,23.66241500991386,23.75873846367889,23.32909878478132,23.20327862383554,22.633175655024434,22.548663245271726,22.40644987440161
23.85332703983221,23.834903949073905,24.21295691548316,23.667964416379963,23.76390038041051,23.333869959018926,23.207480499137347,22.636430866820035,22.550695595947087,22.408224379786283
23.85800108556872,23.840337362236937,24.21897014837287,23.673368221176844,23.769235375388913,23.33870625701062,23.211970525127967,22.639049168365087,22.5537523988966,22.41026794975653
23.863365106950386,23.84582610791325,24.22518043273569,23.678509606682482,23.77406867924279,23.343396234247646,23.217187577418677,22.6418678709655,22.557288527442196,22.41215698537306
23.869256209554116,23.851092594817942,24.230291222212827,23.684086612189365,23.779191671438088,23.347819057976082,23.221448516072243,22.64452529308999,22.559707150132397,22.41370000179364
23.874577273804324,23.85611840442521,24.234167149230892,23.690621086817995,23.784113504751137,23.352524365627186,23.225484961219728,22.647270817116727,22.561280063690656,22.416303664468945
23.879963361796918,23.860951683751598,24.24004793973321,23.69646283417874,23.78889308671112,23.356892473316275,23.230750432428522,22.65041300450165,22.563584592196978,22.418586607374262
23.885268197143784,23.866211063295907,24.24451941102123,23.702017299047974,23.794120360568844,23.361213048419444,23.236377639962345,22.653990273340337,22.566373348512382,22.419962142322653
23.890569705513137,23.871865452630296,24.247984883903726,23.70760927314741,23.799177419114216,23.366124828375234,23.23961390047071,22.656544687379867,22.569586923610995,22.421714991566397
23.8957486502116,23.877907865866877,24.251425601528776,23.713708607765305,23.804028367293157,23.371621311246138,23.242666872821562,22.65895241116496,22.572205214764374,22.42343914525894
23.900733952928892,23.883746991558752,24.255732260188854,23.720331573982815,23.80866694042787,23.376653443578785,23.247373523171877,22.66139008305066,22.574156076989425,22.426100158412396
23.90629167739432,23.889471720148396,24.260931567708116,23.726575013887853,23.81393722642166,23.380917701221613,23.2523203147528,22.664644218200735,22.5767249188167,22.429400657793952
23.912633095132453,23.894441387529078,24.264981799927053,23.732175579725666,23.819160289045506,23.38491773456515,23.25630793367332,22.668128776389835,22.579601350798512,22.431055292548947
23.918168550376606,23.89956875572458,24.269166487044266,23.73734245921923,23.82418500050944,23.38922249743336,23.259978445600794,22.67147684052955,22.582107230373794,22.433006407614133
23.92342769287979,23.904668900492496,24.274641689300797,23.742379693998,23.82905964038981,23.39419948090007,23.264277195518805,22.674163933358358,22.58455836039107,22.435654717758315
23.92898590597971,23.909951192987357,24.279886883818826,23.74778243068949,23.834295086273947,23.399181451836796,23.268708168350937,22.676768028729263,22.587169049454264,22.437348436013707
23.93443515933093,23.91550028168007,24.28394565004117,23.75397475554324,23.839482004699416,23.403788403625676,23.273350830919483,22.68000827530901,22.59001151197531,22.44009226097773
23.940102107264632,23.92084689121443,24.288128053117926,23.7607732667073,23.84428307071139,23.408257605284906,23.277628392377846,22.682978339042194,22.592719624202072,22.442042174209163
23.94577205677292,23.926779807693784,24.292684729097225,23.766704674045513,23.8494602645467,23.41341453364241,23.281531020471682,22.685445791245918,22.594992759528584,22.442818976324688
23.95126804410925,23.93320486769996,24.297802374723254,23.77309414047295,23.854776569847612,23.4183360641703,23.28557463267506,22.688322071176117,22.597608524836517,22.4453369483426
23.956800296149176,23.938496540073274,24.303302555372763,23.779579950034275,23.859952998099732,23.423186378771295,23.289850586422634,22.69125405966347,22.60039384540081,22.44774706476607
23.962574736091547,23.942772505757887,24.30759755698108,23.785116151921475,23.864865815058714,23.427700563093037,23.29402516928202,22.694533166535923,22.60254010138226,22.44927013410177
23.968057263915853,23.948004651448116,24.31149271526951,23.79036727942363,23.86987500487465,23.432382928455915,23.298390343186192,22.698267763785243,22.6052814678286,22.451344170495275
23.972873505039622,23.953897186683236,24.31650427531922,23.795558583017456,23.875540051594307,23.43748050814053,23.303396739453422,22.702031706702424,22.60839476926059,22.4536444854696
23.97864637997502,23.959727443344384,24.321751288138437,23.800659421124344,23.88086350587526,23.44236226686721,23.30792796418698,22.70560482015479,22.610943108705005,22.45446683234846
23.984009967434865,23.964896141840974,24.326217498104565,23.80556281966324,23.886129456514777,23.44696743183745,23.312314810807123,22.70913461443172,22.613309118267424,22.457085591575154
23.989314514825626,23.970204906735894,24.33099036836898,23.811550073099525,23.890936246583312,23.451764689228373,23.316302703566958,22.712409221188878,22.615594482954254,22.459790776643906
23.994474380392013,23.97558521364325,24.33618905492224,23.817302063650793,23.89563958157501,23.45650593379822,23.320880790054126,22.714725074529618,22.618028921490474,22.46148143139257
23.999357529674427,23.98011571101856,24.34118082780585,23.822923416051832,23.900848080815553,23.46146661664247,23.325795569976385,22.717568503623482,22.62088726198448,22.463453126943644
24.00453286816515,23.985068577920575,24.34598454594939,23.828454022991128,23.906719873623558,23.466119144240317,23.330487814002275,22.720521032732343,22.623547129260185,22.46535219398511
24.009903347006514,23.990379882039278,24.351412239566386,23.834450015113493,23.911569692640814,23.470288874912555,23.334956438943372,22.723679502301,22.62571885416981,22.46706691265327
24.015388652504328,23.995695689374376,24.357195034027406,23.840275468087576,23.91661262026938,23.474999768864592,23.339604479352936,22.726782706005913,22.628140734294657,22.469587301008215
24.02113764054278,24.000815046483027,24.36269099777341,23.845386865525985,23.921876102337116,23.48013135133249,23.343993539897802,22.730463803934008,22.630940478255933,22.471848824547507
24.026986488222505,24.006146313944594,24.3671163591097,23.85092191649441,23.926600095713848,23.485368687202396,23.34857748453293,22.733521606851195,22.63320729443402,22.473421693002287
24.032494368728837,24.011151322300254,24.371741777934997,23.85726411486885,23.93138019699466,23.490095608162957,23.35297221005538,22.73627326792013,22.63516320349142,22.475851598971595
24.03798727292235,24.016415011730537,24.37687298548559,23.86179281311825,23.93653566852717,23.494832150278427,23.35739845451204,22.73930846824369,22.63791439070949,22.478167676239043
24.04329978498188,24.021220621614027,24.382531556589363,23.866624820811076,23.941803764757047,23.499745471460916,23.362227746575893,22.742101066715232,22.640671920302392,22.47964347462841
24.048069367244995,24.02587774735752,24.38821807762897,23.871920095328658,23.9466150368205,23.50496829651263,23.366591796107897,22.745292447214986,22.643486312173874,22.4818107549592
24.053825743943346,24.03053137823739,24.39348697122456,23.876786997186628,23.951851158398295,23.509960128771567,23.37028770236173,22.748758049765826,22.646339153303465,22.484226133714937
24.059354588593056,24.035860807546754,24.398565712622045,23.882413506394258,23.95644824587241,23.51469571549388,23.374281616284698,22.751099715429824,22.648733220512298,22.48566380017627
24.064847519362637,24.041246160094985,24.404828554692514,23.887758537814328,23.96065864378309,23.519277046094864,23.37918615728448,22.753976278246956,22.650635987069098,22.487711639202953
24.070681820722267,24.046738538360536,24.409944349445148,23.89280618638756,23.965388443812223,23.523694634665876,23.383793021190513,22.757261471522035,22.65323563863214,22.490287002862903
24.075613198149533,24.052237448559563,24.414037769978812,23.897777574568945,23.970013846119336,23.527963211806295,23.388117425815654,22.760249030397986,22.656233064494003,22.492115725589457
24.08087478865328,24.057573527241026,24.41903089149085,23.903189864956897,23.97460447858958,23.532465594408336,23.392674863085844,22.76308503200122,22.659292726208715,22.494363684466762
24.086747405910533,24.062724560012487,24.42440973829465,23.90886305089207,23.97939352323519,23.537078454189945,23.396813888787396,22.76650296523917,22.66219685091482,22.496821286582
24.09194001577749,24.06767495064319,24.429876167019962,23.91518019365453,23.984034091678886,23.54149769183975,23.40091708286591,22.77018260864007,22.66449892974249,22.498611095106845
24.09746512158018,24.073067888885653,24.435219751744974,23.920261674158517,23.98885083125217,23.546016529958816,23.405297369108787,22.773257730795436,22.667188648836365,22.500826089166473
24.10309919947226,24.079182266128893,24.440225388602133,23.925246357164927,23.99380033531623,23.550412133534305,23.409887908547702,22.77639542620082,22.670543471299794,22.50294204053067
24.108447156472383,24.084536100081717,24.44497167077703,23.93154627272196,23.998411721348653,23.554755438792295,23.41437694059879,22.78005694486495,22.673148618334157,22.505085918620857
24.113859543399357,24.08936624382019,24.45030394278742,23.93673544615655,24.003360752912993,23.55931449765142,23.418445906118023,22.783592121456916,22.674695817831857,22.50754449137083
24.119550764610263,24.094350748751708,24.4556657934144,23.941894329914764,24.008734797600667,23.564692792265998,23.42285695802614,22.787006452136715,22.67663897647813,22.50939712013882
24.124891688550974,24.09993028482844,24.460730223210696,23.9477282304032,24.013518473423634,23.569700691031453,23.427639919238917,22.789872566482757,22.67970357658335,22.511467039755235
24.130569015675665,24.105752893379403,24.466203551348734,23.952759097058525,24.01836578923742,23.57353055063974,23.43209095003462,22.79313229180701,22.682861876642676,22.51326614455264
24.136112078510223,24.110918851948007,24.471630451049865,23.957530864830296,24.02354154038589,23.5774958516376,23.43647224571601,22.797143204397308,22.68573004763381,22.51553461041109
24.14183010179247,24.116070078691052,24.476104646160074,23.96293538464027,24.02851199708355,23.582440069634345,23.44093639220032,22.799931899654542,22.688446054671125,22.51790373731796
24.147264270882758,24.1211817669168,24.48078594869071,23.96822873503536,24.033163604852366,23.587055843670782,23.4455063158111,22.802881997640505,22.690990515002905,22.5196365140948
24.15225590239682,24.126030334130263,24.486097161370473,23.973334674934268,24.038241189531163,23.591353955396098,23.45011922519612,22.805268478194254,22.69383552409691,22.52186945745022
24.157926542185404,24.13138469354748,24.49177677699936,23.97877802942987,24.042948596832538,23.595541001964648,23.454600950987032,22.807953314357743,22.69684107249774,22.523957853157725
24.16299848669926,24.13639807005655,24.49744128864877,23.984928920764382,24.047485150758394,23.599906525266135,23.459109426526915,22.81176523808091,22.699457223989814,22.52588767968911
24.167469837705447,24.141210200423483,24.503100453353195,23.99050660904424,24.05209350394586,23.60497518250878,23.464225302438095,22.81472896212547,22.70212964242999,22.528031520185266
24.17294620356042,24.146917644998275,24.508893851784407,23.995404062917306,24.05699988331825,23.61003491342491,23.4688181394879,22.817253395769587,22.704710434343486,22.530189601523848
24.178398998275725,24.152960045720206,24.514274006732624,24.000062967281025,24.061619716396983,23.613987366137344,23.47292221769913,22.820425089858233,22.70750423354898,22.53202292406457
24.183725354629438,24.158188879915908,24.5193302647585,24.00489549757883,24.066113727629975,23.616961579182423,23.47747507227188,22.823955635920676,22.710838195631645,22.534146417349724
24.189170047528478,24.162962492196172,24.524040440994128,24.01086139657074,24.071451956836928,23.621043120416523,23.482062884381225,22.827351659412862,22.71375622493007,22.53632610648715
24.19477168307184,24.16820484589385,24.529513282707672,24.017135221607138,24.077148131731946,23.626181094327755,23.48614851117853,22.83082854883995,22.716164584531615,22.538624995726472
24.199840550250332,24.1732313996685,24.535511041389732,24.02260706970093,24.082322609591923,23.63123605528107,23.49027212531344,22.833062954918255,22.71931268460753,22.540287078948555
24.205243499556293,24.177942610494885,24.54081300700662,24.02786018971467,24.08735063807977,23.635282966982366,23.494878143289842,22.835477020718674,22.722860878779855,22.54220417020597
24.210787857779806,24.183561615298707,24.54615044655054,24.032539907587992,24.0924808807725,23.639274167037023,23.49950672841957,22.83865581190657,22.725209969513305,22.544551153842754
24.21603046829859,24.18882471190536,24.55151321699296,24.03716598377666,24.097183250703907,23.64335717170162,23.504115564764763,22.84232631467901,22.72745160139211,22.54622390010679
24.22128158293158,24.193924392775855,24.556455188330734,24.042721035733358,24.10187268202656,23.648026094795632,23.50828261892593,22.845452729079398,22.730249142579837,22.54861004791585
24.22663973034206,24.199594575634634,24.562006590011002,24.048868939821922,24.106657952001473,23.65268364751937,23.512844382084843,22.848301295740935,22.73284167274502,22.549842236280856
24.232276498327423,24.205034697210323,24.567558298966365,24.054331752258925,24.112023070546012,23.657122288349846,23.51752830020086,22.85151917588239,22.735846410780944,22.55191807423489
24.237806713914143,24.210110948401272,24.572751100980636,24.05999593420721,24.11688311500282,23.66127617678938,23.52201519125416,22.854741362806614,22.73854590664167,22.55456994342728
24.24357162293436,24.21528834193785,24.578274690070366,24.065138087597212,24.121620578032466,23.665755188594918,23.52611730858898,22.85721933001252,22.741044265338246,22.5558663402414
24.249337178697576,24.22086537990203,24.58378769350139,24.069957947320336,24.12635418273103,23.67030022003897,23.53017989886896,22.859796882511688,22.744438137286757,22.55827478640778
24.254414010489747,24.22607251033289,24.589528698545095,24.075283765139513,24.131393406642445,23.674593980922705,23.53489547346927,22.86337339459812,22.747032692475358,22.559615986990885
24.259994666659587,24.231586065865343,24.595073981796798,24.080782589297243,24.13621579202338,23.679112304803827,23.539335641267986,22.867242194505426,22.74874313746953,22.56079090896985
24.265380267885725,24.236743060495453,24.60021506258007,24.08653900895615,24.14167772765456,23.683185786965716,23.543269171386413,22.870343712941363,22.75108679755119,22.563090453876825
24.271379324350875,24.241782414400724,24.605567837149277,24.092193036033734,24.146306940586587,23.687439090491726,23.54782035964871,22.87314253509683,22.75391391481136,22.564545345430275
24.276343100256057,24.247814440233732,24.61133992190525,24.09767828527294,24.150888291079955,23.691935267792314,23.552638515478876,22.876273010207786,22.75671077334924,22.565638022529836
24.28098184051068,24.253243243221604,24.616495797125207,24.102974578398715,24.155811459103642,23.697074329684167,23.556120332782893,22.88031218379019,22.76006877807834,22.56799674626324
24.285511757619332,24.258106387965626,24.62094979612958,24.108282211992403,24.160915566193527,23.701231647893994,23.55993935174872,22.884232998961465,22.76254607997627,22.569754234560754
24.29067006852184,24.263307198871704,24.626058961303432,24.114348084816907,24.165225855705653,23.705476252761617,23.565264869523528,22.886905390462104,22.764676692903446,22.570946902590766
24.296046302371202,24.26846974453387,24.63159104513496,24.120320447025673,24.169368667556764,23.709409745076826,23.570462303814512,22.889483907100843,22.767307775789472,22.573259551367222
24.299883343291473,24.27427805689499,24.63723680029265,24.12547516956323,24.17414263243519,23.71326625274841,23.57449275875117,22.892839840019473,22.769575818940492,22.5749963105523
24.30430526221977,24.279394926656856,24.64198886318856,24.130604696354393,24.178816408770448,23.717524064388765,23.578272089802983,22.89632429394457,22.772137473326456,22.576355717192165
24.30934750391275,24.284279469093768,24.646898323236755,24.136377553462975,24.183252280410095,23.722283704882365,23.58248537241788,22.899980285704263,22.7750551290938,22.578562956844376
24.313434545672663,24.289235953427703,24.65217979059103,24.1424039081325,24.188480424121934,23.726533887003743,23.586746204961642,22.902512977725213,22.778055751105644,22.58082377973187
24.31778358906668,24.293668945630316,24.657382188824148,24.147954190382073,24.193772202253964,23.730678292549477,23.59137734786247,22.904889071919353,22.780637864664968,22.581946969086317
24.322678408954573,24.29877617772695,24.66244593525787,24.153476450494757,24.19807176756999,23.734545434189997,23.596006166260768,22.908152736543308,22.783304171052574,22.58414900179075
24.327571915262432,24.304076776109603,24.667686466019802,24.1591277925301,24.202100463995585,23.737960433795955,23.600230939262453,22.911857811572702,22.786176898885063,22.586782186442406
24.332310567102514,24.308668833490152,24.672724443823626,24.164532512922463,24.207010528941197,23.74252733714429,23.60485507722933,22.915244830585223,22.789103694518246,22.588273146336615
24.337763537735807,24.3138734110821,24.677840939474013,24.170012817385537,24.211781135775535,23.747808050502538,23.60897335252107,22.918330498334633,22.7917837224468,22.590064122177125
24.342677649181784,24.319470375188963,24.683596477421702,24.17567091322667,24.216328530208475,23.75226449828726,23.61302769293576,22.921340184698067,22.79418352237318,22.59288715237815
24.34738688828707,24.324840275535934,24.689205586187516,24.18142390479484,24.22137342762951,23.75622702139903,23.617295616108464,22.92510373508221,22.79687786163054,22.59464664136486
24.35236501083505,24.329361679618696,24.693775328760857,24.18657872876452,24.22636781745984,23.760136602643577,23.622160956605946,22.928623414331597,22.79993653175918,22.596220645374025
24.35760191781612,24.33423603232495,24.698868816074206,24.192692755937344,24.231724591646554,23.764301722383557,23.626719247699363,22.93122123269764,22.802755895993375,22.598448000165725
24.361916568219897,24.340082859774714,24.704276454782267,24.198458172494348,24.236055548873377,23.76846927674377,23.630044848766456,22.934572138557357,22.80495574460096,22.600181135157257
24.366948089281554,24.345855241985245,24.710325520292656,24.203240070183647,24.240534226283774,23.77294089050124,23.63418816873313,22.93782915714403,22.807334463775785,22.601891768642226
24.372589461992224,24.35116524023921,24.71583285340584,24.208488696343366,24.244678839217343,23.777851202987087,23.63950871510624,22.941032205663234,22.8101905199245,22.604175153694293
24.37751072805172,24.35639456213795,24.72048469536653,24.214313819352384,24.24846749721084,23.78186903660696,23.64367690490444,22.94420982296287,22.813838940786965,22.606487663877274
24.382052598748672,24.36155325917514,24.72564609978441,24.219237114276055,24.252884657125616,23.785891200284173,23.64713866917594,22.94704394817675,22.816861469524902,22.60857733611121
24.38757169959175,24.366793871522212,24.731512117742017,24.224261503056525,24.25763769636618,23.7904489260349,23.65123571831323,22.950041812915714,22.819249396255238,22.610299940570897
24.393301534122923,24.372210748544028,24.73740303818294,24.229760216144285,24.262221329037118,23.794930763053284,23.655884091794462,22.953544873146768,22.82230959438758,22.611940744485235
24.3986351807313,24.37726679000557,24.74270205553443,24.235582292699355,24.266426401997933,23.799096253025425,23.66049870312728,22.956830881110378,22.824769711015417,22.614666748662387
24.40397811717006,24.382576661698337,24.747257639062276,24.241292337235784,24.270640179990075,23.80362223840363,23.664655718435817,22.960517935161995,22.82708435293809,22.616404430886462
24.409569479466583,24.388481424428214,24.75252432575935,24.246773442615208,24.275252128145755,23.80788830307791,23.669252142515738,22.96405584521026,22.830131147474432,22.618169202247948
24.414771342176792,24.393987807160368,24.758016160906525,24.252422811228808,24.279228476228138,23.811967421425983,23.674105270351294,22.967199944378137,22.832953034608558,22.620339874662577
24.419757164905803,24.399054561583448,24.76371996178633,24.258182542201308,24.282897500568584,23.815877145108345,23.67800932722977,22.970785583733793,22.83525028466495,22.621605811553643
24.425019992518955,24.404643989744557,24.769584326327916,24.264129425618503,24.287425184245492,23.82032533769001,23.681628978904502,22.974189817249204,22.838206871848072,22.6236790642778
24.430112361516763,24.41083956891768,24.774404198607005,24.269389707206624,24.29239856007549,23.824661761272438,23.685920885256877,22.977151111898376,22.840443766073054,22.62587446165312
24.43571206956883,24.41637707984704,24.7796611917897,24.27440669626195,24.297155423946045,23.829213966305424,23.690826326373028,22.980274296094546,22.84310824322433,22.6274522503939
24.441274787915766,24.421732496239525,24.78521669612101,24.279943431051244,24.30087063202832,23.833695311359744,23.695619617563956,22.983672654068307,22.846168942038645,22.629471643608213
24.44719609471884,24.42683832775947,24.791070170716957,24.285671676647894,24.30365450667225,23.837686682736692,23.69958822132432,22.987476579467515,22.849235828456745,22.630855110318922
24.452168938014744,24.431993592558836,24.79669937853575,24.291022762998384,24.306925738380766,23.84178413420589,23.70410012299206,22.991287918862298,22.851637097499697,22.632645633381024
24.4574008296688,24.43749592632786,24.801841012535057,24.29625321585617,24.311372992543753,23.845520114649204,23.708986972583848,22.99429483201485,22.85399370529541,22.635207454001108
24.462418842155095,24.44284115212744,24.806864209771994,24.30167766186718,24.31531165726645,23.849414472649144,23.71288642261694,22.997541889002264,22.85676813798636,22.636391455011136
24.466692137238148,24.44775928083063,24.81265781036121,24.30680257905714,24.319333907750867,23.853673745428495,23.716792631311957,23.001222904057684,22.85969104554328,22.63798571245517
24.471344486577863,24.4530658758622,24.818649506950567,24.311777593798382,24.323109665055597,23.858041201513885,23.72083923028869,23.005008624714268,22.862601340249768,22.640068706662596
24.477003274448236,24.458665367656145,24.823748810435212,24.31781265238543,24.3270442811435,23.8625683505228,23.72543536097662,23.008265556415534,22.865221558935097,22.641679888820573
24.482393476699855,24.46404024258289,24.828888569957126,24.324310314267148,24.33059411295949,23.866722224052968,23.729536266421334,23.010455248904634,22.868233399519788,22.643707972472722
24.487383117185296,24.469377120330783,24.83390118228824,24.329699526914418,24.33468248204306,23.870156560737016,23.733048434557308,23.013723467454717,22.870954483521256,22.646218282037808
24.492033035505823,24.474825089917537,24.838831065780287,24.334226659020153,24.339089723812087,23.87433607929188,23.737384749906756,23.017363426956777,22.87389070877611,22.648162545107375
24.497479363542176,24.479543636743596,24.84355292311742,24.339584066936975,24.343954850684327,23.878834083135697,23.741899410280553,23.019398654531976,22.87674701773573,22.650523325157405
24.502862389867545,24.484464274003162,24.849640321159583,24.34534967063112,24.34908406120462,23.883288775124054,23.745951989845153,23.02182600642285,22.879987652061576,22.65285263989751
24.50781304705291,24.48994804641654,24.855366837916474,24.35096601583072,24.353629886652683,23.88777916165629,23.74979657847197,23.02479830806392,22.883043831021975,22.65437693755636
24.51287047121328,24.49473349805639,24.860126982348167,24.355904670234587,24.357234567468318,23.892023705918845,23.754381092219184,23.027779729979677,22.88623744496911,22.656592134161627
24.517923961332006,24.499613801365303,24.86502236052296,24.36179336864761,24.36143204014938,23.89635050249921,23.7590879655934,23.031350294348325,22.889209705243427,22.65878140996029
24.523196803561472,24.50542836848621,24.870973205738874,24.367896380804122,24.36640187198151,23.900894498202913,23.76323084417956,23.034684921411333,22.892391689230088,22.660600668007397
24.528443763335286,24.510982944585752,24.876211827699954,24.37328367327561,24.370836366217382,23.904794360480967,23.766933762376855,23.037328481765055,22.8951994459487,22.662419468237488
24.534091345839563,24.515986949156577,24.88111347112556,24.378647393225528,24.37555299160544,23.908488297087196,23.771365565199304,23.04020252596124,22.897665008435062,22.664135650884912
24.539681160663434,24.521518799491567,24.88701292619126,24.384072966804887,24.38048814841327,23.912288798908847,23.775940660902386,23.043528350091083,22.900407236813493,22.667132331769917
24.54493401802372,24.527402224947686,24.892106567474723,24.389303013876184,24.38519568291288,23.91650184799918,23.780389626400144,23.047006236356346,22.903183768189134,22.669174719414947
24.550687543530643,24.532770253832638,24.896719944823246,24.394803794395056,24.389462669214225,23.920714030714763,23.785181559224124,23.050433800039375,22.905985955602553,22.67034068373001
24.556339596124857,24.537703215189786,24.9015755926865,24.400675576143005,24.39416278448895,23.92525407492288,23.789553644959387,23.05358998378648,22.909186623495703,22.67247409006547
24.560898488554393,24.54284526618163,24.906700218429734,24.405936566270732,24.398051262111267,23.930035453073756,23.793636934415673,23.05645410106124,22.912678987458364,22.67459770436691
24.56602169570251,24.547827291180205,24.911751133887,24.411096409171368,24.402521173598032,23.934326884109645,23.79810426527097,23.059655658477016,22.915769520354225,22.676714458973247
24.571032314930857,24.55332139697544,24.916927374591047,24.416332080473158,24.40784061759782,23.937855098246178,23.802544496415457,23.063025741636224,22.9185338437968,22.678791317110914
24.575612987391885,24.55897231034958,24.921962023442138,24.42201654020565,24.413045294077413,23.94140793340702,23.806906829192293,23.066783801325506,22.920898246482654,22.680373318295473
24.58070617668582,24.564199628055302,24.927481830426494,24.42749916304979,24.417262893001986,23.945845718059356,23.81068245722316,23.06973525586151,22.92414064397295,22.682396781187435
24.584564908958882,24.569391968648485,24.932668590646394,24.431470290281645,24.42162253608895,23.950150453899607,23.815073301744523,23.072215735204686,22.927392768961965,22.684850886286526
24.58836176745514,24.57491772645566,24.937063047715267,24.436455728721352,24.42598731782567,23.954005156675198,23.819374336680895,23.075431134966706,22.929494415912014,22.686552116783723
24.593062883829226,24.580319679093744,24.942265465002937,24.442256307067716,24.43061031877686,23.95815314557412,23.824031471373935,23.078371174461743,22.931970098384436,22.68861160345239
24.597826624470596,24.585428851615227,24.947607937017796,24.447639889499353,24.435445233505448,23.9617238079185,23.82809099856146,23.08165808425079,22.93558465336242,22.690330314243386
24.602286387756568,24.590424123853513,24.952428939958327,24.453097058110952,24.440270710199844,23.965539595445627,23.831898418107045,23.084921035822518,22.939124926047278,22.692518023874175
24.606648661783677,24.595282972254875,24.95763545443927,24.458331435560385,24.44496561815142,23.969817473241267,23.835358586429003,23.086594628174343,22.941753508544288,22.694873714784837
24.61078638986357,24.600762820181426,24.96303676211778,24.463432428849643,24.44972769544847,23.97381904778808,23.83917225892327,23.089093362601204,22.944718645033117,22.69676447552079
24.615928452911817,24.606418875697884,24.96865484855376,24.46829129979144,24.454505772809746,23.977528733270333,23.84322845245726,23.092760957782538,22.948111254385463,22.69903761448017
24.620740369252378,24.612082703183845,24.973725555458746,24.472360803099427,24.459338612785615,23.98184610098341,23.847751951477036,23.096041509681534,22.95131623960912,22.70080899039758
24.625069034721943,24.6174866951975,24.978639476018,24.477352979370302,24.463845539475727,23.986284561552473,23.851966062113515,23.099196690178324,22.953961929238726,22.703009665446295
24.629839270355326,24.622396702615745,24.98361409278712,24.48298382789398,24.468887057728157,23.98982745726089,23.85635341884492,23.102298319772597,22.956384484041955,22.705689320667698
24.635188440272834,24.627987238766266,24.989234594543127,24.48790418334984,24.474096034744743,23.992883520116695,23.860739747271754,23.104664119969,22.959899625106395,22.706979888930277
24.640227820508418,24.63322027422815,24.993876947996153,24.492572804547017,24.478719125039845,23.996584383181464,23.86468093867213,23.107968888459695,22.96256699353328,22.708468908074142
24.644815734679362,24.637760260313847,24.99836672543652,24.49889981225283,24.483206401665246,24.001205852668576,23.86908941702648,23.111544339615907,22.965068353798767,22.710601192789408
24.649957462754728,24.64236143875241,25.00337102356277,24.504964245501423,24.488029812873293,24.00545819489125,23.873575968594288,23.11470232802575,22.96797444259672,22.71314522610712
24.654938321664297,24.648142495487072,25.008857983415016,24.50978097701542,24.492102723797366,24.008917188020376,23.87782453819533,23.117978674226194,22.97070483252837,22.715696418824756
24.659076465084446,24.65344188472756,25.0145263453178,24.514669692905244,24.496390105694623,24.012247738101152,23.88174607621238,23.121614615049634,22.973391312525095,22.716810700735635
24.66404469500112,24.658275312514316,25.01906382018156,24.51980815157325,24.501383195232023,24.016240500605583,23.88590783487894,23.124508530220822,22.97662797143842,22.71858407439457
24.669925601439612,24.663984117266594,25.023450100960556,24.52454010972746,24.506129822400208,24.020913026455,23.89048301982724,23.127973558793578,22.979596292469644,22.721379349134352
24.67465538004399,24.669591826059172,25.02880926265957,24.529403172759245,24.510672461566244,24.02438231447,23.89495831114968,23.131126608726106,22.98201069317313,22.722784102095893
24.679674498341278,24.67469951488473,25.034448305551088,24.534975932919615,24.51588062652042,24.027658925249913,23.899521158107927,23.134932059828138,22.984857523428815,22.725319506916467
24.68489553751331,24.680268285197805,25.039143152608666,24.540780556301442,24.52058750063516,24.03184785403198,23.904163222758555,23.13800370712351,22.987104756473485,22.726989944527432
24.690380758556717,24.685127716971333,25.043656698232613,24.5460069779103,24.525064090659026,24.0362597336007,23.908202075777027,23.140702841197665,22.989394417946013,22.728537734137895
24.695148329332163,24.68980467892624,25.049027708148515,24.550794972512293,24.529808650271498,24.040013234939114,23.912006295958136,23.144215317872817,22.991509663310868,22.730869938679348
24.700102809350902,24.694773069370495,25.054201490171664,24.555305157727187,24.53507009038575,24.044343032491504,23.916609060130618,23.147223112013293,22.99288686613934,22.731444033525992
24.705123150722358,24.7003989892742,25.05957845246568,24.560483724955937,24.539533671735043,24.048257967825727,23.921148957162536,23.150386619530128,22.99476585456612,22.732829914826304
24.71010433121012,24.706016485818893,25.065427978045832,24.56589184340746,24.5435207633037,24.051911917218696,23.925128905177043,23.153934148949176,22.996736900640023,22.73539584584112
24.715375503574137,24.71067108254029,25.069731463677634,24.571197858519437,24.548269316528643,24.055629436454208,23.929038174571197,23.15764113180343,22.99874978728222,22.73674671919487
24.72064870406293,24.71542982079278,25.07393438879269,24.576917218504576,24.55355546477353,24.05921644769411,23.93340307443177,23.160806858321216,23.000156459214793,22.737670187319907
24.72558006829957,24.72071030923264,25.0800386211299,24.58191124116002,24.557512802633447,24.063502449273887,23.937617095009912,23.16404508296769,23.002110973698862,22.740080294123295
24.730929964718555,24.725499376875646,25.085644574522927,24.586747424528482,24.561140428226835,24.067768801705718,23.941478133575714,23.16772475706013,23.0049792263602,22.741883458694396
24.736058374810224,24.73074202077091,25.089439277505413,24.592163260584122,24.565781022730985,24.071876482115123,23.945687749998427,23.17090267373182,23.00791055910722,22.743335870411943
24.74122944790019,24.73628252285838,25.093764013428583,24.597705088514104,24.570637161988063,24.07592399417622,23.950130882880263,23.173259906243878,23.009804222725833,22.74567887053632
24.746170404386408,24.74171365505528,25.099564299147296,24.60300225151771,24.57478393025122,24.07989541172504,23.95420213900044,23.17645069678058,23.012241138079304,22.748027088370492
24.75098777972414,24.746614435739815,25.104495230481984,24.608041333633054,24.579066040016784,24.084201782908274,23.95853792637373,23.180352626241877,23.015266692624895,22.749760898391884
24.756067495001957,24.751771618953534,25.10867574464139,24.612787422740873,24.584119887121517,24.087888730158834,23.96331482371871,23.18410062910595,23.017621431214508,22.751597823053405
24.76105684027537,24.757154028808035,25.11422695413863,24.618163692835946,24.589222327697055,24.091137357193443,23.967284001416225,23.187652319162837,23.019860420634895,22.75378469622325
24.766323760120194,24.76143728976707,25.118919784802078,24.62326397917416,24.59405121452376,24.095352574707324,23.971602317812067,23.189899324716926,23.02254937710975,22.755683722681063
24.771648014018197,24.765645475957704,25.122638291173637,24.628701709010006,24.598708942108143,24.100031279017887,23.976605374702334,23.193450008844216,23.02497563398283,22.75738253487252
24.77656273824689,24.770687709938834,25.126441003968072,24.63421315582437,24.602868779376127,24.1044424771313,23.980877551855006,23.19674952728738,23.028014048815937,22.75964287739783
24.781930382156183,24.776179181331635,25.1300422659569,24.63882228242046,24.606791713761325,24.108318910126872,23.984564565294676,23.19955008458841,23.031128207833305,22.761926813467834
24.78708534970808,24.781167789701062,25.13425044089814,24.64325823706398,24.610920845209602,24.11194123812255,23.98838233031052,23.20314194769599,23.033510791815523,22.76364833820963
24.792262987823616,24.785814964936733,25.13829629042348,24.648851664307976,24.615787154634738,24.11633612619604,23.992222922441556,23.20619093846569,23.036384559236787,22.766237990486676
24.797211997268423,24.79109318993696,25.14287059884355,24.654442481485106,24.62040363644278,24.12024756936517,23.99636888639447,23.209378308038325,23.039105105426362,22.76838723072357
24.80216976148514,24.795937021367877,25.14803240143491,24.659480032309524,24.624823262469036,24.124155348000418,24.0010365913416,23.212204342636014,23.04151344010418,22.770773030145328
24.807612733885005,24.800004204762345,25.152131938023793,24.66472884786755,24.629451083051407,24.12825409639786,24.005900790338984,23.215532035681964,23.0446508965546,22.773017046909935
24.812939986145416,24.804326385332573,25.15607780928796,24.669914801629037,24.634116668350387,24.132432790475576,24.010399272244346,23.21940156221578,23.046824161935145,22.775072656568213
24.818381065546525,24.809883686806028,25.16115166424731,24.674687917232454,24.638313852101174,24.136049575581158,24.01476566788962,23.222908277125715,23.048836719491867,22.7773963897643
24.823818753266416,24.81502974542704,25.166169881748562,24.679616434447826,24.642903986975423,24.13920833142102,24.01942908871519,23.225312671126584,23.052154567734597,22.7794085822641
24.828400643276535,24.819306150383703,25.170716957855177,24.685255026149893,24.64752421640956,24.142668608191542,24.024137174207176,23.22843840530702,23.055066537571175,22.781971343892664
24.833190147513733,24.823975192522255,25.174777130263827,24.69106048565617,24.652733343636744,24.146625581762805,24.02790398079766,23.232338401179454,23.056663727533376,22.78392288489423
24.83820349223415,24.829479802193617,25.17941059546146,24.696259208606932,24.657330500049255,24.150724550513935,24.03191136554598,23.235825836851074,23.058709990792128,22.784861996901327
24.843286225271378,24.8345552438329,25.18422470204452,24.70103918090534,24.661725953840723,24.15461501084017,24.036406253311874,23.238894965407365,23.06182395790508,22.787589374624105
24.848155865595494,24.83950654857108,25.18837170858095,24.70618738865411,24.666352108479952,24.158954094798986,24.04085262821122,23.24205955797947,23.06422406655249,22.789460262271422
24.853243634870466,24.844950104807314,25.19339340717795,24.711109095095836,24.67073513107998,24.16325452507442,24.04445016815461,23.24559491304843,23.06643482176616,22.79137670143241
24.858230859669707,24.849733630993775,25.198825425623465,24.716288061794064,24.67548030110524,24.166798820700972,24.04811291955545,23.248544850523597,23.068996652083054,22.793417244946703
24.862903463417183,24.854324219764766,25.203417734078645,24.721766553922034,24.680514399711647,24.170197835500005,24.05210079745196,23.251229585782376,23.07186977874734,22.795285683322746
24.86767512761294,24.859484952453744,25.20817714914724,24.726471536991255,24.68544771620833,24.17378067125426,24.056189588580548,23.254612636097765,23.074669307369998,22.797541794125774
24.872979461211187,24.86436635191549,25.212881717235703,24.731607670864634,24.689616841193565,24.177433146047346,24.059834452607205,23.257847678863595,23.077412006096832,22.800117042925997
24.878675811480875,24.869572674429044,25.217400135312268,24.736192617717286,24.693997406834637,24.181524544060213,24.06400033559818,23.26046510941176,23.080112641517466,22.80163379755716
24.883327602622476,24.875009427883498,25.222547604507977,24.741455505104007,24.698563747433763,24.18605342265358,24.06815154647987,23.262739332538445,23.082844597579513,22.80342978016393
24.888302510810124,24.879678571334345,25.22770871827906,24.747033527472997,24.703141247744487,24.189100249541088,24.07180493854378,23.26580967340454,23.08591311638392,22.80552216717897
24.893784774789648,24.884259795088532,25.232214382853606,24.752824143813545,24.707596116705375,24.19211840195323,24.075225473881183,23.269565478526296,23.088503395157783,22.807895352055922
24.8986993845651,24.88948679000755,25.236809851430323,24.757641889914627,24.711824561223473,24.19614584005245,24.078288301988515,23.272141648921743,23.09130213854735,22.810722772455357
24.90367823073219,24.894532074132385,25.241366836266707,24.761422667829656,24.716463489532057,24.200575228431674,24.082002045396713,23.275082403677892,23.093747263059463,22.81234666880238
24.908434941669192,24.899388092187525,25.246225833842196,24.765970098701718,24.72172774454807,24.20428299365565,24.086217905647594,23.27808364797667,23.096038154712314,22.81458772053195
24.913979996059652,24.904180897557232,25.250884460641608,24.771852196495413,24.72657093668623,24.207815397794107,24.090244525618985,23.28076399506378,23.09861718344382,22.817147228941707
24.919179543884905,24.909064346852183,25.25593181857921,24.77713210129838,24.730269340849492,24.211810857133745,24.09404276983981,23.284514151101,23.10191131181965,22.818980327103887
24.92302467029845,24.913777414942885,25.26134704441069,24.782026795035645,24.734013100092383,24.215554798466606,24.098224497122537,23.287495511497095,23.104839691799125,22.821484977297686
24.928070478275572,24.918596505094406,25.26522221540467,24.786591052776757,24.73855533828668,24.219345277539173,24.101646031047625,23.290413552154227,23.107439839631883,22.82301425639583
24.933453563244704,24.923807942370708,25.269560385197924,24.79176226822984,24.742716989154637,24.22379061213965,24.104975647899124,23.29398204921363,23.110695812695127,22.825008300956885
24.938237119587075,24.928685344050514,25.275001266317176,24.796760754682,24.747155447055885,24.227833878452955,24.109113497327492,23.296984227096086,23.113846876903395,22.82735637055291
24.94321691976513,24.93391674533133,25.279832468555547,24.801254028618818,24.751440317287464,24.231408670290982,24.11359900715754,23.30021761903324,23.116001223534607,22.829136932391116
24.948456766752972,24.93914907700092,25.284345948702395,24.806206299784943,24.755599448612635,24.235665105199075,24.117590502892913,23.304118984190126,23.118397862211076,22.831490737183255
24.953495936808537,24.94385155620265,25.288643435668515,24.811293656081787,24.759884497052106,24.240606008491778,24.120784129405564,23.306690123410476,23.121432633498888,22.833727216133255
24.95877603120931,24.948378701446714,25.29315642890964,24.816105256246036,24.764164187794712,24.24460446763716,24.124498188832018,23.30948543371912,23.124161689618127,22.836114243772315
24.963767329001296,24.953347786507205,25.297986243897622,24.82067445701412,24.76817375113384,24.248243742536488,24.128723503017685,23.313528611953803,23.126594145613588,22.8387657949475
24.967865406376703,24.959201596517207,25.301482594552773,24.825910974377443,24.772377238331607,24.251510051902365,24.132906810321487,23.31677776907761,23.129464285746565,22.83999935598674
24.97260321573217,24.964494159474746,25.305570472325584,24.831244274606842,24.77786088050199,24.25531998998915,24.136708783430368,23.320211405016067,23.132720648026957,22.841961194570413
24.978098708882683,24.96847437908736,25.31083204576738,24.83581375256284,24.783280634600395,24.259879098344594,24.140823110861653,23.323605752021713,23.135225654143877,22.844494500631626
24.98266800857118,24.973428604925722,25.31506865308316,24.840349218916433,24.788035337820197,24.264905243991986,24.1457799057412,23.3266273502571,23.137327803748775,22.846209077131302
24.987587354225983,24.978689918937768,25.318166745312233,24.84544129825143,24.792181811840596,24.269587411347473,24.15017886659456,23.329966719285995,23.139545341709898,22.848467461043427
24.992880647162828,24.98339308272852,25.321863513378723,24.85048381828269,24.796441064257774,24.274109347946336,24.15370741153715,23.332805501209148,23.14305385786035,22.850521983455337
24.997817865536568,24.987400893204146,25.32654109723566,24.855138454450735,24.800982548807102,24.278334232978906,24.157950781568843,23.33586224864535,23.145710449580076,22.852487915119056
25.002144918965044,24.991688163569037,25.33099775400988,24.860031493238633,24.80526806681325,24.282245636728522,24.16320337282235,23.338957800471754,23.148222141972976,22.854865783494315
25.00672427883613,24.997111792581023,25.33541444582301,24.864555761904104,24.8096863791799,24.28686345854114,24.167065866718843,23.34177159847951,23.15129906235592,22.85642847562151
25.011500050652174,25.001921923042488,25.340018092496642,24.86894195202123,24.814189321164637,24.29119865617966,24.16970873581166,23.344768741892995,23.154519621039192,22.858418845465145
25.016518595488513,25.006212127090226,25.34421713095692,24.874448421445763,24.818348666879405,24.295425599483252,24.17342986381202,23.34805054339977,23.157404934672655,22.86100426864255
25.021701729882288,25.011091437232814,25.348095415446306,24.878816436978447,24.822612585637472,24.299770880962733,24.177977352639807,23.351182408026165,23.15978693051285,22.863007614093803
25.026786012754137,25.01529906939803,25.352378829115136,24.88327215787222,24.827625626041726,24.30393720571976,24.182180184925635,23.353067440746162,23.1622727877131,22.865564086079203
25.03177677460796,25.019780940229147,25.356971517203377,24.888039756494376,24.831734927831455,24.308214687536612,24.186403454355062,23.35537589738868,23.164965780147572,22.867047154001998
25.036782059213657,25.024581893135327,25.361513928797557,24.892111247167463,24.835903344602634,24.312600103120413,24.190551327746856,23.358564110929176,23.16792760423315,22.86784206917958
25.04122972464783,25.02955139511244,25.36598789541735,24.896097171711233,24.840596715737057,24.31688911396025,24.19535009037945,23.36230972435805,23.171696767805436,22.870841926528364
25.045699362137324,25.034354689271847,25.370515382408698,24.90098147373901,24.844814324875998,24.321316718909245,24.199908690884744,23.365948187784767,23.175036042181173,22.872863167641807
25.05098145467422,25.038975671319598,25.375063128226607,24.906442712134734,24.84912298315175,24.324752375923055,24.203301532706686,23.36870089111195,23.17745480587176,22.874458654688343
25.055912322295377,25.043591134197897,25.379798345567487,24.910725524370662,24.85341918639348,24.32807205356802,24.20656579068106,23.3716122933031,23.179892002639633,22.876766846209726
25.060755031194518,25.048754924564843,25.384957290722866,24.91449111678696,24.85790045654187,24.332497290330938,24.21038874595844,23.37460380644754,23.182523764272915,22.87856045399775
25.06570420783263,25.053483608361844,25.390017108912968,24.918440830326617,24.862152905699787,24.337587331312378,24.214439092224215,23.37787455264778,23.1846384999646,22.88039370229264
25.070128105690614,25.058567095261445,25.394235327448147,24.922850412188716,24.866522081892196,24.342066037165203,24.21827196596737,23.381967748598104,23.187531730929543,22.883061131294458
25.074231323972576,25.06356650375627,25.398577811107526,24.92746194516974,24.871158077416474,24.345858780367024,24.222478191457103,23.385299391705555,23.190396286342,22.88462865564451
25.07897028488796,25.06814727276271,25.40322264127594,24.932337750041714,24.875139775297548,24.349652879429534,24.226882221704635,23.388160380989625,23.1926963682343,22.886270143924335
25.08401654301658,25.07315056280643,25.408250331887068,24.937588018794003,24.879252361344705,24.354021477552838,24.23113322724354,23.391585611845855,23.195250913616796,22.888512696937454
25.088073417833844,25.078017538867513,25.41267130794703,24.942018902217175,24.883125357705936,24.358662487186017,24.2346463871406,23.39518118908741,23.19811724033062,22.890410299710247
25.093131161363264,25.082239003071003,25.417115810432204,24.946553899007256,24.88724943681524,24.36293528513672,24.238572833164312,23.39834973362639,23.20094649355545,22.892463482894936
25.098227224114545,25.086662879405544,25.421857543935875,24.950711922379902,24.891751126984317,24.36683070247485,24.24292906618217,23.40178550085418,23.203963316329382,22.894115937711955
25.102542289355615,25.091722232412117,25.42693201247569,24.954711388887723,24.895943865341515,24.37070743798653,24.246395631943116,23.404783073399358,23.206485816793368,22.8964228705819
25.107111373751163,25.09672438908389,25.431149460173312,24.95998947423046,24.89927428261776,24.37455010217128,24.250423277772704,23.407839591364716,23.2092020685273,22.898823364495236
25.111413862470556,25.101350997794775,25.434994474546635,24.96577156238599,24.902907273239702,24.378846781470497,24.25511612421124,23.4115846515534,23.21180907810222,22.90104553782001
25.116582815672427,25.105428825891927,25.439764559595503,24.970108215488196,24.90739660774228,24.38312383834116,24.258703991184465,23.41481995671167,23.213808469211493,22.903998562598105
25.12081798028694,25.10982913790997,25.444967334041028,24.974407575256812,24.911462819562594,24.38764512479608,24.262360126487778,23.418032116101063,23.216806314634873,22.9053739196776
25.125035320659613,25.11432264689917,25.449483649694894,24.979057701009722,24.91476240503127,24.39223320403409,24.267364546734278,23.42147358197679,23.219588830914198,22.90779241312819
25.130046805233057,25.119206840170925,25.45424865609766,24.984066217448586,24.91878421285876,24.39623797101951,24.272230120068063,23.42491463868059,23.22163704173844,22.909240141413385
25.135008987646934,25.124588606456896,25.458730644344634,24.98891664628788,24.92320610949209,24.400148929664528,24.276213756147108,23.427829846500746,23.224267822914687,22.91071764560108
25.13995223977723,25.129196241458992,25.4633832932082,24.99354887393105,24.926650827524956,24.40461269004533,24.280281546150082,23.43107181366792,23.227370263057033,22.91268056023955
25.14542601609682,25.13358319104,25.468059623621812,24.997621730903937,24.930353029132107,24.408797085648786,24.284430612805412,23.434784250519186,23.229661110392975,22.914658576583875
25.149901812036553,25.138734219390866,25.472216287867514,25.001855820054946,24.93449320938881,24.413132672794518,24.28856412184952,23.437853538549774,23.232128765872385,22.916518800418523
25.1536647014715,25.14406594751346,25.476377812647577,25.006503575510695,24.93822143409057,24.417093259980685,24.293327265420256,23.441181594380303,23.235545693373375,22.91857481618881
25.15782377486206,25.148171964823018,25.480795301157162,25.01153502032908,24.942026625710195,24.42077925367352,24.298026553755946,23.44458722674393,23.237952304493522,22.920324075699835
25.162250619357085,25.152442962917778,25.485519140445533,25.01630802116456,24.946631813132555,24.425412357001516,24.30146419673449,23.447368756922753,23.24040482570123,22.922684444948068
25.167123681833555,25.157048492215424,25.49078270377378,25.02085434375403,24.949988119310937,24.43020768140924,24.30524406963979,23.451359149496398,23.24325518681189,22.925383381830056
25.17116581841977,25.161247293439434,25.495119070489274,25.025259626926378,24.953950566855557,24.433931920184165,24.30970790775564,23.455088924402226,23.245753103489733,22.927591022254145
25.176197474185248,25.16542441617629,25.49946944221325,25.029325163575397,24.957815281799686,24.437600095188316,24.313430310618646,23.457641451432124,23.247815322603206,22.929534586572395
25.181402350990435,25.17075974216131,25.504371954773077,25.033577313041846,24.962165106354583,24.441955988580215,24.316577357910667,23.459288078707093,23.250224332488596,22.931887327295662
25.18536416548006,25.175623566482553,25.509065704449547,25.0380320026613,24.966114413117374,24.44616662353175,24.321206095338404,23.462010564308432,23.252845218937622,22.93406299094466
25.189205735481394,25.18023734265811,25.512936616724037,25.04284834178245,24.968934864070537,24.44988403157727,24.32546193266105,23.465628108435475,23.25553698519076,22.935996877790437
25.19344667072612,25.184981826790246,25.515985351014002,25.047791122804167,24.97247535000274,24.45365460055791,24.329132402098516,23.468504532090165,23.25846866776379,22.937649472698713
25.197526171756046,25.18932196110759,25.520690761265115,25.051615848854148,24.97744135235383,24.457959499901204,24.333107319266002,23.472262616189063,23.261870549047586,22.939302739719572
25.202033548801577,25.193692670132407,25.52620841613102,25.055794335540327,24.981013190087154,24.462958303034625,24.337647502929457,23.475917563453066,23.264027401830404,22.94161962465331
25.206456120388964,25.19801539488929,25.530163942656053,25.060530571916075,24.984356197948966,24.467080760280083,24.34153871265035,23.478903054772744,23.26590406024172,22.943664403724572
25.210974205779134,25.20257297053963,25.533727000038148,25.06466731651896,24.98799642121306,24.470979356553695,24.34493508665526,23.481709942164205,23.268231368672527,22.94619148738166
25.215584025415858,25.20753350168151,25.53809915951499,25.068614782059846,24.992522278717075,24.47521553536866,24.34934548553095,23.48391408074058,23.27092111765881,22.947598506064377
25.22025468891067,25.211779409881462,25.54234548088274,25.072839213676147,24.99735167699143,24.47914935195138,24.354299064240106,23.486619268693495,23.27294360927594,22.950386232872223
25.224709611168244,25.21632224303374,25.546077171855043,25.076869900302192,25.001799833433335,24.483641388058164,24.358058724118603,23.490958997545786,23.27437686996074,22.951768476488652
25.22966468775841,25.2210649296785,25.550181615632127,25.080547698132367,25.005297611804536,24.487625411340726,24.36202252439842,23.494812366026014,23.276003907772825,22.953828015772515
25.234511816725814,25.225493749463823,25.554114119286915,25.08520970416067,25.008254242642103,24.491418464599917,24.36619741632491,23.497388792737187,23.278337750685214,22.955909097293116
25.239354955294306,25.230308619986985,25.558540047522275,25.08985605484426,25.012129219632936,24.495433598570635,24.369860631165302,23.500157144214946,23.280546668299973,22.956386417359006
25.243498720999106,25.235433205643858,25.562846795961764,25.09329289600817,25.016897583550474,24.500063824214177,24.373501814638413,23.503529162131933,23.2826837911551,22.95845110561278
25.247670391177863,25.239685649534614,25.56700824152857,25.097326512054636,25.02193312034551,24.504532043847178,24.377139373614696,23.506267422691383,23.285060385601007,22.96043556048258
25.252772262600015,25.24339093289674,25.57067303017838,25.102597360130087,25.025604071250488,24.508835582726917,24.381046835727975,23.509558591558346,23.28716995148969,22.961231531808384
25.256978281108402,25.248003443850365,25.573765136056036,25.107114608425363,25.029054028152153,24.51313906361779,24.38566821627947,23.513680675259536,23.28894453720672,22.963395996250387
25.26156214910764,25.25335327388902,25.57789511900879,25.110423004637003,25.033281014428617,24.517325836707094,24.389557039884888,23.51614414479259,23.291492418209245,22.965974611268216
25.26670550993898,25.257415399220974,25.582680329658952,25.114364267685847,25.037731064710115,24.521197379394955,24.39403635205526,23.51924015582253,23.29419036431537,22.966699384135424
25.271085119439594,25.261543290017006,25.587057638734713,25.119362996011198,25.041475266235025,24.52557571623029,24.398611614792515,23.5229925036969,23.29593391735218,22.968352544246315
25.27528573001597,25.26629037712909,25.59040187166659,25.123962244148107,25.044917881021277,24.529794192234075,24.402343084233607,23.526332831371004,23.29789751350329,22.969971611485658
25.280143007684195,25.270988213299205,25.594388792121837,25.12830529663582,25.0491288374063,24.533457761275763,24.40566654983755,23.52884413652891,23.30115700340847,22.97101593058761
25.285193539717035,25.275271700002868,25.599281374695707,25.133086555469326,25.053367022607564,24.537352227269828,24.409947325531792,23.531489115581646,23.303586645201296,22.973102737402613
25.28983533844016,25.279806757147334,25.603165260984213,25.13692830740341,25.057568431569102,24.541361973675308,24.41422472602412,23.53482935142598,23.30551591214906,22.975717323406077
25.2948211526777,25.284178781700458,25.60676056035344,25.14066558500716,25.062078421491467,24.545800270487447,24.418198315409597,23.538055685150017,23.308358019797524,22.976879606753275
25.2994852414224,25.288555046107845,25.610996626439736,25.145255988828016,25.065950235001072,24.5500398654773,24.42253266008273,23.541541338955213,23.311597184351168,22.977951571166066
25.30428384280699,25.29265854482788,25.61564057498185,25.14989867990574,25.06960872508175,24.553800549956346,24.42649526824041,23.545343955553776,23.314187119363588,22.98054270302419
25.309159159169482,25.296885562617803,25.620454047117104,25.15334813563132,25.074210070210846,24.557914321517593,24.430594503449797,23.548547705746245,23.316242372101712,22.982904523915902
25.313716410097534,25.301741989444846,25.62415629892152,25.157691590680045,25.078494671152022,24.56217122784063,24.434390839855695,23.55176079233666,23.31843284967368,22.98395266327866
25.318386726972797,25.306743722188006,25.627270238927032,25.16246202350874,25.08182743148285,24.566070044866134,24.43832558149385,23.555136010464885,23.321356291079447,22.985345303201047
25.32343093806643,25.311397456963967,25.631293596517743,25.166974806247083,25.085636122533007,24.57060552529065,24.442185100278508,23.558395154656516,23.323914388502445,22.987537426860353
25.327682882807274,25.316055535176154,25.635482316361188,25.170994360001497,25.09006821354881,24.574995579178935,24.446186569826853,23.561528428366607,23.326557703681637,22.98952945605396
25.332425669254288,25.32024658772425,25.63974082569461,25.17555061853279,25.09450208219417,24.579128577542605,24.45034415381036,23.565018365919205,23.329730175367864,22.991682592350035
25.33753138280845,25.324347728972903,25.64349672680505,25.181167794270745,25.098581643285417,24.583380217055833,24.45429456849331,23.568463374206917,23.332423775817457,22.99384836787724
25.341444097363727,25.329692075945335,25.64773652268456,25.185559447550872,25.10314678196595,24.58768496477882,24.45892788609981,23.572049172902403,23.33418401017688,22.9951629249878
25.346073850348386,25.334580686351657,25.65202672731711,25.189739580197834,25.107563864838163,24.591698244497362,24.463048490202375,23.575395115045886,23.33679614028049,22.99731476285975
25.35109221615639,25.338842042119907,25.65585252570024,25.19413158764449,25.11154690946528,24.59564550624814,24.466812526921697,23.578629743619267,23.339669927187423,22.99973409317692
25.35613625480936,25.343413311786232,25.66023791212753,25.19796871996604,25.11562786833753,24.600059232453614,24.47114707878462,23.581247011777048,23.34246657051965,23.001896461061268
25.36004417417552,25.347558077002887,25.664313127668464,25.20156700032363,25.120365516238273,24.604808809366673,24.47483745291574,23.584887280930765,23.34470720245553,23.003816822889164
25.363822549620703,25.35226394014471,25.66835792543643,25.205838377255184,25.12411825763496,24.60855624783871,24.478522123897246,23.58757146671381,23.347182420597395,23.00581799624393
25.36837475977994,25.357424414536926,25.672395802392597,25.210251261527013,25.127959432862465,24.612229602049013,24.482668863209874,23.590436102756122,23.350723441384073,23.008127639859698
25.373218849858745,25.36198019007857,25.676326999634558,25.214188889217837,25.132702035882204,24.616656399327283,24.487167151193823,23.594400003111673,23.353933686608464,23.01051827255084
25.37736033944297,25.36619368556872,25.68018986125029,25.2177180251952,25.13709437255974,24.62113087464529,24.49107924366583,23.597346274716045,23.35642963274189,23.011944571854617
25.381513415152078,25.37156057972197,25.6841603250694,25.222019948642505,25.141304857953898,24.625023633220835,24.494383273906124,23.600634435787732,23.35880178007125,23.01359559671972
25.385283988276388,25.376334698777093,25.689405197727638,25.226745316209062,25.14507957520941,24.628390107076896,24.497778757301788,23.605021405002212,23.36156969192964,23.01603947618641
25.389951724702982,25.380549036562805,25.694173171331364,25.23001177465904,25.149540330989375,24.63261499543279,24.50198008293633,23.60832374405073,23.364401658553508,23.01764771954022
25.39480066610745,25.384975866660582,25.69828620509457,25.233159881799068,25.153890887569847,24.637064352445826,24.505518292251303,23.610936908666993,23.36673709421854,23.019489539556808
25.39850280172971,25.389594709275606,25.701954893741448,25.23815995101355,25.15789755377993,24.64116974901681,24.50901628758684,23.61365345985864,23.3694223094311,23.02107569581194
25.401856935175392,25.39424707159324,25.70638863768236,25.243343433044707,25.1618161475014,24.644710416667962,24.51319220720017,23.617082819083475,23.372267275469298,23.02218529433898
25.40640928222251,25.398945725096695,25.710718004756114,25.247559801783982,25.166074753906052,24.648544837642127,24.516270795080235,23.620252280693272,23.37461756224392,23.023648013547046
25.410925771481146,25.403572701154665,25.714230087187634,25.251534583665844,25.16988259897499,24.65306639286746,24.519939834965378,23.623003629643755,23.377244613341407,23.025746230369922
25.41464992966741,25.408420947704215,25.718677373686706,25.25575698031828,25.173619990987525,24.656351052474463,24.524109602836717,23.626221214258972,23.380168904171445,23.028184920718523
25.41868177244149,25.412552370259547,25.723844473452644,25.259708982783348,25.177762083936038,24.65996898055467,24.527750699809914,23.62931735534772,23.38195864372535,23.029827304546902
25.422829206413027,25.416398875843086,25.72757171521896,25.263837995034034,25.181690904305896,24.663960522958718,24.53088878528955,23.632066183156265,23.38336871789679,23.031096066133117
25.427114571127273,25.421273560319445,25.731242667649536,25.267982337451656,25.185623424449417,24.66780318844263,24.534228240670323,23.63547354372195,23.38522818429571,23.033559311279788
25.43235133286202,25.426095768646192,25.73476022358664,25.272594827077977,25.190113174963464,24.67154512444425,24.53782838638385,23.6385772601162,23.387883527366643,23.035521115888184
25.436958805539653,25.43084882343216,25.738250533684912,25.27714223717329,25.194072340805818,24.67557559198336,24.54178989301079,23.64112212007685,23.390555922946117,23.036507201186936
25.441375189534003,25.435455221064622,25.74265283902225,25.281161464371774,25.19830706461816,24.679353927680786,24.545230032890597,23.64445676474233,23.39324056286287,23.03925547584607
25.445897497056276,25.440036348307032,25.74663527156877,25.284729536024177,25.202717132379398,24.68353930826411,24.548418369796693,23.6482855957863,23.395786828725562,23.041408460601517
25.450056999886957,25.44426539943697,25.749993617144394,25.288761076886633,25.20710087835117,24.687737308148634,24.551843589911595,23.651408913522257,23.398833362196797,23.042619509965668
25.454206778127478,25.448949060376588,25.753988030792225,25.292800936011766,25.211250647876593,24.691178229787262,24.55549533527117,23.655423060005262,23.40110340178839,23.045015833094098
25.457671977485063,25.45395998861934,25.758663879811586,25.29752202659185,25.215152947796582,24.694649656589178,24.558986922687893,23.65906754332808,23.40292861207589,23.04689565958533
25.461574561510165,25.458235861353778,25.76321303118096,25.301553526084042,25.219371104322516,24.698973405047724,24.562317899514,23.661838571158626,23.40540603008318,23.048074179251387
25.46613839283575,25.463108062305192,25.766918859761443,25.304987417642778,25.223628305399302,24.703200752928353,24.565546136604063,23.665040872980253,23.40789061958941,23.050186581580405
25.47025909263537,25.467857509858057,25.77081471774873,25.308272371834313,25.22727071046684,24.706253962193102,24.56977979630663,23.66809894777849,23.41005436016532,23.051812260006763
25.474820575746616,25.471971100036406,25.774922324007807,25.31187918568363,25.231596372321615,24.709637295041368,24.57398868272948,23.671494800364346,23.412336009120356,23.053228985157467
25.479632014483364,25.477065052712224,25.7784549547834,25.31666373141041,25.236231381558618,24.713361212834,24.577648387470433,23.67507978364039,23.415148826320117,23.05544024847442
25.483182304325382,25.48114055082722,25.781952467132577,25.32115574742944,25.24040209215414,24.717131121565558,24.581285007565562,23.67813749709899,23.418197714588796,23.057517136561415
25.486636542776196,25.484436494751968,25.786331613381492,25.324616351007766,25.24406149473464,24.720688973510008,24.584949780041395,23.68124562486829,23.421580467984278,23.05919836453551
25.491876946545826,25.488455045037234,25.790804438902015,25.328099611669074,25.248412867932405,24.72421860726609,24.587905171655578,23.684956188047792,23.423539045550122,23.06124863019907
25.495638135744656,25.493196969676045,25.795013185508356,25.332781899418535,25.25316398928787,24.72756991985967,24.590660792965195,23.68728780188779,23.42569172017956,23.0637101166738
25.49948080687201,25.497396305246586,25.798867427420326,25.337696424225783,25.25712216038393,24.73138835435847,24.5943093648036,23.690724671246237,23.427757002621654,23.065538996273315
25.504542403080386,25.5017820617618,25.802882000523507,25.341424997297768,25.26063921353594,24.735511402197368,24.598514707002074,23.694440620375374,23.430184186906708,23.067543922846877
25.50849870315654,25.506165017643212,25.807119204052245,25.34463490688758,25.26430977788888,24.739491330084444,24.60217359051699,23.697105101713024,23.43261462827212,23.06953467082802
25.51212515743633,25.509358331367295,25.810618942861524,25.348812979598392,25.268336735586715,24.74337379529407,24.605699610338284,23.700372441034023,23.434396167664296,23.07165789147856
25.516818936764047,25.51331520515665,25.814625208769527,25.35213645640043,25.272878211032392,24.747062886954488,24.609730779209286,23.703389114895664,23.437019749713265,23.0742124466852
25.521959328205376,25.518027839680585,25.81892732854071,25.356227208623867,25.277075957224504,24.750170366570146,24.613525551225468,23.70572779112893,23.4398513218922,23.07636204246194
25.525517644227442,25.522786783788906,25.822498298835804,25.361030360068433,25.281334739041725,24.754264013330992,24.616682376475975,23.708687003592605,23.441696010456774,23.078191650224728
25.529257814599834,25.52697277594241,25.826656856431566,25.365293550146685,25.28601441075857,24.758219544954038,24.620164371748405,23.712695843857748,23.44381068324854,23.079909431673652
25.534556742526885,25.531219301891422,25.831204857122458,25.368974719118608,25.289722468963088,24.761898427036726,24.62452763435116,23.715670326396562,23.44650005718616,23.08153730502811
25.539535486525715,25.53576677261034,25.83401040325638,25.372467755523775,25.293269824000603,24.76533923050748,24.628257806708245,23.71834684540925,23.44948246799551,23.08379475677792
25.543596002690027,25.53905088846127,25.837321249087253,25.376267527114397,25.29734511055899,24.76821898435918,24.631308498683282,23.721122873476283,23.451929058044236,23.085678846393343
25.54764619069482,25.543296647822626,25.842120427440662,25.38013147772933,25.301825306037692,24.771998293391416,24.63490523681413,23.724240972684342,23.454110976814558,23.08731840464615
25.552543560191005,25.548511419059857,25.846389742473846,25.384654867020146,25.306059945895363,24.776049682413593,24.639384745690958,23.727191905537126,23.45629435119573,23.090108377179646
25.5572212576159,25.551920938618643,25.849196227611596,25.38992552150671,25.310172504195943,24.777679259297024,24.64312032416627,23.730008009306218,23.458477908320376,23.092575751831355
25.561617591890602,25.555279899563146,25.852261417080584,25.394701334153915,25.314344834707047,24.78039289627757,24.646624830907488,23.733178659354305,23.460948597115227,23.094503549009758
25.566517795531084,25.559880574086286,25.8565930762757,25.39798175386818,25.318453754411557,24.784426211336914,24.650724262903765,23.736289306197406,23.463736668796354,23.096276581377996
25.570598685227132,25.56429688643852,25.86127466228516,25.400940549441238,25.322747810074,24.78805196735606,24.654967423481438,23.73974924537145,23.465875485048947,23.09787413412952
25.574699345317402,25.56818133775653,25.864475148603546,25.405103909617974,25.326692096542235,24.79165956510418,24.65802717516738,23.743443312321695,23.468555798720224,23.100033057517653
25.578447967871302,25.57184884397598,25.867409409597528,25.409708053992603,25.330915459452235,24.795097885974755,24.66115014098021,23.746568749258028,23.47109021870555,23.102349907985555
25.582830747152848,25.57582435764223,25.871953826087307,25.413289613869434,25.335126029516196,24.797896740415254,24.66519363295184,23.748751790014403,23.47282671327097,23.104098420229036
25.587431545454532,25.57990693074664,25.876158279903485,25.41703389822116,25.339425918396632,24.801761295647577,24.66915127046457,23.752263398796373,23.474744979095835,23.1062371740726
25.59223360442966,25.58418518805936,25.879689790676252,25.42156053333109,25.34320508672172,24.805777966827215,24.672992091299722,23.756975609793137,23.477090394396427,23.10759530684202
25.59607230980474,25.588917618378623,25.883951035142466,25.42574987255149,25.346757576612156,24.809263263611466,24.676656406482017,23.760059513519405,23.479906136290406,23.10948049168548
25.599425739316487,25.592165608672598,25.888508930333934,25.429630140908415,25.350270339415783,24.81251943649275,24.6804789260819,23.763075713829057,23.482800530508023,23.11186636019443
25.60429522770437,25.59543799156213,25.892438738016033,25.433726143181023,25.354547843964454,24.815959956038164,24.684705975606622,23.765975264890127,23.484728943517688,23.113425596341607
25.60907292223119,25.599889596158334,25.89629633460385,25.43815343052444,25.35832481234966,24.81962347209949,24.688631255252673,23.768810758198725,23.486882782392083,23.1156020181847
25.612467350904886,25.604545467472253,25.90022504949555,25.44206665421003,25.361770651169785,24.823336672593147,24.692173917183418,23.77172315209731,23.48935066962071,23.11795699310992
25.616708539933857,25.6085199734804,25.903588701795766,25.44582976223568,25.36526326284352,24.827086779815843,24.69581393831332,23.775134677738222,23.49119727265519,23.119901855435593
25.62082275642826,25.61248463816051,25.906924861917293,25.450326378949242,25.368625097782584,24.830790181759355,24.69988646911667,23.778174346793676,23.49381398634528,23.121762509999012
25.624487015028464,25.61608308129966,25.91157738719982,25.453706998195873,25.37234019178834,24.83401866309555,24.703150986080885,23.780338247334353,23.496641435856247,23.123594202936243
25.628922201695275,25.61982866693668,25.916427738168156,25.457495124994658,25.375724351667227,24.83727399370194,24.70741462085012,23.78334574772378,23.49842831625617,23.1261142843795
25.633308117781844,25.623538150339293,25.91920308869877,25.4609743096066,25.379170317527514,24.840427559155735,24.711880159657873,23.787487676421737,23.500689375114945,23.127945543257272
25.637332082966612,25.627745651832864,25.92295702572021,25.464190074082467,25.382975928805223,24.843985372920653,24.714886690995424,23.79099225820842,23.50352004286949,23.12961792235385
25.641542980297523,25.631670519139398,25.92782176488621,25.468436916591987,25.38583371822717,24.84786343448224,24.718649679319455,23.793477771238912,23.505990261880363,23.131760628899478
25.6462493740762,25.635281601189735,25.931666319764002,25.47206216208859,25.389102502118913,24.851787585126885,24.72316839764327,23.79661973157856,23.508341622408196,23.133694871947668
25.65022285456871,25.639491009210033,25.93441209028783,25.47548827361667,25.3933679297297,24.85481692252844,24.72663876168292,23.800121146730362,23.510508167126403,23.136056760990055
25.654048542745066,25.643282020336176,25.93822829873123,25.48003661432631,25.39715610125714,24.857450563766847,24.729976405211996,23.80328846546187,23.51243026629205,23.137585823729786
25.65904011461022,25.646715556146063,25.943022153924204,25.48395540522101,25.40050386755606,24.861971085864948,24.733625822339445,23.80548798595704,23.51498193281224,23.139975509627728
25.663081073256798,25.65093870578596,25.94692181085168,25.487116422787885,25.40367944810383,24.86650492277551,24.737560386276947,23.809212377077316,23.517887799662294,23.14171003295926
25.66618979471171,25.655027565562595,25.950196324896822,25.4902709193793,25.407455377935765,24.868954525342176,24.7411787033413,23.81384039804955,23.521146797282068,23.14376207448546
25.670327324591096,25.65866623438172,25.954282157447714,25.49332987689067,25.411424711974483,24.871660247394544,24.74443380920917,23.816453769348698,23.523277731131337,23.145990971713225
25.674838635870255,25.661695426121987,25.958153514145224,25.496472417841662,25.414830213684958,24.876058446212355,24.748659824721347,23.819122934413542,23.52552774721954,23.147239341864825
25.678745037189792,25.665790446931382,25.96160636185285,25.500356726480433,25.41817370121755,24.88025243577242,24.75293635564799,23.822281227541996,23.528170881052883,23.149563128050353
25.683003718083548,25.6699029251191,25.96543091253618,25.5042885073876,25.421547052624405,24.882779098881965,24.75628331635868,23.825305205844604,23.5309519990089,23.15184511656556
25.68726654018353,25.673695243191506,25.96956311219573,25.508724350572617,25.424836587802275,24.88616914992039,24.759571269306285,23.82876391117785,23.53314266017228,23.15402308378755
25.690959085734754,25.677314796074818,25.973090316300357,25.51283382645673,25.42863702866027,24.890413789882153,24.763169916881832,23.83233450528333,23.535784159009253,23.155916434371253
25.695557746639555,25.68162212844137,25.97666319824829,25.516040424511072,25.432730845422405,24.893905607318317,24.766683173084555,23.835205070871943,23.538408281968,23.15757204050118
25.69970546381687,25.685447553737983,25.9811274682436,25.519531773571714,25.435581488889195,24.89691342983609,24.7706384197599,23.837149339090015,23.540754217720874,23.159596745892056
25.70449476817074,25.68856134268647,25.98531679676247,25.523704902823564,25.4388956141797,24.900204961263583,24.77486843920699,23.84094737539087,23.543734240532224,23.161162148479754
25.709343576477583,25.69255806855037,25.988449085184826,25.527636921898853,25.442201636730303,24.90374040562637,24.777400001993634,23.84568836388779,23.54625230201561,23.16292503353114
25.712820483043405,25.69650927253566,25.99198308355763,25.531386710187775,25.446002529896642,24.907585882788283,24.780435102076307,23.84881486803016,23.548490778600907,23.164980285238617
25.716342845080973,25.700356973695932,25.99628694125823,25.535239008553468,25.45015057945935,24.911022457567178,24.784364697485884,23.850951938047864,23.551196936169276,23.166708470815713
25.72080560388701,25.704577388140283,25.999994387874843,25.539145584065217,25.453659991133897,24.914437193873145,24.78741480650744,23.85391035061485,23.55366872635663,23.168749591419843
25.72483538717298,25.708456110361396,26.00235475865331,25.54336057665763,25.45655506874478,24.917933855587236,24.790089667335394,23.857815550504622,23.55613640093584,23.169795981983054
25.728880936731183,25.711622942944143,26.006044126261273,25.54741496908435,25.45993220477527,24.921159694108983,24.79285265636952,23.861170708780413,23.558640728413238,23.172360888233303
25.733426949958705,25.715365243093817,26.01050763953801,25.55057010240855,25.463026849738082,24.925260917867597,24.79616958938862,23.863718080085675,23.561257583213976,23.174130193426063
25.73825675692349,25.720513787476527,26.01476508754073,25.553978713902495,25.466414998254805,24.929361859518725,24.79982070207718,23.8667424716321,23.56453593095388,23.175581074487486
25.74250834135515,25.7245948389306,26.018202556240098,25.558235668950793,25.47037541665886,24.93211995121189,24.80229070524174,23.869536197531048,23.566933133582395,23.177726793471845
25.746183537463267,25.72811058204184,26.022030036952803,25.562185114476243,25.474277256061384,24.934930649809026,24.804630843258167,23.87303988722662,23.569745736756857,23.179682460477096
25.75011681451992,25.732781156105094,26.025460408670043,25.56581657002122,25.478065726594494,24.939135000830575,24.808222848662002,23.876397997271077,23.57218868791618,23.182198537993315
25.75470271512582,25.73642048914174,26.028737931257027,25.56850426800348,25.48150326572418,24.943157844157234,24.811557224192867,23.879743221337,23.573803695950314,23.183575078813355
25.758991612055738,25.74043961923156,26.03326053209401,25.572371032676497,25.484224266113817,24.946365157023056,24.81417648206677,23.882319411932333,23.576581394036864,23.185352692992183
25.763714902543686,25.744639475294715,26.037451149740335,25.576721384512208,25.48737936113863,24.94984800333592,24.817435234521806,23.885410525666725,23.579375985277284,23.18709200381852
25.76835255874371,25.748401251338066,26.04098613342615,25.580002167269285,25.491543325650674,24.953638623897497,24.82117128722838,23.888873451798812,23.58085421815668,23.189330967464258
25.772047334016985,25.751714928094593,26.0448689510762,25.58372108665166,25.495210430418535,24.957991247278287,24.824909738997498,23.892012066807137,23.583181705868146,23.19081304715461
25.776523804683276,25.75587340319715,26.04855079706279,25.5878306087238,25.498691334205,24.961470548445078,24.827865904300744,23.894910645776907,23.585461389986733,23.19191164812649
25.7815035525513,25.76041677938912,26.052405504581863,25.59117613343997,25.5026121224223,24.964729148737113,24.830965279916928,23.897768396335458,23.587095087802936,23.194890996272278
25.78578600309264,25.763771957434084,26.055680811575243,25.594635846495866,25.505791045445818,24.968167558048574,24.8346630329101,23.901704012607105,23.589790444369466,23.196747370464344
25.789744378464224,25.767169088504804,26.059372032828737,25.59875966227426,25.508635657205904,24.971368170335143,24.838004355878084,23.90540996192071,23.591999542885105,23.1982370935131
25.794267810870203,25.771829099507766,26.063657805774405,25.60286118511052,25.511687751540073,24.974723207742407,24.84045167012748,23.90810436264008,23.59344098403845,23.20046763836897
25.798298107852244,25.77608155327233,26.067011057887314,25.60634683907002,25.515335484864735,24.977882485798148,24.843503986893147,23.910126859336188,23.594798867273646,23.20160708306071
25.801125152048936,25.779806022889247,26.070323388741613,25.60979083444596,25.518974535651306,24.981338002816496,24.84765058202672,23.91322476653443,23.597609211270406,23.203932182712947
25.805601732767727,25.784125815350293,26.074420165848203,25.613652359421405,25.52304718794774,24.9848881126449,24.85042003252349,23.917053491236313,23.599976463939768,23.2052889446105
25.8110387675824,25.788283077048785,26.078030297585222,25.61740111783326,25.52650982542034,24.988539788164466,24.853276658095353,23.92043907345225,23.60173288384253,23.206315786170613
25.813884297249402,25.791729265351066,26.081137563561757,25.620729583775773,25.52984751843677,24.99237860736406,24.85631036246771,23.923044787551486,23.604060346028824,23.207548558484486
25.816212697143097,25.796226724018616,26.084894933924623,25.623863369459755,25.53381824976487,24.996001200751433,24.859006974080458,23.926283420291703,23.606374794666635,23.208311765461104
25.819844521206548,25.800063216171253,26.089075608183098,25.62733470592288,25.538336742756258,24.999480866338068,24.861492955323612,23.929626023974514,23.608373796925054,23.209861324219013
25.824226270040256,25.803351234959987,26.09276660654524,25.63099569122185,25.541684326981127,25.00225293465202,24.864064999549022,23.932600935610317,23.610444781043807,23.212485668698257
25.828608039705024,25.807236678319043,26.09671599662314,25.635180589018958,25.544696395372508,25.0058484708657,24.867084652615382,23.93573240213625,23.612879205768714,23.214256518368707
25.831933942439345,25.81062831186295,26.100251118239225,25.639236200531236,25.54864439911124,25.009767951879276,24.869718282443152,23.93827348549134,23.61502678002926,23.21577492676084
25.83577074748108,25.813420054243245,26.103377384382114,25.642584220036415,25.552255615001336,25.013162565767733,24.872646338377464,23.940885116284466,23.617282266536854,23.218130004375716
25.839910795634662,25.817412522572887,26.106994769255852,25.64604691981906,25.55600649830854,25.0165918494579,24.876501995184732,23.94378308004977,23.619579065517748,23.219802206676604
25.843596970113833,25.82146076280784,26.111028497121318,25.64983522255059,25.559975403997818,25.02069373849196,24.88041886930865,23.947012434625556,23.621781969894734,23.221545029755006
25.847327768516166,25.82459487377774,26.115084000913708,25.653335816440617,25.563928170393183,25.024296208161307,24.883685352545175,23.94946581429148,23.624423109918066,23.223390700777568
25.851557001686505,25.82815650830331,26.11935281909442,25.656839833216015,25.567873582488588,25.027489978874435,24.886416096379975,23.951106647997644,23.627205027189156,23.224602300363216
25.8557386553286,25.832417018667016,26.123201140549348,25.660846407813022,25.571836986286527,25.030956205007904,24.890705435460386,23.953983411124394,23.628679264718553,23.2265803289874
25.85972538379334,25.83594661972056,26.126565297824058,25.6645294045332,25.574972844432228,25.034806083587586,24.894181987744474,23.957761549946536,23.630657182839276,23.228099155729026
25.86343276043899,25.839294729505898,26.130551007357038,25.668152765150182,25.57806071786557,25.03894519144659,24.896227467542943,23.95983370118321,23.633388026209026,23.229288227125
25.86750480812908,25.843764962446876,26.134218553525756,25.671250093905563,25.582322689740092,25.042132647006902,24.899814500509713,23.96177566074644,23.635769552595107,23.2313648135073
25.871067892639125,25.847506487136265,26.13771191977857,25.67482301236327,25.586298139516085,25.045177479762287,24.903570225769677,23.96450959382094,23.63801858732984,23.23351498344784
25.875035019270825,25.850738672603576,26.141389949797627,25.67922500726364,25.590094219816606,25.04861160363953,24.906028683244898,23.966759103931977,23.64065794254725,23.23468518842533
25.879619225991902,25.85461607248574,26.145123445421063,25.683543810950283,25.593992659140188,25.052486955554862,24.908954314810224,23.9691281060066,23.643120265751296,23.236062576414408
25.88295844015643,25.858524927051153,26.149600104621094,25.686509802814793,25.59793709535318,25.056580027080848,24.912470315010506,23.973386236722124,23.64550092426978,23.23853654547416
25.886065932546583,25.86269512666229,26.153485808182598,25.69000141846072,25.601446664364197,25.060312574016063,24.914967388102713,23.97706647807931,23.64819741283769,23.240884390906118
25.890798225685483,25.866539096222766,26.156491439817422,25.693827287814788,25.605299769296895,25.06354251042709,24.91820323465103,23.979373336529225,23.650790785700696,23.242392317689156
25.89448978790456,25.870736993819104,26.160358398252317,25.69751828031717,25.608960207589373,25.06719947113728,24.922172177447504,23.98197979870651,23.65173392731358,23.24372911645359
25.89766838658679,25.873640708729152,26.164554400386493,25.701290344576044,25.612306916909656,25.070740224746647,24.92533965724497,23.985708866628013,23.65355986164972,23.24519648570194
25.901115076028226,25.877152901675405,26.168762589130246,25.704701717296313,25.615959414600745,25.074398827949572,24.927703458750283,23.98936541384755,23.656973254616126,23.247565245476114
25.9046076144676,25.881361819979514,26.172708450565658,25.708169363863398,25.620259879614427,25.078003523858495,24.930721049643935,23.992111812051924,23.65810897624554,23.24940327603667
25.90869740534081,25.885233869064876,26.176041350870772,25.711942587156592,25.6240665615855,25.081168549184003,24.934545599963723,23.99474492181533,23.659347497869582,23.251238332702684
25.912762810071413,25.888706626961042,26.179203545568267,25.716611246174764,25.627644747297285,25.084700086179584,24.937841302427486,23.997878446543353,23.661017196707586,23.252985979314996
25.916023202236694,25.892657172620567,26.183118766569656,25.721030084075043,25.631734434336224,25.088664900033613,24.94062535863323,24.001157662840683,23.663282598408433,23.25422679578473
25.919394217339757,25.897054699824047,26.18686029700069,25.72457809243678,25.635611878762347,25.09251188850657,24.944728399430744,24.004628024111735,23.665542878529852,23.25618767206699
25.923697945744017,25.90061673396438,26.19025546898182,25.727792366025053,25.639082387453712,25.095732509903073,24.94808472055775,24.00786521944297,23.66831552264745,23.258671905816144
25.927609817960565,25.904581020548527,26.194133781949503,25.731089944340162,25.64237465140142,25.099075081167697,24.950662947486727,24.010860763959943,23.670473396052472,23.26096139196669
25.93056245893053,25.90861218580983,26.19819820917234,25.735238745414808,25.646009870232685,25.102969932894762,24.95356363551622,24.014243355015765,23.672682415742862,23.262309214127797
25.934382180300375,25.912161640322307,26.201600774448753,25.739029827466435,25.64941212762447,25.10642841966577,24.95741307634001,24.0178438485771,23.67522090560974,23.26464368816891
25.93869066998531,25.915232594768945,26.204615130920693,25.74260764288443,25.65315854540341,25.109435419115357,24.960930873644,24.020888763629614,23.677463446634953,23.265509054274702
25.94236432096258,25.919331599137116,26.208339054326046,25.746311934577175,25.655913103685187,25.113742264108264,24.96337340326608,24.023901359622,23.680106729437714,23.266941860397573
25.945901647903487,25.923842366189366,26.212380098080644,25.74975114307593,25.6598068896908,25.11763994139622,24.966413727626655,24.026854090017366,23.683157518606336,23.269548935592226
25.95008972336942,25.927721627184724,26.216180464641226,25.753583736639936,25.664147306057913,25.120726213914818,24.970646688880727,24.030370044866224,23.685213181193955,23.27152492183865
25.953725834597154,25.93152526703648,26.219759322282414,25.758225934396442,25.667448866583527,25.123791350014017,24.973663399151565,24.033864016496924,23.68716105806746,23.274097628737316
25.957568139058882,25.93490771936046,26.224078875170726,25.76158436903659,25.670755090318874,25.12732718332966,24.97618023896696,24.037397722970386,23.690183586910255,23.276007209656903
25.9609204125678,25.938343533878054,26.22749345266735,25.764835867583884,25.67473190342691,25.13161274500832,24.98009166178099,24.04110904120907,23.693053719331797,23.277600128426673
25.963672512045065,25.94277236629405,26.230868951492987,25.767988663564413,25.67891164677154,25.135123471740044,24.983878252584503,24.04407886923856,23.69525069530885,23.279970285016294
25.967299696035244,25.946321097153692,26.23525307592054,25.77122368449637,25.682751559897163,25.138291021407237,24.986356234370017,24.046343540005854,23.69705763634625,23.281775459574796
25.971908534766666,25.950242141000682,26.238784285127508,25.77446555442939,25.6857481535379,25.141729648163306,24.98981661037918,24.049023263741326,23.699599484295515,23.283714941338957
25.976138899363225,25.95377090148204,26.242154333325924,25.778047893136137,25.688946827353647,25.14567865216602,24.99414756826519,24.052760511097595,23.702441298134154,23.285646202714652
25.979797319991643,25.95683716551089,26.24599161237729,25.781615880238164,25.692776132773,25.149429291298343,24.997614628390497,24.055586787829593,23.704755517418103,23.28789931373269
25.98321278130513,25.96106472445559,26.24993963178404,25.784957260431703,25.696267310016886,25.152753868211555,25.000368693820736,24.05843877666525,23.706973262975204,23.29019264669217
25.987057434142507,25.96497334070854,26.25383476734296,25.788783510767065,25.700139777149573,25.15674480076764,25.003936978585664,24.06164192203043,23.709024440001357,23.29158061762833
25.991074838291528,25.968159483549478,26.258053489359057,25.792781913528003,25.70345403808868,25.160569302781624,25.0071653287184,24.06518781434791,23.711051518832825,23.293229794866125
25.994253573669752,25.971569776355476,26.26189468256641,25.795452938795385,25.7066481617664,25.164434115802617,25.01018618568072,24.06865127662202,23.713778055645935,23.295513201626903
25.997742671362122,25.974643068304974,26.265169579466104,25.798977613057794,25.710728509415063,25.16806201804099,25.01287790771447,24.072495157871174,23.716968671336524,23.29732634503713
26.001127955401763,25.97855161727274,26.26834772295401,25.8032396313764,25.714038661895707,25.171177855010637,25.016167507867234,24.07570641188324,23.719341747187762,23.299115604862255
26.004737099360426,25.982460977151778,26.27156468544714,25.806442051819744,25.71748395456236,25.1744562123567,25.020269687174,24.078722826634944,23.721513411970115,23.300316196960736
26.008720655425158,25.985991714612005,26.275440768417443,25.8095980276566,25.721646795511997,25.178158546548065,25.023550829084847,24.082206262866865,23.72394703976777,23.302050257155514
26.012461091863006,25.989540714745512,26.279166824250723,25.813047339707285,25.725631035934637,25.182380454095885,25.025869456989554,24.084850825879332,23.726125355009064,23.303607254928977
26.015989646241454,25.99292988316074,26.282703910780064,25.817025359491197,25.729035011175267,25.18523187026647,25.02961127497433,24.08773901912221,23.729256892890206,23.305186845039074
26.020050517100724,25.99677952709598,26.28618509428485,25.821241203033463,25.73276656363291,25.188131777016093,25.03320497434984,24.090171641207753,23.732118126300016,23.307612655933504
26.023602156545174,26.00104726401097,26.290368039720434,25.82527206394809,25.736078663944973,25.19148211476033,25.036184933948867,24.092922480174895,23.733875685310256,23.30887164573824
26.027259587463377,26.00526155234156,26.292412468603086,25.828794312334026,25.73911994044339,25.195478894160345,25.040121548652337,24.096529303175064,23.735779674295824,23.311121446615978
26.0312720614934,26.008251103947842,26.29546773230219,25.831457208246466,25.74259745988536,25.198494533914783,25.04365065530311,24.099766314074035,23.738907292857505,23.3125888805788
26.035264555348142,26.01094316638391,26.299930947891568,25.834440841065017,25.7469546495155,25.201191322735372,25.046680335580234,24.102777250910602,23.74154773260511,23.314126600587933
26.039283473717923,26.014938516645127,26.30247789509536,25.83844539911125,25.75063854690945,25.20554220455475,25.049206599922066,24.104593276170938,23.743559774450933,23.316872426466368
26.042370687235284,26.019873476124552,26.304954710219462,25.84211289524731,25.754122286312892,25.209440308728432,25.05261473465774,24.106557532668866,23.745636185956375,23.318324556826255
26.045915705457425,26.023011285756425,26.308829851395235,25.845127546373902,25.75747921010182,25.21187454270087,25.056756561963056,24.110048126070687,23.748351911917954,23.319903860697828
26.050131035436653,26.02610941785723,26.311459816156297,25.847956927293264,25.761502307656727,25.2145679612479,25.06050459250202,24.112766433202374,23.751455261281663,23.321428016887516
26.05361051816262,26.030291453699736,26.31368481259647,25.85155945052279,25.765759947754244,25.21847187250043,25.06258211165351,24.115369020401506,23.75424202381253,23.322710590652772
26.057169447953225,26.034131363134563,26.317094763241265,25.85562853250298,25.768939631514204,25.22280900122815,25.0662605273495,24.118598226222105,23.756271072835258,23.324828021666256
26.06130112254821,26.037479462486758,26.32109123747228,25.859348731882775,25.773126181779734,25.225903054532782,25.069918958899873,24.122014977655006,23.758488004275527,23.325930062512732
26.064972320569538,26.041334219503213,26.324328083123554,25.862981261032157,25.77678970478482,25.228992598931697,25.072548755864407,24.124525985948765,23.760963689630522,23.327427062865848
26.06925068549485,26.04488366922435,26.32638188658823,25.866410874587473,25.780482114612518,25.232735756801098,25.076273519196274,24.127574144337274,23.7634870541851,23.329354913759936
26.073241324183776,26.048078821573732,26.329758392443402,25.870020095203294,25.78398340103813,25.235897998679192,25.08063063446222,24.13069365216732,23.76602601914715,23.330783818514867
26.076376969339474,26.051786935742115,26.333868925874874,25.872993834932522,25.787009415611585,25.239383240808042,25.082996638931935,24.133208907679666,23.76820782954777,23.333019748323327
26.080734803277792,26.056146545010485,26.337156187093886,25.87643003450589,25.790706288293972,25.24333062439846,25.085351966014503,24.135983885281718,23.770880114631122,23.335306646624694
26.08428303038991,26.058787541506177,26.34023974446673,25.880525542564634,25.7952915009341,25.24642698847918,25.089026552656442,24.138813758548572,23.773164583482323,23.336359297206236
26.088369596045844,26.062282643680327,26.343727782414142,25.88407643622846,25.798933926105416,25.24951421781448,25.09195009217538,24.141581741698186,23.774763981909302,23.337797048528724
26.092663099718784,26.066060565420777,26.347062505280636,25.88760352744493,25.80191865391545,25.252813296552933,25.09451050352188,24.144675445072124,23.7775641117765,23.339629795791687
26.09618003079332,26.069438191036586,26.350194681751177,25.890779951460793,25.805715767893226,25.256588727254794,25.09734464352951,24.14765133331555,23.780995045673357,23.34164883554059
26.099820559706103,26.073355539904057,26.353310540561466,25.894165114834845,25.809483271566336,25.26017859421296,25.10020771965806,24.150850928006733,23.78308770966993,23.3439001236272
26.10449868980641,26.07742961529948,26.35681682607533,25.897659445541976,25.81277810013237,25.263828099860714,25.103113487964723,24.15342216002893,23.785264916665803,23.34522575007322
26.107838080699853,26.080701123926666,26.36091294166465,25.901484781426444,25.81631743092277,25.267271847909317,25.106774758648548,24.155225790651862,23.787624878510716,23.34674632091599
26.1121448418233,26.084267294966338,26.364389038411005,25.904631929950703,25.81930795104197,25.270887729719572,25.109440841568855,24.157538863191235,23.790509432108756,23.348844253344268
26.116356192935747,26.088752892726784,26.367375709297253,25.907596073916498,25.822929170642833,25.274601375212352,25.112510781393862,24.160631053684924,23.79329210268727,23.350922219655452
26.12006807397031,26.09225581488428,26.37060941752798,25.91162614614548,25.82603577727084,25.278609164991202,25.116331786799762,24.163673092033044,23.795480860731793,23.352705716671128
26.123644651270457,26.095258532824843,26.373900958847017,25.915379025802725,25.829289618769657,25.281852309121522,25.119875117537195,24.166569609614044,23.798310061344957,23.35480332199317
26.127773428701087,26.099207509657106,26.376971210301065,25.918702672978444,25.83297236889309,25.28427434989153,25.122048752470292,24.169392725816472,23.80098198237444,23.3567333806051
26.131839821327183,26.102993606451403,26.380528807811103,25.92236573661377,25.836294438621053,25.287533398746472,25.125538190474586,24.172357865932117,23.802795366973484,23.358000235841242
26.135905842858477,26.105525474914415,26.383942675779593,25.925485428781975,25.84014973627456,25.29138893812316,25.129100951895353,24.175673863258766,23.80501211887841,23.35993101694029
26.13928074927827,26.109061427837442,26.387486711781676,25.928437590509255,25.844180890940972,25.29477037797241,25.13194914503224,24.178563808864446,23.807081591514986,23.361512591881226
26.143154824080177,26.112999560008877,26.391538049098884,25.93192738756187,25.847553073169927,25.297773213326153,25.13527335026246,24.181970231193176,23.80995454548763,23.363191967705262
26.147050304398057,26.116526244360788,26.39519023687036,25.935478384192248,25.850864422231687,25.30153308508794,25.138067066902195,24.18542183744302,23.811988171449592,23.364660082032405
26.150852505316653,26.1193887848839,26.398246327868833,25.938641708887392,25.854391602037023,25.304889972826935,25.140206730593583,24.18744965105415,23.81403876014017,23.366839950131304
26.15512946946245,26.122636979534786,26.401483232715073,25.941639777973805,25.857803532766898,25.30812663777266,25.14310887139423,24.187331161641744,23.816931767232564,23.369199347315277
26.159554646134517,26.126446478748452,26.405239115100464,25.944993431196337,25.861457260837067,25.311087554478114,25.146721567301682,24.1889925243061,23.819603968678095,23.37049876049211
26.162919885679784,26.129587562488133,26.409017959235292,25.948648450610364,25.86468414729659,25.31458531110145,25.15018974138739,24.19139245799656,23.82085945606949,23.373431400694464
26.166088166318104,26.132604054592463,26.41254321224101,25.951846421518233,25.867859427611954,25.31753616148212,25.152693123221134,24.19223315493174,23.823246877176693,23.375037312347906
26.16999428867322,26.13589989669782,26.416146528427547,25.954361901044606,25.87189479395265,25.320515858538126,25.15573140051005,24.192978275978522,23.82677362015409,23.375911132672318
26.1724904816197,26.13971919522222,26.419788206886956,25.958020394759135,25.875382520959977,25.324151350145225,25.158962938431486,24.193466277074975,23.829168883243387,23.378200052672735
26.17587637921953,26.14313573650195,26.42251289331687,25.962181650828544,25.87846282815217,25.327656473707528,25.161663479339886,24.194257116217468,23.83089651452986,23.37955106016297
26.179549347340824,26.14631993255154,26.425977467258637,25.96469810290522,25.88221132841019,25.330784346235742,25.16490373774067,24.196285759828612,23.833612636003995,23.381250677427076
26.183252917165927,26.15007176751543,26.430296087735833,25.96796033978336,25.885666400548523,25.334095444758464,25.169150923376648,24.19833016933097,23.836023980956405,23.38227484008845
26.18673636690811,26.153491957573234,26.434399219120234,25.971496396797747,25.889553592864974,25.337140242986965,25.17188250710366,24.200599741015537,23.83872694382077,23.383830491688506
26.189591530481067,26.156435048767555,26.43706693126908,25.97448535880121,25.892330433115113,25.34077351177347,25.174057636271655,24.202871636942657,23.840246540484372,23.385654896473472
26.193497809523283,26.159987254298564,26.4400254621874,25.977414670383663,25.895304598281243,25.34444375717498,25.177733318128702,24.204460988987062,23.842254027604604,23.38606734724479
26.19677940580575,26.164122395758476,26.44407761491786,25.981075593843354,25.899550743736306,25.348224011368075,25.18125992954036,24.206110707573927,23.84486185233182,23.38818186531608
26.20056058247534,26.16781103568799,26.44778230342499,25.98473376597394,25.902687873520325,25.351542231829598,25.183862879780072,24.208792906198422,23.84751344537627,23.389393988614543
26.204166044027517,26.17093722984987,26.451031918563764,25.98798279004056,25.905793244290454,25.35466694533333,25.186369934622988,24.21098054800007,23.849270351897122,23.390145470821736
26.207770600436895,26.174360253241957,26.454717140437438,25.990440996603166,25.909660482318696,25.357804731394413,25.189759570890843,24.212461255555088,23.851013567381223,23.392550071948367
26.211056687068485,26.177888491993563,26.45900230756329,25.993362094081167,25.91317261935881,25.36083192047613,25.19281603851188,24.214626385857486,23.85355861151894,23.394220868529096
26.214235247501318,26.181144460165914,26.461882509517977,25.996353906738054,25.916256064383663,25.36315660092635,25.19584332812407,24.218025600229257,23.856168346938556,23.395328530961464
26.218119895069336,26.184859112093555,26.46461774712012,25.99844274073817,25.91912838923622,25.366901812709326,25.19841657468661,24.220857722314996,23.85865088890428,23.397860865702008
26.221613270839516,26.188496111254423,26.468042779630473,26.001949390267693,25.921945676864368,25.36996406153498,25.201670220473012,24.22319696864111,23.860289628138162,23.39907848090471
26.224472802975193,26.19172782646548,26.471437356449243,26.00563120072088,25.925417983995132,25.372647678036717,25.20504768474012,24.225736116968086,23.862605643569857,23.4001885686408
26.228159473852877,26.195541942015282,26.475644916532254,26.00831026103556,25.929547136578115,25.375902120234187,25.207898855890264,24.227587401212737,23.865069575725684,23.401981650557357
26.23188138526451,26.199027261467847,26.479283721947002,26.011379527317082,25.931766086999048,25.3796953246083,25.21025299305226,24.229815223476827,23.867261470762458,23.40336861335627
26.235121546536227,26.202674000052077,26.481909341969146,26.014830249580907,25.934976301359075,25.38294826710112,25.213408595847362,24.232714575937937,23.869900272963413,23.40494237560639
26.238809995935615,26.206616528988242,26.484758774166753,26.017972277251804,25.93889748668034,25.386094863598984,25.216997652011045,24.23500350505141,23.87356611858493,23.407202612719793
26.2419507915843,26.210087403437228,26.488745037824625,26.020615073448393,25.941549833553147,25.389357970728945,25.22016283105652,24.23760700367759,23.874988552372628,23.40915576450675
26.245135922083914,26.21350955093753,26.492392855240983,26.02334929639873,25.944802532264134,25.392378276064946,25.22292085014317,24.2404169051072,23.876771104306684,23.4113176961138
26.248222569049588,26.217199487055247,26.4944638800182,26.0260508540064,25.948519063001516,25.396084148917662,25.22630595225458,24.243762997867325,23.87903135137484,23.413251968963692
26.25089446925893,26.220678888989184,26.4974508808411,26.029338231217693,25.951518644364754,25.39975559825841,25.229307563994897,24.24632706840829,23.881520794825278,23.41440374615089
26.25478877707366,26.223190415815786,26.50051666372424,26.03314930425958,25.95418055391093,25.40191344503176,25.231911848732842,24.248883756289654,23.88408309536992,23.41650393510587
26.258265951262448,26.226904463139903,26.504126239176024,26.036288123029845,25.95742404205445,25.405487451519868,25.234999133504374,24.252423410806692,23.885931219821646,23.418235630219474
26.2619682699873,26.2304377769832,26.506884106602836,26.037965201463685,25.959585639607454,25.40936195787007,25.237948057854304,24.255412950517147,23.88749766523545,23.419418413032194
26.264948593435918,26.233553354319344,26.509890494335345,26.040722767540252,25.962325762891183,25.411445090965454,25.240787275419436,24.258441470865982,23.89008310896287,23.42143582357536
26.267546374123746,26.23656850158728,26.513760288920544,26.04469881095519,25.966321357617474,25.414248695581506,25.243264270069737,24.261616827037646,23.89320859426431,23.4235771125925
26.27099387652831,26.239099483143214,26.517113066562633,26.047744633083628,25.96898543350389,25.418050379387847,25.246083281366488,24.264449237329003,23.894667668968147,23.426085295149214
26.27456250208878,26.241897362113164,26.519931543019524,26.05020337213588,25.97105259633553,25.42114224875717,25.249027551903687,24.266780817276818,23.89570791237756,23.427883431722027
26.278780926876223,26.24508999924425,26.52256934369772,26.053433443282547,25.97369246543068,25.42387719860843,25.252306986418894,24.269647260876365,23.89832622607033,23.430016402164785
26.282699477778984,26.248521244921537,26.525428370174392,26.057313222633226,25.976492131592842,25.42611566498152,25.254535779201014,24.27262419951118,23.900451100912107,23.4320438052978
26.286145380149257,26.251556197542737,26.52877896543088,26.060420632639353,25.979643807027273,25.42950078396864,25.25697172416826,24.27571380402074,23.901763520476138,23.434252485961927
26.289974492575972,26.254414264794413,26.531699951798213,26.063871421140277,25.982128156129953,25.433187218921354,25.26033967389456,24.27825187195724,23.904384823139647,23.43588207020985
26.293236014629308,26.257960671594468,26.534950300632563,26.067416316424815,25.985677020161532,25.43568464264115,25.263439081920684,24.280801188831866,23.9067813645979,23.436928377833883
26.29682409552459,26.261437936205393,26.538291128089064,26.07002572111817,25.988632913106592,25.438026255758533,25.266312695524814,24.283609831315594,23.908977892028833,23.438630167542357
26.301056856720855,26.26447150641191,26.541026269256633,26.072826201061275,25.99024426470411,25.44147272460539,25.269512651768235,24.286795588257828,23.91216992811929,23.440075258238355
26.303823112642903,26.267606282090647,26.54382089944845,26.07696769958553,25.993279765407774,25.4447390497881,25.272876593865416,24.28969926623337,23.914920978965174,23.44228940635075
26.307147930474724,26.270403087004937,26.547365318259285,26.080965349189068,25.996960513029777,25.44719000777096,25.276247298709123,24.29227952198252,23.91620026599959,23.443373425002342
26.31094161527415,26.2731883773626,26.550879664803837,26.084130269265987,25.99988019205897,25.45012374043349,25.279432210984897,24.29456596188896,23.9182909468321,23.445547631933866
26.314123929965355,26.276206681898522,26.55458537784016,26.087011372911924,26.002956662149398,25.454010039203308,25.281819985836314,24.297527480016345,23.92072407353329,23.4474673438013
26.317901362040963,26.28023367005472,26.558425735420194,26.09042354670578,26.00634493651942,25.457427803405164,25.28421426450891,24.301075160752646,23.923157681757825,23.449097665922103
26.321044540451144,26.28360519846103,26.5614302059638,26.093559601472187,26.009901869256815,25.460573462523705,25.2871083021495,24.303663799945852,23.924765207091884,23.450741634381934
26.324156976316083,26.28667127296356,26.56465770826045,26.0972404590664,26.012527004099432,25.46348665474758,25.290140627166885,24.30631411798819,23.92698204853259,23.452158699830427
26.328030677680662,26.28932646676416,26.568020389393787,26.10098350643139,26.01495077610761,25.46625284117495,25.29373788353584,24.30892775853499,23.930216782305433,23.453512122934967
26.330679496208408,26.29315283081253,26.570988314799155,26.104146881818615,26.01840886693295,25.46862357467028,25.29612534603528,24.311589355712044,23.932500907020643,23.45569053680222
26.334195201256414,26.296893845476788,26.57397239611612,26.106855263490264,26.0223212514827,25.471192865886078,25.298927037994282,24.314554571604937,23.934261868841844,23.45843904654643
26.33793996350971,26.30018444328386,26.577486423659693,26.10962412025518,26.02540486626342,25.475135451899508,25.30219672226636,24.3179093925935,23.936825466938153,23.45985933931445
26.341012900131528,26.303392411633716,26.580375040660137,26.11306229852627,26.02837395873405,25.478656351302345,25.304973752911035,24.320776835641546,23.939377034652335,23.46180763687453
26.344245461619575,26.30722022898672,26.583934450633375,26.11724068925282,26.03170296600664,25.481348190871493,25.30814822487546,24.32342028836117,23.941279132547496,23.463046201775306
26.347843377189356,26.310743312085528,26.58773912595943,26.12045058584095,26.03478943638484,25.483875847344745,25.310929640507393,24.327066994048923,23.943961210498344,23.46496658291813
26.35171453815124,26.31423030402471,26.590936930259332,26.123489921879468,26.038392407465256,25.486652931326994,25.313083218488565,24.32979843896443,23.94685320190268,23.466969600118954
26.355194684306298,26.317615941057547,26.5936548244406,26.126313739434025,26.04131283738687,25.490138512614863,25.316129240465315,24.332462640839655,23.949072664458136,23.468583691401285
26.358436970427817,26.32095998273426,26.597133033595668,26.129652706106064,26.043716998950003,25.492645604237495,25.318669674648284,24.33539476194309,23.95148637192111,23.470169913374615
26.36201120439153,26.32450113733021,26.600573128137057,26.1335786955541,26.046401614860745,25.49425597914167,25.321614698170475,24.33856211946672,23.954390662686503,23.472057304042508
26.36528867917272,26.328121837388935,26.603374921343985,26.136272395029522,26.04924644333881,25.49770137383613,25.324297301865446,24.34168769940863,23.95669964736255,23.474236153758234
26.368640152463897,26.331146801800074,26.60618932468371,26.139301510100793,26.05205063687897,25.50157950789621,25.32681919698993,24.344325967885165,23.95890262167108,23.475783263476174
26.37230793510394,26.334459776976562,26.609890191512463,26.14295464581374,26.054767331148966,25.50402894179777,25.330606194877838,24.347172970534444,23.960392935061,23.477455416310953
26.376123455326347,26.338133636533332,26.6133136880893,26.1462726725389,26.058576538497938,25.506632096632377,25.334177469930058,24.350465120412046,23.961975824335546,23.479488745233965
26.378831051619336,26.341615208794906,26.61646339890225,26.149275805395003,26.062072944694428,25.509872416925752,25.335420008800376,24.353538392438736,23.965172067664746,23.481023575202066
26.38247777899364,26.34508016145653,26.619300625390913,26.1525912506257,26.0644319684144,25.512718405014706,25.337840769413056,24.356302113322094,23.967438882477474,23.482729648066343
26.38545843356644,26.349295420786888,26.62181307112471,26.156186446080156,26.06748610536492,25.515128019866694,25.341405593367163,24.358491437340007,23.968964635476095,23.484144715394795
26.388980402558712,26.35233163770497,26.62587104991196,26.159525107002437,26.070496240033307,25.517785132989292,25.343406310562585,24.361016838008986,23.970222271799773,23.48633100780354
26.392531371252666,26.355072336275875,26.629854333383754,26.161912108731205,26.07375758662222,25.52183686372617,25.34581852729431,24.364686176895148,23.972398603886695,23.48806699581711
26.395775233414764,26.359208174829277,26.632445670949053,26.16488043984952,26.077701749303,25.52446273031416,25.348918085766535,24.367078374170422,23.97555723712905,23.48985867914578
26.399471077843014,26.36237338466387,26.63544935469823,26.16807077360159,26.080580726820834,25.527321529071337,25.35179136364684,24.365923643884383,23.978014985781584,23.49197216664528
26.40248011904596,26.36545190869855,26.638397164301427,26.17080652888024,26.082823986685348,25.530854099388783,25.354873545890793,24.366597863245502,23.979035457492802,23.493009078702332
26.405948496927035,26.368515005944275,26.64163518075928,26.173366572867288,26.086037374240647,25.533873441123056,25.35845281345609,24.368855977704627,23.9812893087744,23.495363454366952
26.4100193677646,26.372882683761638,26.644095350198587,26.176686880975666,26.089810572896326,25.536730261974977,25.36121604217523,24.370008690830147,23.984049434998816,23.496701653918798
26.41278128650148,26.376007943494333,26.646880047111907,26.179728724332616,26.09321961144299,25.539372120176242,25.363285625259863,24.370329340612955,23.986237796704685,23.498283015651648
26.415470968829766,26.378540538855116,26.650458113821593,26.182277827604,26.09570465978679,25.542394392700764,25.36537411395257,24.372211069910005,23.98901019587765,23.499813754737573
26.41916365487619,26.382478348650796,26.65314969644928,26.18535698472805,26.09844212128754,25.545808993821225,25.36798278353286,24.375007823815487,23.99167741252985,23.50130739192862
26.421969002840203,26.38585355206208,26.65587589403842,26.18835243913984,26.101420557705598,25.5487123829444,25.370627235262045,24.378093670570422,23.993514594953723,23.503102640897673
26.424772003091622,26.388726994571257,26.659264370193895,26.190785860478186,26.105048375415848,25.55159676283978,25.37349732387481,24.38108532235518,23.995383385547562,23.504009265602754
26.428380047830586,26.39184486650091,26.66237181417199,26.19484391033207,26.107346100359067,25.554829690209413,25.376132427199014,24.38350739845053,23.99775033255183,23.50574145122046
26.43244607065537,26.395616601288786,26.665480668734013,26.19864318233521,26.109888402658736,25.558169452004297,25.37931048076829,24.384951297712224,24.00004936188997,23.507835808440802
26.435434729628668,26.399270157068273,26.668273116892927,26.20094387809656,26.114005382245086,25.56136565960133,25.382466642179658,24.38683317688076,24.002430111212135,23.508623904212307
26.437683469606288,26.40232305230715,26.672077875072393,26.203980661393615,26.118211577854655,25.56453280330466,25.38452063088551,24.390168012653746,24.005051681329554,23.510685539512032
26.44111729519997,26.40556059495556,26.675636611411946,26.207486328573854,26.120890677202667,25.567177951168063,25.387073425482377,24.393315068919556,24.007528932679563,23.51195657871292
26.444674543457097,26.409565614216714,26.678512809005618,26.210505049963775,26.123467807172393,25.570117371439316,25.390749508266417,24.395387952996614,24.009902594574758,23.513822676974545
26.447344036271737,26.413382946354304,26.68175890647275,26.21336243799993,26.12730046751276,25.573836532231145,25.39278396874885,24.397733257788126,24.012588164858833,23.51461309258976
26.45095712798115,26.416250185551625,26.685390164725625,26.217017904946125,26.130494232092797,25.577821611316768,25.3943000081995,24.39974447075741,24.014319275392822,23.51550017824897
26.45403570299642,26.419228673430595,26.68762434721942,26.22048752327163,26.133679937659366,25.580898234768405,25.39712298820165,24.40221938454399,24.0161540748554,23.518253767562882
26.45673993947973,26.422407376287353,26.690206040280188,26.223531602164087,26.136489309604876,25.583609712279006,25.39998954261625,24.405102204452888,24.01917058168867,23.519103721826696
26.46043706226746,26.425821087479385,26.694216684279994,26.226772715445055,26.138651984411077,25.58704989494746,25.401848064587675,24.40789635084721,24.021236422822444,23.52047625418052
26.463117443852063,26.428659672901794,26.697804645363373,26.230073893301867,26.142156561030042,25.590246975364145,25.405806752403088,24.410017568986046,24.02284544789329,23.52294977745327
26.466275924603792,26.431929727456943,26.70121586103152,26.23280425643788,26.145732676784434,25.593526235640383,25.40934504809849,24.412273990698875,24.025396083429417,23.52446337184889
26.469391323688072,26.43529571543609,26.70504011655595,26.235696254294055,26.14778401027135,25.597217247201776,25.410590238061992,24.414867079939707,24.028294082299023,23.525766738457257
26.472393462777923,26.439081941177143,26.707616776201625,26.23901235774848,26.151024040858672,25.600345186141308,25.413164218970454,24.41807294770337,24.0298870615351,23.527158311386188
26.475582219170256,26.44205727847615,26.71008713234485,26.242156132129907,26.15542097310689,25.603465453547628,25.417375666602176,24.421021914244196,24.031798920610093,23.528495141283457
26.478452787064455,26.445511647790127,26.71345000405927,26.24528063362898,26.15780577571373,25.60661275332083,25.419517827747047,24.424283155714775,24.033930611570703,23.530118784188314
26.481589772665526,26.4493510136198,26.71638659880927,26.24825990178538,26.16005155558777,25.60990291459448,25.42083602824551,24.427298179438345,24.03562493794062,23.532809726537156
26.485832442493972,26.45162466549959,26.719358764880443,26.251351679851847,26.163917640934717,25.613575717927223,25.423953886151445,24.429462185923867,24.03826585880854,23.533667014676585
26.488275852384994,26.45443170731046,26.722573480536926,26.254376565353525,26.167420274793756,25.616144104406228,25.427617095133705,24.431992394416056,24.040474626691335,23.535357321386297
26.49103774540118,26.458526638435004,26.72605912239891,26.25675444864877,26.169820903033745,25.61901553664746,25.430115567122293,24.435193650624313,24.041801932433042,23.536772638820995
26.493702465407893,26.461210781443818,26.728239820423305,26.260688008173425,26.17234367964899,25.622110219041637,25.431873719439515,24.43834654167084,24.043461768139306,23.537730913614688
26.497048232341456,26.46387678771504,26.730942097657934,26.264349611800853,26.17540932493576,25.62569199470505,25.434095625605934,24.4402659942349,24.046182614261152,23.53948966431787
26.500558109002682,26.467429213755565,26.733868586740282,26.26668225484287,26.17833696054939,25.62942275699057,25.437200659480673,24.44226876986519,24.048051732992704,23.539290215454738
26.503553609279606,26.47009867798221,26.737173658171542,26.26926848253308,26.1813995876312,25.632062372658293,25.440192934019276,24.445058813111665,24.050048908445973,23.54023008806797
26.50670442749425,26.472995631307576,26.740487203929952,26.27256784840494,26.184551159134962,25.63532061153618,25.442993551918825,24.447969238329623,24.05203351843888,23.543001569162417
26.51002079780489,26.476661583473096,26.742891215988166,26.274752615346397,26.1875613676928,25.638228344673387,25.446206663567565,24.450366939482272,24.054163711834768,23.543362338893246
26.513492231296738,26.47907250726753,26.744652751646548,26.277433067434398,26.191167264435244,25.64143812746853,25.44892079058025,24.452494962074184,24.0565260973612,23.544095800350892
26.516515935279568,26.481205619124143,26.747358839108813,26.280610688044494,26.194146702547627,25.644825414061955,25.4511834279455,24.4546490264849,24.05827310489054,23.545982492499043
26.51966056705602,26.485220198609213,26.750262097834394,26.283246660200575,26.196734873897917,25.648306496675698,25.453763686266512,24.45682280049453,24.06046959089622,23.546600754858442
26.522937760437383,26.489212797388237,26.753242722905508,26.285945465207675,26.199260605508226,25.651380289718887,25.45694569917934,24.459508435710234,24.062877595306595,23.547497016459378
26.525906609230823,26.491649219435306,26.756532487580532,26.28983552067984,26.20262727430625,25.65444027626952,25.459390237329966,24.462330395834485,24.065099976448508,23.549344447775763
26.528540898509515,26.494417946929495,26.76004345036126,26.292406296572487,26.20486750509827,25.65769328047719,25.462052809014615,24.464591735780246,24.067514518423692,23.55037835919628
26.531857279054126,26.49854701921995,26.76325903283145,26.294605918133847,26.205892818037025,25.660103323874907,25.46556255866807,24.46710480264651,24.070042613570436,23.551729356823724
26.534890312852745,26.501261598412142,26.765560009266906,26.297708237640464,26.208301727045686,25.663103654610012,25.468281065842262,24.47008417396677,24.071749442903197,23.553840840950908
26.538334468368415,26.503815385153246,26.76856843225113,26.30099697980536,26.211727549024562,25.666623375058656,25.47110326676137,24.473316470319567,24.07349280577229,23.555615260429104
26.541833527869287,26.507750358547252,26.7721475810863,26.303797462474453,26.214428318361488,25.669915652902166,25.47511791058856,24.475801507724498,24.076582645474485,23.556361861299088
26.544333112604527,26.51076739947227,26.774996615005527,26.306518633672766,26.21664685557483,25.67259750608503,25.478405618825644,24.47847524110072,24.078604854077412,23.55827750942253
26.54685606576479,26.51357057568942,26.778058552079752,26.309868318560635,26.219476614734553,25.67523962439431,25.48099548121452,24.48139280329677,24.080011847779836,23.560000490637442
26.549496488939003,26.51623730734954,26.78133734490394,26.313132319135057,26.2227255067994,25.67798460861836,25.483185375277294,24.484005680763676,24.082859812653506,23.56125879985037
26.552207936360364,26.519387386619076,26.783968768243078,26.31589835651329,26.225505745567634,25.68173198518929,25.486311292923112,24.486471483643513,24.085249765387395,23.563094387886864
26.555939583328087,26.52274951616164,26.787558272257247,26.318557280199318,26.227851069499465,25.684772093192233,25.48892144175994,24.489344487266425,24.087100560318436,23.565663533672744
26.559459098916086,26.525872040462755,26.790453153823538,26.32210428421513,26.23030743901326,25.68806170901818,25.49235286708317,24.49242153877414,24.089650462948427,23.56699306263932
26.562537046452785,26.529466941903923,26.793559366763123,26.32579590636833,26.233740669252605,25.691117177258963,25.494726200842152,24.495404299072902,24.09218578938653,23.56850825849378
26.565966325253353,26.532317292846557,26.797218782867752,26.32864299202638,26.237328235714266,25.693922316652554,25.497173706267624,24.497634768330503,24.09391832110805,23.57004832695768
26.569563629839713,26.535465238352906,26.800034352239006,26.33155565561596,26.240376019777294,25.697116467928637,25.499909760527288,24.50021644405805,24.09634429750916,23.571473249298478
26.5723197880015,26.538954384831015,26.802946020509314,26.334612099027147,26.24325311861448,25.700165832442945,25.50286085699454,24.50295815469589,24.099331677180643,23.573961711812824
26.57548894647313,26.54242925646955,26.806060219525015,26.337908320093288,26.245420792575928,25.703177568833524,25.505531647114292,24.50584447152289,24.10183736060744,23.575732926686488
26.577841984002948,26.54529234777097,26.809428022550176,26.340824552582003,26.248460900028824,25.706539549094906,25.508064364437892,24.508346051782162,24.10377046077121,23.57733009308977
26.581086209067397,26.54919780739052,26.8125428874744,26.343900253671343,26.251962498453203,25.70940329538324,25.510719845986102,24.51169555814467,24.105491523224426,23.579019350023284
26.58520645327914,26.552369510120933,26.81552337172844,26.346431954450907,26.254627248625027,25.712173958665176,25.512704858583348,24.514313806423257,24.108001049334675,23.580305245973605
26.58813027437716,26.555073019561064,26.818989345515973,26.34929896356155,26.256850939043552,25.71457380833747,25.515702385407565,24.516781061159605,24.11045591951376,23.58202861878198
26.591473912448684,26.557791354174253,26.82179516526194,26.352935274898318,26.259907755032014,25.717192030745736,25.51875227729019,24.520084887822698,24.112644233457743,23.583838853477744
26.594000873556215,26.561199443857028,26.824827770960574,26.35544656210464,26.263166545162736,25.719524644605734,25.521404596146624,24.523799517413934,24.115637189032107,23.58538162901194
26.59592139288296,26.564659355105775,26.828296520822544,26.358035813070373,26.26601457131303,25.723265367701885,25.523238483399254,24.52519661311039,24.11762492519518,23.587002855147855
26.599095803096347,26.566939063075395,26.83199556848599,26.361273585137802,26.2685255206003,25.726080587890173,25.525751214140406,24.527057453146686,24.11897231559164,23.58896029079645
26.60156638407935,26.568531059813306,26.8341770904445,26.36439281711231,26.271797289914375,25.728371073497808,25.5286899596752,24.529573696072724,24.121279747762653,23.590625066362758
26.60497164619619,26.571118377840634,26.836873862438935,26.367522508031858,26.274505985097754,25.731584190403936,25.530636430694564,24.53166810014034,24.12478108839035,23.592525584335426
26.60842100503878,26.57439871170666,26.840015674822475,26.37005749475414,26.277469356368,25.73425109839149,25.532535458664878,24.533521757572995,24.126968110511857,23.59375646715069
26.609809504399063,26.57757046979619,26.843557561045458,26.372713784696966,26.280881145870705,25.736299949477623,25.535161832844647,24.535406680379293,24.12912470191734,23.596172982713206
26.613177757634062,26.580279073372758,26.84656669165758,26.375264322628375,26.283054381270297,25.73836668402366,25.537514164629606,24.537181191414064,24.131633553444914,23.597517017859207
26.617140625942323,26.58247701367739,26.849441062060507,26.37775045451253,26.286451931394808,25.74144493007755,25.539566466180563,24.53931546432881,24.13372156152095,23.598797258495594
26.619312763156906,26.58500873943598,26.85223060219772,26.380648807171085,26.29022419210074,25.74514119358154,25.542053736021263,24.542205585994846,24.136097498735115,23.60121305839342
26.62175500440513,26.58817848387422,26.85526905195246,26.38382418754565,26.29210175916125,25.746930821714923,25.544374451224037,24.543608330629333,24.138443840234935,23.602677182826536
26.62508372552462,26.59173110780715,26.857694788778275,26.386293636700998,26.29411969846086,25.74844848524117,25.54622713402828,24.54637202806459,24.14098808310768,23.60456504201039
26.628293234796914,26.594429847994974,26.86033942189561,26.38842589253224,26.29720922712324,25.750801092846306,25.549474158775975,24.549517987242663,24.143044954676135,23.60585773559176
26.631155486489003,26.59722322893524,26.86297839318099,26.391324448405737,26.30045908903945,25.75384727698307,25.552753775472826,24.55064328053252,24.145516484357632,23.607471289190904
26.63418088252908,26.60039208616144,26.8657328566765,26.394495681146026,26.30278498882425,25.755801805775192,25.555227818394414,24.552537018528252,24.148187688941842,23.60975076444111
26.63691433977535,26.60321580720135,26.868800483368798,26.397051743197384,26.305452852557544,25.757769478817245,25.556654895010134,24.55598384956329,24.150349773849598,23.611081791864983
26.640615211886086,26.605989011500153,26.870931562344964,26.39966024121396,26.308134336850728,25.761089605515537,25.558378634633797,24.558167228260245,24.15195589167344,23.613231471912016
26.643919862189705,26.609298874405273,26.87338331112254,26.403410625306737,26.311336468914824,25.764123173281597,25.56089414500586,24.559437771880987,24.155005816380708,23.615350688979223
26.64555908648797,26.61225077435541,26.876942011541903,26.406868802696582,26.315038020365087,25.766885206048705,25.563368969318777,24.561637677421228,24.157127161188807,23.616658835957566
26.647717293932818,26.615016013632395,26.879984968735307,26.40970618815761,26.317681262800214,25.76943685091181,25.565576557275023,24.56470877673648,24.15971033089245,23.618479668729748
26.651094045173306,26.618543385243427,26.88194980725183,26.412598639069813,26.319518931320008,25.77223611498336,25.568393737691718,24.567199999080383,24.16189674277778,23.61985082459399
26.653262917250036,26.621646195316178,26.88549643367463,26.415805340596414,26.322095851822084,25.775280587285042,25.570903417390728,24.570278407286338,24.164294211735083,23.620985229899617
26.6559246644906,26.624215464552172,26.8887603044369,26.41904311925795,26.32533808716412,25.777831951932644,25.57336692193018,24.573432101900888,24.166885027665085,23.622526148734835
26.660119655113043,26.627695404949797,26.891202961817378,26.42230777420084,26.328187846744804,25.78013033991222,25.5766675497409,24.574913800791833,24.169432502346112,23.62379360979311
26.662357590352737,26.631015398372575,26.89430890646161,26.425002856384204,26.33096162786956,25.783011892169775,25.578996713817574,24.57685345085927,24.172001553812848,23.625995343076582
26.664511122722743,26.63371811736068,26.89713154129409,26.427990637460738,26.333808127855953,25.786967249915058,25.58076164728842,24.579462453645014,24.17353607094516,23.62807806400315
26.66728237901836,26.63656736379142,26.899621476942418,26.43115952582206,26.336094904073903,25.789395001509806,25.583686872596452,24.581553500093115,24.175825495328745,23.630016573714833
26.669961218911492,26.639974945665145,26.90298051033097,26.43484120890474,26.339037919318876,25.792363670638608,25.586080849915795,24.58513399795333,24.178696869663003,23.631850882261038
26.672952188982958,26.642478967529136,26.90608555338228,26.438365466322814,26.342123801165993,25.795051806929724,25.588162827050578,24.589064843516667,24.18124985991376,23.63192941941115
26.675955147713385,26.644986788063502,26.908983868231516,26.44119094694188,26.344490835129363,25.798044960812394,25.59025489807336,24.589983473408374,24.183485324396248,23.633354254568285
26.678454674399564,26.648376457252777,26.911750679910963,26.444190282116086,26.34714756962033,25.80082837529991,25.593090745645753,24.591457131066967,24.186122067133237,23.635956183319216
26.681197670488558,26.651746838032064,26.914727920306145,26.44719385913566,26.350119571339125,25.804010996806248,25.596210486739274,24.59493610039608,24.186882343047714,23.637030084899212
26.684262707751923,26.654702435245817,26.917925366245697,26.449886731982044,26.352431129676734,25.806707208368547,25.59816600684119,24.59722778715795,24.189005262797977,23.638344792540487
26.687622037975707,26.657438808652646,26.92072576489749,26.45302364913198,26.355357866065503,25.80978373365006,25.600596280136436,24.598843240399507,24.191709210568554,23.6404290108418
26.691276066304397,26.6601986881,26.924153146154968,26.45623240843634,26.358778513032,25.81265485712345,25.60410854395905,24.60159447352496,24.193325093099386,23.642525069039575
26.69433330696625,26.662811510779107,26.9275154595095,26.45932254919487,26.361666854610093,25.815949956373153,25.606190234377202,24.603750436106154,24.195364310527417,23.643938798310025
26.69648394481261,26.666049692057765,26.93034104131781,26.462082283515503,26.364330272190102,25.819364371752883,25.60786079822888,24.605631626987684,24.19723031723707,23.645272038948914
26.700052027918474,26.669345999575867,26.932727672071334,26.465403697794727,26.366750025415953,25.82252574995366,25.61068669186855,24.608426412447407,24.1995260746072,23.64648628174441
26.70362895985602,26.671894104541266,26.936995550280123,26.468304367271053,26.369548722528794,25.825287659540805,25.61375419177581,24.610749803836534,24.201791671918134,23.648377333490377
26.705994898275364,26.674552612069075,26.940399853959217,26.471100962837273,26.372295103275572,25.82822506898083,25.616048171474397,24.6122940887105,24.203236158233334,23.64935914481579
26.709583751296776,26.677954522500077,26.942893483664378,26.473916018235506,26.37522104343465,25.831024793319287,25.61782520069674,24.61407900066962,24.20482992906836,23.65080466040457
26.713528664288525,26.68129657883762,26.946055706559523,26.47685559164804,26.378965801227356,25.833189696417072,25.61997020141404,24.617257460106895,24.206483078253957,23.65348694140128
26.71614390625389,26.683885912527995,26.948345223971742,26.479725314130164,26.381630167200036,25.835490237432822,25.62273245178863,24.619803016659446,24.208787375447734,23.654652829295433
26.719425033853817,26.687157776436536,26.951376311963227,26.48308963059243,26.38393044081002,25.83899819016289,25.625118059993042,24.62135330746832,24.21047123971748,23.65624132723919
26.722339740685236,26.68955938025684,26.95564365219362,26.486006565450182,26.386968553691425,25.842205482932393,25.628497328114403,24.623827798551567,24.211971880188827,23.657455212743656
26.724936099033986,26.692198285732076,26.958084625320396,26.488957006914625,26.38996039254264,25.84407579107234,25.630831449603512,24.62533315567687,24.21442684184299,23.659355190547615
26.728301337204257,26.695760492482364,26.961218613666055,26.492561994855688,26.393142110056203,25.846512578373236,25.633731639336293,24.62697469475495,24.216562813683076,23.661425064101252
26.73166670488655,26.69841512609457,26.964605297437743,26.495582779101525,26.396015747705682,25.84929424136007,25.636194320078246,24.62967346389299,24.217652039296272,23.66277804046905
26.73412378136308,26.701219641023926,26.967258862353244,26.498027088803184,26.398263133740873,25.851683071197566,25.63809384398896,24.63206452786075,24.219924535766463,23.66437180465777
26.73713166489398,26.70492906836021,26.969771874610768,26.50102452967925,26.401123635050965,25.854429353763425,25.640960639414004,24.634285533934758,24.222739995576713,23.66640442156043
26.74010656613469,26.70796213497651,26.973179041049168,26.504903262055972,26.404575544242874,25.857303528696928,25.643766564370395,24.637329835394016,24.22467287873738,23.668271512132453
26.74327299241487,26.710115846084086,26.97696430966004,26.507037700998882,26.407499765123916,25.861100536376668,25.645985574679383,24.640131597573586,24.22651483274005,23.67016726320463
26.74635238211826,26.71300669198976,26.979317047066015,26.509322196097575,26.41026081703112,25.863833987547377,25.64910592310064,24.641815384448435,24.228546430742888,23.67159679574137
26.749059428298906,26.71716994785156,26.982757887769452,26.51246193813129,26.413501443433113,25.866681683936974,25.651884197008297,24.644319332934245,24.23075314598576,23.673583888133088
26.752282255551894,26.720296117920622,26.98547862857181,26.51432716830337,26.416280318962777,25.86958430767701,25.653759941144276,24.647293121921404,24.23297467186405,23.67571887003528
26.755681862006373,26.723018046607038,26.98816489702636,26.51645691118,26.419251540490833,25.872792492073874,25.656774282498404,24.649566378772025,24.23590906126508,23.6766708071371
26.757433348068233,26.725653380258876,26.991295508985118,26.519043217952117,26.42229950624714,25.87549433717244,25.659312898762593,24.651884883531384,24.238603949090045,23.678781487807928
26.759488992694777,26.728354031232012,26.99420205171187,26.521377198354436,26.42486050570892,25.877569187704896,25.660791266846736,24.653925048233752,24.240091317157844,23.680619298538048
26.763575168470123,26.731399259057756,26.996404311539965,26.523623585658488,26.427473692544822,25.880065384685608,25.664056118737495,24.655471238032458,24.241963557639757,23.681543276534143
26.765729554364228,26.735142804365942,26.99967851084083,26.525738578746076,26.43000911653019,25.884172367932237,25.66704501955751,24.657706194333663,24.24507284181719,23.68300313626882
26.768601535813673,26.73860504444289,27.00258729609078,26.528459860572944,26.433336530369257,25.887006719886653,25.668854402498475,24.66009746120324,24.247271758801865,23.685473857136998
26.77147470150627,26.741183133625718,27.00473337237314,26.53120008978631,26.436401435688314,25.889020311699916,25.6718446778329,24.662158479693865,24.24911019874033,23.6872339316812
26.772673893584404,26.74474350938659,27.00738743665616,26.53311544995102,26.43925358791322,25.892489338754107,25.674882676443858,24.665138091946844,24.250791448731256,23.689630344943676
26.77550308098366,26.748394462360736,27.009322727544074,26.535225782434424,26.44207386434729,25.895214310583196,25.676618389357635,24.667590250573937,24.252329433206693,23.691033783064505
26.779889872612294,26.75075623395432,27.01316200810617,26.53759959669018,26.445177955357288,25.89715938914361,25.678770293616587,24.66954268937759,24.256067546451444,23.692422709425834
26.781842922033423,26.753980638541805,27.01646037982364,26.539999706823295,26.447756892604765,25.89953687037703,25.681466017129498,24.672146184614686,24.25753427710612,23.693735042421817
26.78386479025828,26.7569865854389,27.017451387696173,26.543015981885585,26.449921216259273,25.902811685054242,25.684033936479658,24.67474569669019,24.259036705449777,23.69592962866536
26.78680142263434,26.759878593769905,27.020242709980685,26.546717359066324,26.453417369407607,25.90475059599295,25.686203077357767,24.67676988135456,24.261198044547857,23.697520630681495
26.789580920293027,26.763001603270258,27.023559989933688,26.548697681558128,26.455372166861455,25.907118865005923,25.688937229472657,24.678642515504833,24.26326238686341,23.69797129000457
26.7920292318578,26.766281568922405,27.026171816050855,26.55054224231778,26.45763787458595,25.909979175357122,25.690965002102875,24.68115154685355,24.266012370755597,23.699656411743693
26.795320227278097,26.768757293730864,27.028824341537018,26.55362569580428,26.460623597237472,25.91297578782126,25.69321893586658,24.683062240619517,24.26742013584205,23.701441868756966
26.796903970924898,26.771913365993328,27.03129232030222,26.556422475608528,26.462738973917666,25.915958620245135,25.695822944526046,24.685642337669247,24.268887320032235,23.701648189836288
26.798320021877164,26.7758967100068,27.0332526432464,26.55895547159199,26.464667829862197,25.918499915594392,25.698150125482414,24.688761959274373,24.27127504976292,23.703421494104884
26.80161609197676,26.779165803598826,27.035343147567733,26.562059273846124,26.46760158048076,25.92142634752646,25.70017163024129,24.6901441521074,24.273897966073818,23.705295883970994
26.80458390874044,26.781494315826812,27.038585648184977,26.56526758338163,26.469783474849862,25.924408630371126,25.70240949978085,24.691572035957844,24.275069404120025,23.70597276694909
26.806943999976717,26.784878384752616,27.041415176576717,26.567841120845546,26.472464923645937,25.927189941909585,25.705255039371902,24.693689693743973,24.277064798697165,23.70752105067141
26.810075999558315,26.788249681534865,27.04361229942768,26.570532030666207,26.475996563177567,25.930187243168522,25.708210837479793,24.696506608579554,24.278593264137108,23.709092740533052
26.812860443489615,26.791117127628972,27.046253017985727,26.573304353304316,26.478740513639348,25.93321581116413,25.71079322535717,24.698493728757974,24.280218997201253,23.710229441865476
26.814277824747414,26.794231609176222,27.049212690546636,26.576090369779116,26.480299719581303,25.93521517855015,25.714107414939598,24.700988562432357,24.28232746773679,23.711683029600664
26.81693158713504,26.797210390665754,27.052106639641373,26.5791273635567,26.483423894302753,25.938118614699576,25.716449000159827,24.703127425238435,24.28421734172654,23.71396400099117
26.820766636125356,26.80036610799466,27.055144568038894,26.581504881748398,26.48701268215321,25.94112897037676,25.71868108827864,24.705103600438854,24.286545088438235,23.715286682474325
26.823520884717354,26.80341212971857,27.05861365649303,26.583811991941815,26.489187714387747,25.943399125970107,25.720762319099094,24.708032108958406,24.28829877000256,23.716305141763545
26.82565185582263,26.80601754276229,27.06142898723244,26.587101554659924,26.49079304515588,25.9473333506277,25.72297445380293,24.710045434899577,24.29043692582798,23.71824247933805
26.828169256028012,26.80932741749123,27.064047887706764,26.59047121203121,26.494019318431207,25.950110394085158,25.725367000720418,24.711673764777082,24.293375561489494,23.720522570340208
26.831129243238927,26.81241607837218,27.066259046515913,26.59271306024133,26.49686201538617,25.952285936044134,25.72752842481156,24.714536754207145,24.295676111871394,23.72124666723127
26.83391882006422,26.81592242533226,27.069990830987123,26.59570729358518,26.498915076776882,25.95522272895498,25.730331562689344,24.71753697378825,24.29703398830036,23.722947946327157
26.836824069976227,26.818734117341585,27.0728085524376,26.5991811883584,26.501541388309192,25.95750917314531,25.733083481693303,24.719556596962647,24.29935762081247,23.725107759939114
26.839324507810748,26.822197691857767,27.07470950212784,26.601585845621223,26.504113252241336,25.959628191990657,25.735010580900205,24.721784146735985,24.30132838737215,23.72591839810326
26.84200095251578,26.825415365217147,27.077264910804352,26.60476954811823,26.506623896722576,25.961931813077697,25.737373580754912,24.723760764419257,24.303014844567166,23.72728224680197
26.845003957193146,26.828121447365643,27.0806753156506,26.608132668754003,26.510055562742927,25.964551149193266,25.74020868129601,24.72577473602731,24.305846766494557,23.72908683470702
26.848129158186154,26.83134677783589,27.083214226234176,26.610358874206916,26.513113517739182,25.96753284573652,25.742200467468386,24.728867408555768,24.308258940886116,23.73104988334111
26.85143403011102,26.834383205009647,27.086207669359137,26.613975260536037,26.51510423288488,25.97005064535882,25.744879989304287,24.731506984307146,24.31006092667973,23.732916831885515
26.8536319733779,26.837369838542358,27.08937871932222,26.616771784725856,26.518442201714812,25.97259021707227,25.747350730637237,24.73288357841586,24.312159914981688,23.734466913194918
26.85627359243425,26.840756134993597,27.091665819065646,26.618714117203837,26.52192493815214,25.975420620924975,25.749716655405575,24.7345251348139,24.314158477254857,23.7366518530394
26.859483597438924,26.844309097834266,27.09480940434743,26.621377609402053,26.523841048993585,25.97750797561162,25.75232262947052,24.737622813091214,24.31646877507411,23.73799365454417
26.862775296342623,26.846828789927613,27.097354145275276,26.625244460720424,26.526099201938457,25.9794380330144,25.7546029928665,24.740243134345793,24.318535578648735,23.73921056906073
26.86586550567633,26.849237566550684,27.099939085822683,26.62804351753988,26.529395601498017,25.98323774098676,25.756858769110917,24.743125278826046,24.320827841026652,23.741199525567417
26.868917805357682,26.852088589646186,27.102980440110542,26.63003702239481,26.532382788458072,25.986495231513413,25.75903287926669,24.745696029332265,24.323054726254455,23.742218553867126
26.872250273329396,26.854932787078507,27.106421848583842,26.63325728540281,26.535249196198365,25.987768499816184,25.761264805403027,24.746848800174618,24.324849967910907,23.743707293079474
26.874792947986062,26.85818605435392,27.10878777550925,26.63636928461132,26.53831134519393,25.990564529401393,25.763222608605645,24.749731917497115,24.327019382004956,23.746156561804842
26.877781044079686,26.860942610276282,27.11091553604148,26.638926039529444,26.541061235945584,25.99310056261303,25.766082165104983,24.75318874043683,24.328928599189915,23.747520998811986
26.881282559050817,26.863608410697026,27.114190884209265,26.64168546853422,26.543597899473674,25.995137105552555,25.768518065851282,24.754389989263842,24.33068898580241,23.74898130762223
26.884751942797497,26.866105217675727,27.116777418696095,26.644789378313533,26.547237768500192,25.99808863378556,25.770654154822353,24.755235414417058,24.332641952868723,23.7498279577426
26.887799141765804,26.868967774936934,27.119096994520575,26.647762213849898,26.54997372640919,26.001019712004904,25.77332626651724,24.757674083988505,24.335758655323545,23.75129771424577
26.89039325463245,26.871705155271044,27.1222606694091,26.65042339875724,26.55241971587644,26.004003458533017,25.77612015892909,24.75957195584595,24.337984106848975,23.753756806715472
26.893312760223196,26.87477841154791,27.125120247167814,26.65277409269818,26.55573781811833,26.007112568961475,25.777948029644293,24.76198024604836,24.339760784511956,23.75404328087292
26.896240885484495,26.878386102279244,27.127331971632923,26.65551157561723,26.558500922358572,26.009535933215968,25.78067140012857,24.763948120352374,24.34279739695203,23.755436273791332
26.899667690752565,26.880420483879348,27.13057894218066,26.658047633722887,26.56089252642429,26.011475213646854,25.783497835248035,24.76575636337048,24.345123961041924,23.75768343340376
26.903037553401887,26.882629053242617,27.134101940745342,26.660848471821605,26.563791627700326,26.014867555556897,25.784878294799856,24.768989109710624,24.347362515300077,23.758481088942606
26.905644140547928,26.886638977303896,27.136364643256663,26.664109558788805,26.566317553741218,26.018474159824567,25.78655129127724,24.77213778251158,24.34835285868783,23.760559156554404
26.9083628929476,26.8901725850243,27.138869453194797,26.666518439775857,26.56913265358206,26.020897193651102,25.789128586620187,24.77355706933224,24.35018398249873,23.761663294316374
26.911293964046923,26.892829397189104,27.141844191763326,26.668558974831555,26.571760470628565,26.022875438033797,25.790777540516366,24.77561043807304,24.35329561535598,23.762246016855766
26.913548861192623,26.89582196081435,27.144675296501006,26.671201716069216,26.574162766660354,26.02581463323728,25.792884717201407,24.777697613068632,24.354551432685994,23.763789013863498
26.916540775972138,26.899472041659198,27.14763160590838,26.674007455984988,26.577540652971443,26.02905413401856,25.79594939250775,24.779971152147212,24.356328456365375,23.76490744959288
26.920374804566826,26.90181068065114,27.151089494592362,26.67663697680534,26.581184608494652,26.03128665207094,25.79806659693419,24.783134934754194,24.357907667788574,23.766527142786728
26.923966629319466,26.904328756478364,27.153474149324573,26.67918595938118,26.583092795301063,26.03367011023266,25.80089468710966,24.78576635485365,24.359950142270854,23.768573409744068
26.9265265858804,26.907720236939674,27.156037222419016,26.68120360013439,26.585201828782793,26.035915580798566,25.803460313160564,24.787184958318562,24.36306766215769,23.76903614931097
26.92880101216327,26.910760476773493,27.158815079944105,26.683873301357846,26.588463527162112,26.03893476033935,25.804971394457425,24.78940135145539,24.365034137686163,23.770663565340094
26.930519175791577,26.913274761206907,27.161401555616163,26.687163081207007,26.591538804722532,26.042995423063473,25.807512730102417,24.792321265290127,24.366461457247823,23.773008947644648
26.934095270987683,26.91669598874902,27.16454823789029,26.68952330606256,26.5943434797452,26.044899580988726,25.81091237412916,24.794514789349726,24.368722762482218,23.774372441128747
26.937261724556677,26.919604411914673,27.16698979918553,26.691987611818032,26.59761987818905,26.046052514389473,25.81259117460973,24.797192599917626,24.370913837375024,23.775696110677565
26.940060721185887,26.921909767484827,27.170006467364274,26.69520306902474,26.600358676237033,26.04939446319627,25.814640489349983,24.79926457597617,24.37299852497802,23.777308696176807
26.943388423293527,26.92540138102292,27.171631900024483,26.69742691736174,26.60212381253922,26.052742899587408,25.818082421850246,24.800317603835463,24.375392467539886,23.77904033745548
26.94568576523214,26.928608385516494,27.17420737215525,26.700156413785674,26.60507431882639,26.05434279740112,25.820004860332624,24.80312694424879,24.37674615046231,23.780876852417883
26.948202782283893,26.931531822176677,27.176590400123768,26.70339704962395,26.607402544682984,26.05689036563646,25.82145366536034,24.806387632479563,24.37892590843662,23.78298442648056
26.95179182935444,26.934862764558037,27.177968533632146,26.705708093953987,26.609654257808813,26.06046588256236,25.824654093036482,24.808014084430052,24.381151662133487,23.784459055648348
26.954705765734026,26.936913279163424,27.181005697542723,26.70820059683372,26.61278702050787,26.06391070086228,25.826694134164473,24.81027829832046,24.38306435293866,23.78596215160833
26.957310298690583,26.939243682912345,27.1842338897339,26.710825256346077,26.615271266194856,26.066588122870222,25.82792641427316,24.812860331387235,24.385685600734597,23.78842803315567
26.960260931226014,26.943097490547473,27.185981610553718,26.71334936592117,26.617626492024545,26.06857720835705,25.83089994415934,24.81463657178931,24.38713214796502,23.789738631892646
26.96261113419222,26.946793490201703,27.188086975176095,26.71594885860474,26.619693070764594,26.071672334187667,25.833616609696296,24.816873655418036,24.389366890256316,23.791268715820777
26.965326169573743,26.948895628200802,27.190788725204765,26.71977502468501,26.6223168253679,26.075029865808787,25.834744931764853,24.819574374909223,24.39230976303331,23.793933842228867
26.96906569534981,26.951835047775504,27.192991422157753,26.722575070010773,26.626161495565704,26.07721983774054,25.837325064286823,24.822192231650728,24.393366223396097,23.794852054908123
26.97163283435287,26.95546578753725,27.195563224946945,26.723965247928774,26.628891131309032,26.07941189422388,25.840861271315845,24.82440664222343,24.394359539004313,23.79587554766943
26.97398163995356,26.958606936242987,27.19872808014955,26.726432967338333,26.630717013659677,26.082194818619342,25.843361880068493,24.82777634676692,24.39529181314608,23.79773609959241
26.976944304881847,26.961957062745995,27.201548935400332,26.729919723599338,26.632453796955904,26.085432136074918,25.84554272369663,24.830220743361316,24.397081695249913,23.800038201266286
26.97991997092544,26.965346553211962,27.20365036087708,26.731628546957715,26.635004738844135,26.087737160298076,25.847319855049577,24.8317173617473,24.40038753552178,23.80183995388608
26.98230667476384,26.968596164661342,27.20590770070251,26.734016434919027,26.63810696687768,26.089631301725365,25.849817485863056,24.834064867344694,24.402078293799235,23.803632434042207
26.985336985743626,26.970672991539004,27.20870904125953,26.737650701323883,26.64041060550602,26.09193455781402,25.852062966220974,24.836721693117877,24.403192404556076,23.805398594430716
26.988350565827442,26.973897833086152,27.211448620228303,26.739137775966025,26.64264653667104,26.095837040611674,25.85460821136696,24.83922054663357,24.405136256444443,23.807018756603146
26.990474884120555,26.97652825947799,27.21401354608412,26.741377366229024,26.64543968461178,26.099308927573382,25.857021328828097,24.841866587050532,24.40706167870617,23.80871595664567
26.99281114756511,26.97835552698061,27.217021570762093,26.744619689934183,26.647719514288923,26.101127216212507,25.8589341374334,24.84374056123116,24.409588626502703,23.810029496453026
26.996293933762026,26.980517474450238,27.21974576283308,26.746969426278323,26.649820218400016,26.103195192952544,25.861537209750956,24.845595497731473,24.411596681615016,23.812115632344458
26.99733167685366,26.98243201091855,27.222191909277843,26.7489217612248,26.652336998903973,26.10589158025808,25.86303286888539,24.84780837566667,24.413456145039163,23.814482197884047
26.999724663164457,26.98470466290547,27.225198137112038,26.75199436672004,26.65488434587472,26.10914020393389,25.86534397299593,24.851019422016197,24.415200951617145,23.815669442438896
27.00330084730315,26.988253062944743,27.227865388874232,26.7544855582098,26.657524557819006,26.111212121649668,25.868633312769553,24.85330652731435,24.41687677094363,23.8168926038719
27.0062915804847,26.989927556690386,27.230498253974314,26.756467032843958,26.659819297367918,26.112684589001564,25.870245600228763,24.855561280701078,24.419286063468668,23.81757598199206
27.00892062835727,26.991985024476264,27.23334350912795,26.758533793622536,26.662657743286367,26.116138048660225,25.873057368441007,24.857646653817874,24.42075214628298,23.81855829529187
27.011869732083184,26.994277598759574,27.235614481919782,26.760852785137192,26.66526361731893,26.118944303219745,25.87586924610607,24.859616368879912,24.42285171889255,23.820699177963217
27.014349218717328,26.996557384814878,27.238225159604387,26.76350246472598,26.66746482587719,26.121841250494032,25.87689783681033,24.86225294855705,24.42485576321755,23.821269577413307
27.017608634778117,26.999086882345416,27.24120567405616,26.76652736435658,26.67023419301941,26.124692487972013,25.87787339600032,24.864430515615368,24.426542691288333,23.821402951450935
27.020201895231217,27.00134967172537,27.243037109763154,26.769388126927144,26.672163246571806,26.127063146357898,25.88075058412396,24.865648684646395,24.42829986037995,23.823961979531884
27.022576955098913,27.003329136940604,27.245557230202362,26.771278582825076,26.674501417797387,26.1287271500491,25.882152899697402,24.86730999368632,24.430360340084523,23.82622308500753
27.025688434733816,27.005775859797186,27.248230853925097,26.77360229773301,26.67790215845569,26.131379516952393,25.883460074925203,24.870300069965975,24.43229797028133,23.826855756327603
27.028144061130387,27.0083348381309,27.250773419300806,26.776294879207576,26.68039854281706,26.134543071640607,25.885583114629355,24.871683184971346,24.434244203878777,23.828142759683626
27.030409180009034,27.011113328879304,27.253173888460054,26.779098094775744,26.68287189616914,26.137678116884185,25.88763622746631,24.873757184778,24.436017657691004,23.830454879418777
27.0335378050553,27.01391061591016,27.25522073346212,26.781231204282093,26.686296448446786,26.140428069185894,25.889479457490346,24.876994211443062,24.438562935413984,23.83183379139121
27.03613484047459,27.01684517281763,27.257658770452792,26.784012986471804,26.688286571829835,26.14293001606641,25.892703908293846,24.87903660272236,24.440541953278174,23.83357319868932
27.039273660027895,27.018903995604056,27.26078030848296,26.786910078578398,26.69108133546855,26.145337720655405,25.894669795472595,24.881314041113264,24.442513607684866,23.835572132496754
27.041986731777648,27.021810929210584,27.263061134831197,26.788967047100055,26.695112054741806,26.148538564933716,25.896265475478945,24.88353669762402,24.444220402806117,23.837280640612164
27.044370205080245,27.02504066762019,27.264000990178673,26.79125623536923,26.69747402772037,26.151293230903626,25.898813053651697,24.88452209427196,24.446233707514104,23.83881882717916
27.04763158810007,27.02824479013197,27.26753279560226,26.794861598688875,26.699900946925137,26.154173234705638,25.901723207745086,24.886503356106445,24.44807833151501,23.840670035728785
27.050003549646053,27.030870001878515,27.270787943582295,26.797371846563742,26.702789745481603,26.15659630205467,25.903792854915473,24.888864308951163,24.45022902928564,23.84213862011462
27.052316159149484,27.033313972110314,27.272273061389463,26.79878988699331,26.70506186210954,26.159581313999784,25.90596401849517,24.890161898338313,24.452268557131372,23.843818926986806
27.055864232156168,27.036099989152174,27.274451450324904,26.80127898173065,26.70719071151012,26.162231496576997,25.908441549453528,24.891996259890952,24.45430166850298,23.845463962702816
27.05914714196599,27.039438715841264,27.27732437449239,26.804769065248394,26.709828121160516,26.165152660471747,25.91056540489649,24.894688887919386,24.455468586020874,23.84766612440188
27.062095736148027,27.042563445542278,27.27960660184079,26.807507182303386,26.711268347622568,26.168126061369975,25.91302899066278,24.897128330364225,24.457646957981837,23.849527094392172
27.064739957985164,27.045776889854693,27.282812983652303,26.810100272775557,26.714661537635553,26.17040634288424,25.915835562560243,24.898544135782963,24.459671368295307,23.851073349049
27.066941112511827,27.048352936197702,27.284894707880632,26.8123097983687,26.71847365124169,26.17343266091487,25.91773441893992,24.899557377486484,24.462022818397667,23.85285876100252
27.069660935381265,27.0510477430925,27.286150518671164,26.814876501116824,26.72040994073129,26.175820273215997,25.92041093021692,24.900301997607336,24.463577264767068,23.85403984077314
27.0729202997496,27.054051481769346,27.289050906780314,26.817976116303058,26.722240008004796,26.178868490472915,25.923113997455584,24.902284756654044,24.46521828546821,23.85594304675123
27.074434988046235,27.05750491036513,27.291821553047786,26.82107831808048,26.725211886891366,26.181794160566962,25.92502820195689,24.90414132599346,24.468026553454244,23.858566492721
27.076900232135085,27.060887316882138,27.293861415359373,26.82392193045636,26.72749723645186,26.185233292642693,25.926816959494715,24.90614392935642,24.469799892206673,23.859227103734668
27.080584091438062,27.063350279866206,27.29681476444897,26.82626260638889,26.72947818528469,26.187497092635866,25.929556840176467,24.90866048786109,24.471425745142948,23.859876013329355
27.082712474440193,27.065900865394596,27.299126876960017,26.828450692513066,26.732678655022898,26.189614983350484,25.932833869271402,24.910382724059218,24.473777774861265,23.861412382972457
27.085849819390408,27.069271912615477,27.30110980086429,26.831023929036295,26.734574572698676,26.193322101506595,25.93527641496269,24.912474641201303,24.47575377419311,23.862887882437
27.089544660741623,27.072233903677706,27.303367349200887,26.834197111140714,26.73704208885273,26.196534427303053,25.937640530298374,24.915209787701656,24.47893262441994,23.864631766129335
27.09118380602643,27.075456884926,27.306351622250244,26.83661802487574,26.740094609724757,26.199350059767465,25.94019238242625,24.917562141517998,24.480378259310633,23.866658516582966
27.093261417195798,27.078933338305276,27.30911075295858,26.838497428208385,26.742239434504288,26.201445661455246,25.942589337278026,24.919487860820183,24.48238156362677,23.867683036949433
27.096870848347415,27.081158523329773,27.310936834233104,26.841385395673207,26.743962721976683,26.20450492889917,25.94474576828639,24.92184254893634,24.484369478185364,23.86933684585
27.100174237740163,27.08403306440696,27.31300430901962,26.844076557843145,26.746940674923145,26.20782908304088,25.94676215521585,24.924261024178655,24.486064036728898,23.871614030822982
27.103035276259014,27.08725736105041,27.31584359863519,26.84647787646693,26.749132357375668,26.20910876861067,25.949265664623052,24.926580539054196,24.48766057030143,23.87358292247001
27.105989547404995,27.090190986999826,27.319122931969044,26.849560064854785,26.75080414612037,26.21210907554499,25.95188107244569,24.927991138800753,24.489541766982224,23.875048946743185
27.108820815551717,27.09303280499515,27.321750065822073,26.85240679485444,26.753070368138857,26.215133217394072,25.954213227250115,24.929220647417534,24.491181444678784,23.877108923532298
27.11118191778791,27.096011474273354,27.323705117864712,26.854408808664765,26.755847895825724,26.21716975535716,25.95678322795464,24.93151048848035,24.493535542540144,23.879204443691275
27.11416427008082,27.099057465547205,27.32548175574656,26.8578939966311,26.758428733105966,26.21958582879618,25.959023173295613,24.932842542576754,24.495942372225144,23.880574142142457
27.117223568161375,27.10090725161111,27.327995179569122,26.860215715325047,26.760660046590147,26.222378319232575,25.96135256849063,24.935139488072316,24.497533966144232,23.88241966112715
27.119224587632296,27.10329650671077,27.331747867257256,26.862376063054228,26.763747360013376,26.223930806330138,25.9636240117038,24.93769491627735,24.497985158492174,23.884451584868962
27.121952917291978,27.106966054076395,27.334097306040412,26.8650219443593,26.766553076081014,26.22631061289781,25.965877205942697,24.93866140292157,24.500511278058692,23.88502588573469
27.124399128923862,27.10936007396092,27.33636670134611,26.86753934062272,26.768936589189487,26.22925219240031,25.9685773176173,24.94175203276585,24.50277337455935,23.885524809877403
27.126953958809004,27.111317192746696,27.339136898888032,26.869783252953123,26.771013301278302,26.231372882973922,25.970284010174296,24.9451170476075,24.504862164682415,23.888059745242348
27.13053707593099,27.114252278026964,27.341790539249608,26.872862678937558,26.77367111222878,26.23351382104606,25.97254894515652,24.94601382767478,24.507583110616658,23.889836300010543
27.133027951663585,27.117298733293307,27.34503348261113,26.875756366047664,26.77686011126047,26.23679618998604,25.975875015149157,24.94755436083722,24.508321367906664,23.89037928630313
27.135242978269073,27.121090408332652,27.347369206201094,26.878275505315138,26.778899755367043,26.23972440402199,25.978485912609443,24.95093913138845,24.510394924813617,23.892898006364675
27.137594160261504,27.123267333551063,27.3497219472589,26.881405530681455,26.780700070676808,26.241513303999252,25.98073497639414,24.95357921925465,24.512464850976784,23.894913214988797
27.13999134042895,27.124882355691007,27.352732493339932,26.883766596124982,26.783896232793133,26.244503166884243,25.983394778620852,24.95493165428529,24.51467626649215,23.895115833109184
27.14324938287493,27.12751165413847,27.355167391180515,26.886500030490012,26.786229869198127,26.247142522423403,25.9850131926926,24.957105832720053,24.516380827893176,23.896614035351014
27.14594159683264,27.13091489911815,27.3577597341879,26.88918439224708,26.788078352898708,26.249060135243912,25.98737071093655,24.95940917322265,24.51875855456333,23.8990340738496
27.148357526744768,27.132687306058358,27.361308563003284,26.892442466357338,26.79024085352516,26.251185210903678,25.99003534780268,24.96119111158786,24.52069596830992,23.900699259925737
27.15185077233533,27.13509708061022,27.363888531630217,26.895214463614508,26.792485656675616,26.254232189672106,25.99240188349598,24.963299693827928,24.521448038311373,23.9021212722249
27.15439624704418,27.137773567218183,27.365183540903143,26.897474950000245,26.795317515253405,26.25706677189423,25.994228419817,24.964551099736838,24.52391947873474,23.904094280289353
27.156471125214964,27.139164619814835,27.368014021971906,26.899707502057566,26.797351470479136,26.259415059410006,25.997045118662605,24.966535543407392,24.525769154667586,23.905744132313075
27.159797072383583,27.14201608808078,27.371335208888915,26.9025846428356,26.79948364369298,26.26242021018004,25.99925719143936,24.96846352385706,24.527633094643132,23.9072097333855
27.162242211620885,27.145305301858464,27.374083294306935,26.905233701922615,26.80243118570941,26.26489828794268,26.00038839691759,24.970795267010672,24.52906178548488,23.909173335574113
27.164805006451086,27.14745311081108,27.37653084259305,26.9071938157936,26.804742154965723,26.26739428907681,26.00301185336505,24.972681444322244,24.531381121483182,23.91119292739981
27.168366869766928,27.149403412052088,27.379248660715735,26.909803149063357,26.806571118916693,26.270289405088533,26.005626352849852,24.97544778866785,24.5331516375187,23.91297532100446
27.17045211123928,27.152055314392534,27.381941283471892,26.912847839749293,26.809394212047557,26.272822653124273,26.007232203346522,24.97821654699125,24.53612671798463,23.914936873603786
27.173004075854003,27.154479108798313,27.383896404324112,26.914749028068343,26.812127655583193,26.275279870670957,26.010089886545124,24.979311333731978,24.537125563620414,23.916991497574458
27.17654146589167,27.156695441796437,27.387051598683733,26.917674752223416,26.814513924196532,26.27797344400019,26.0127557594776,24.981341606982383,24.538353952400257,23.91875642164576
27.178347631692,27.15991804230812,27.39006156666521,26.92044818533582,26.816382124547395,26.280735613348718,26.0145135249126,24.984204285154433,24.54018389371994,23.921076358565614
27.18104075314665,27.162822270350688,27.392204091183117,26.922787007586297,26.818607613410713,26.283406988774388,26.016765853157192,24.986026935128947,24.542719898411605,23.922703025630312
27.184665367591982,27.16513030276539,27.39540347160927,26.92575986718591,26.82182543325493,26.285544756813408,26.019180319387097,24.989458865927926,24.544092436008103,23.923906033188082
27.185998010535506,27.167965930849142,27.398123534465483,26.928252654184092,26.824813641826516,26.28847535952518,26.02178966638447,24.991537352399405,24.54656948630481,23.92601313262185
27.187811805138566,27.170865513424868,27.399669188082207,26.929627863840764,26.82588928033066,26.2912072932886,26.02363845066862,24.991920957279945,24.547210585083103,23.92752486874432
27.190565427050835,27.173636854336824,27.402832723832535,26.93278870481645,26.82704443584084,26.29352055108599,26.025910750073763,24.99460986045008,24.54855535968649,23.928931752137
27.193293987583193,27.176644359025182,27.40527131755688,26.935586379542663,26.82999300945212,26.2956748053473,26.028471761451378,24.997069957005387,24.550248640948624,23.930626411220782
27.1962555829001,27.179947606042873,27.407127065947037,26.936900433840485,26.83256816980827,26.29877474364121,26.0304418407313,24.998270790454985,24.551773420982514,23.933961500107674
27.19846612636967,27.182812695653375,27.4096125871127,26.939434513915344,26.833924126600554,26.30193625073595,26.032230948405083,25.000282137222918,24.55376458225292,23.935700439470047
27.200625793424823,27.185737257125847,27.412672342277876,26.94286935106981,26.83615200789732,26.304234331823263,26.0355903507878,25.003087601825467,24.554068366231114,23.936901626347336
27.20354635125213,27.188026939125734,27.41574263020049,26.945298665679715,26.83862775164485,26.30644930025477,26.03807466930722,25.004588953897763,24.555049653910878,23.93926898586322
27.20674576820557,27.190126471775447,27.417557568258943,26.94745050131782,26.84043925158264,26.309602317012846,26.03901235462684,25.006671338319407,24.557672508301664,23.94117907685683
27.209737168082547,27.192414540914008,27.419576679453286,26.950210761437496,26.84302673727897,26.311801862027888,26.04189697842925,25.008863281095493,24.559321206807233,23.94238322887871
27.212730375050253,27.195437936439973,27.42292748379206,26.95281207008163,26.846094540821504,26.31478286610939,26.043635915880063,25.01009812380142,24.560734317601224,23.943565096947363
27.21517815361139,27.198457696803505,27.424364747381738,26.954905238898462,26.847990752411903,26.316697045430374,26.045955298047158,25.011988322673805,24.5612649781622,23.945701801081828
27.21699548154791,27.2006011750651,27.426365049588806,26.957497186130496,26.850942110410866,26.31942151455592,26.048085299417313,25.01514258604403,24.562975006951607,23.947619081856125
27.22034502498509,27.202372069306545,27.429285313720385,26.960021872656522,26.85376527710347,26.32280691351943,26.049789383012964,25.017075966419586,24.565891540563953,23.948659341746428
27.22376613709178,27.204535517434714,27.43174929153614,26.962357570357884,26.855704075154414,26.325089908325566,26.052273556506925,25.01806465940877,24.566616309990795,23.950875681722472
27.225869002396685,27.207435225204563,27.434080127888322,26.964936494548645,26.858131133163717,26.327796058716064,26.05490179421954,25.019955567271435,24.568742676196806,23.953716565727696
27.228468030928244,27.21020510781356,27.436208794432453,26.966715065779013,26.86120737096711,26.331017799757923,26.056882554603284,25.021981751655606,24.570357126115304,23.95422071647026
27.2311229735459,27.212797949051975,27.43827415855307,26.969325738318215,26.863636810706918,26.3335551589611,26.058961981342833,25.02341426324714,24.572123591060087,23.955881617921015
27.233464708525812,27.21526703210101,27.44123429473072,26.971938239614023,26.8663496074173,26.336046907129873,26.060144943982607,25.02613493127537,24.573900204881856,23.95815734879246
27.236114049122722,27.217676928252978,27.444343793031848,26.97398107702613,26.869356157452167,26.338966292684553,26.060403896317872,25.028257964835284,24.575292219084503,23.95906090557017
27.2385891194959,27.221007561556767,27.446513188139527,26.977235738654404,26.87146964719913,26.34140642425358,26.06302197239315,25.02994686932537,24.577162401732075,23.960155901414097
27.241741286010615,27.223355547469804,27.44774944948359,26.97947867194451,26.87399726461164,26.343649219112674,26.066567496779726,25.032618726045023,24.579215030400697,23.962599624511377
27.244504103503452,27.225988521577413,27.450284524315745,26.98064892302967,26.876875745753512,26.346262676701166,26.066027415013536,25.034880732533335,24.58155939587521,23.964700616297797
27.247500516309493,27.228346527428485,27.453206951800247,26.983791258973046,26.87940347987467,26.349320228661842,26.066910947818982,25.035322057659997,24.58200315870996,23.966202118486322
27.25024170488698,27.230769436576114,27.456025272453545,26.98636454327123,26.881547267194435,26.3526496185955,26.07073200373022,25.03727228152053,24.583710039533603,23.96780622646527
27.252603312086322,27.234016275804805,27.458078337562213,26.988093732037164,26.884414190598672,26.355681762254033,26.072957298998233,25.040511581220215,24.586623067299126,23.969239093128397
27.2552920080215,27.237171461140022,27.46012178047161,26.99072711882483,26.885766356556147,26.35865822757173,26.07312004372613,25.04257354867594,24.58855223420175,23.970852149211982
27.258142357095004,27.239734786990223,27.4633378738667,26.993393979207603,26.88708231056736,26.361135304397685,26.075690549316782,25.04414075989226,24.590505839011115,23.973425746735906
27.25988899990071,27.242698747502313,27.466696664194647,26.995526333725877,26.890092255173037,26.363970575963332,26.078359305885762,25.047549827126762,24.59158225376124,23.97527812748931
27.26385618861428,27.24570506618847,27.467801725040108,26.99803553702706,26.892367857477524,26.36613194858584,26.079338850678205,25.049690469467993,24.59286938017823,23.97658402180013
27.26587465064614,27.247887938885377,27.47014784932731,27.00074094776372,26.893998322740735,26.368827949996344,26.080868208443285,25.049826998868955,24.595282523348917,23.979048254000233
27.267939845446797,27.250165793786557,27.472504566394985,27.002346706512462,26.896566459535084,26.371851990088476,26.08377293568228,25.051894082519134,24.59672119916311,23.979852225252984
27.269493950643188,27.25365755802112,27.47532639289429,27.004821534614003,26.89907953263122,26.37394145269896,26.08532469191183,25.054855070075035,24.598015405544547,23.981598450579558
27.272374055083123,27.25636407433095,27.477614551263088,27.00816771951423,26.90104581868159,26.377641527094138,26.08645650584887,25.056812328657735,24.59907679190946,23.984220719852342
27.27482821697273,27.258778659417434,27.480251677327445,27.01077390968701,26.903023390487697,26.380281190368077,26.08789893793656,25.05950261079264,24.600324124826194,23.98584554615882
27.27729728000692,27.262235629220285,27.482968393281958,27.012746628784313,26.905608609525142,26.381951283996813,26.09053134560059,25.0610881010317,24.601322872562484,23.987459239756795
27.28004895593863,27.264582558445323,27.485420959039327,27.015589156806115,26.908239100487855,26.385134842621582,26.092084222975064,25.061726025934476,24.602446420656673,23.989960144914853
27.282628032599327,27.267685646501988,27.487053941788982,27.018428934307025,26.91097288236726,26.38740560522826,26.093834965718262,25.06275570608227,24.605354496264425,23.990887894326598
27.28439449808521,27.270300548227986,27.490082086899108,27.020723175797304,26.912879222963365,26.389714331699828,26.096385666009738,25.063833681538203,24.60628949950329,23.992304339631364
27.287213907680528,27.271811400897178,27.493446560221866,27.023098347166822,26.914852593803577,26.392197396071428,26.098093472058164,25.065937186535308,24.60723690377614,23.9948587278457
27.29015522181967,27.274793437174054,27.496006443757498,27.02642201188549,26.9177069285514,26.395954572518406,26.099839653570108,25.067664549273,24.609263828526014,23.996056441802853
27.293018363826377,27.277890479562757,27.49862089053359,27.029205947885004,26.92020931169578,26.398186750738063,26.102724694932576,25.069513602370094,24.6109523379021,23.99775949446123
27.29605168433344,27.28061032506738,27.500109159988618,27.03142857384323,26.92172340072804,26.400063517912294,26.105236367935305,25.071010318706968,24.611862302378285,23.999149883919394
27.298589689159783,27.283485223874813,27.50297134222912,27.033606780816637,26.923737823441645,26.402700667196612,26.106569426569756,25.07258541513593,24.613484930771193,24.00114409731676
27.30073857869012,27.286235147329517,27.505645076423555,27.03596771482188,26.92631456638404,26.405892567288483,26.108530515990438,25.074988738203064,24.615655806110155,24.002326188483785
27.30399079321333,27.28893138820166,27.507713054230088,27.03879557828602,26.928432072742638,26.40853422855775,26.1109506745943,25.076561868939862,24.617459477000153,24.00437737436932
27.306310822976325,27.291046229457578,27.510928932353483,27.041489149461672,26.930595944453913,26.41138367339734,26.113490540841408,25.07818559804047,24.620456511091543,24.00589428699163
27.30826355117713,27.293603244390425,27.513284357373497,27.0438450927126,26.93300014253993,26.414812551843312,26.11549556457709,25.080136175139074,24.62063743741581,24.007172465276714
27.31149470780582,27.296459764349446,27.515151508522827,27.045957533893073,26.93589396371071,26.416987579881734,26.117127476349555,25.08121678314266,24.62131195172904,24.009853385107775
27.314120077151422,27.299066090785757,27.518159506066105,27.048743891320633,26.9387113268472,26.41955929375898,26.11942516557378,25.0826962637558,24.623204946315713,24.011725011584595
27.316967000639995,27.30212910722477,27.52016574046156,27.051356649669998,26.940480142602503,26.42206459834814,26.120977571132364,25.084996731822613,24.624774384867116,24.013010993500327
27.319387083817173,27.30451251448492,27.52225219741331,27.05338984959279,26.943297744943166,26.425330362045003,26.122671012302867,25.08785053890374,24.626409566821298,24.01491486563822
27.32236382086522,27.306948509385926,27.52420947562898,27.056065555650243,26.946736801328598,26.42723592933701,26.12552024109785,25.09026857006479,24.62723219179859,24.016198579504074
27.32467964648681,27.31009774155517,27.526625288283363,27.059191805423872,26.949048776995692,26.42849553318922,26.127651716760482,25.090688279299705,24.628257552702433,24.01721796755153
27.327601443361644,27.31253944588163,27.528625403285474,27.062024066588357,26.951309295672967,26.43209602365493,26.129057358330208,25.09216162565434,24.630281632474713,24.018920648674747
27.330294021304994,27.31498710598676,27.529772516238758,27.064293420228623,26.953921538930476,26.435141473439792,26.131268543075098,25.094995481002744,24.632449364998855,24.02138210662848
27.33271603179827,27.31791296278434,27.531495492299705,27.067057291991574,26.955902327316178,26.43750306148557,26.13371697980247,25.097114856436527,24.63426676974988,24.023012260622707
27.33485629523549,27.320021791963054,27.533382653239002,27.06997073871598,26.95772659547325,26.439573693229473,26.135919921725105,25.098175278456797,24.635284101132665,24.024467771868892
27.33831751711978,27.322863809645046,27.53463939801155,27.072218225505825,26.960200131104042,26.441671391100193,26.138606439784336,25.099791986760877,24.636308348154536,24.026142758464005
27.340117280287494,27.325236687868873,27.537036391026945,27.07531758990323,26.96258358838868,26.444752780207242,26.140986517913856,25.102196822047812,24.638448441855545,24.027906232253233
27.342389100653893,27.32718188949115,27.538902237310626,27.0775035452068,26.964940698369027,26.447677066934418,26.14255151934799,25.10400726423928,24.640200084916636,24.029622634929314
27.3453232948537,27.33011530693885,27.54028432946945,27.079673794683185,26.967386236919705,26.449169682548657,26.14478654493169,25.104671361713553,24.642254014988396,24.031307052113927
27.34761925240192,27.333182171242886,27.542641897976367,27.082303489648037,26.96982132773218,26.452126684766032,26.147000989314066,25.106569095968332,24.644043281589063,24.033125992484443
27.349860455910605,27.33590855305918,27.544087324549864,27.084320758833073,26.97228237968008,26.45477962972238,26.149240823831526,25.108566278852933,24.644455534059833,24.03310547379768
27.352743274340558,27.337900576752556,27.54504011955962,27.086678740279776,26.97454288788621,26.456772589118273,26.151785251703078,25.110049848061152,24.646164323287977,24.03547347617721
27.355445391891074,27.340619955557898,27.547637615696235,27.089846176105695,26.977593755368275,26.459146779649597,26.15364417132648,25.11212536831774,24.648522339715644,24.037890941106504
27.357895013518522,27.343891608357744,27.54995183685621,27.09211125764432,26.979649691610632,26.462007729017234,26.15613134563636,25.11260122634234,24.650193295275177,24.038491416009112
27.36097115637619,27.346742566583295,27.551373009755345,27.09449170774542,26.981874636007305,26.464827794752296,26.159208793668615,25.114787605849944,24.652175064956346,24.039778094478397
27.363086443169845,27.349356832640254,27.55389226609994,27.097450880628635,26.984758493938102,26.46652870596519,26.16149966767136,25.117171387593302,24.654275597363828,24.041345224973412
27.365369298006442,27.351911432188402,27.556395337699268,27.10005165274579,26.98762850971552,26.46913399881731,26.16343061116747,25.118721682367383,24.65547646251959,24.042524253430273
27.368466232190496,27.35438821072481,27.55851687327112,27.102394326692618,26.98986218506049,26.471944408012664,26.16556079642863,25.119863142337067,24.657140062982595,24.044252444952512
27.37056228401951,27.357041180498275,27.561026761793293,27.104459814407683,26.992901548479452,26.47453608805013,26.167984939326622,25.12180404665349,24.65888126356407,24.045956629461553
27.37254427211679,27.35997283545412,27.563062455863893,27.107529589272442,26.995262046552767,26.476336492789244,26.170243693798465,25.123570933723734,24.66137074301549,24.047021230172714
27.374738246354504,27.361939986671523,27.5658066362546,27.10988879548418,26.99752412840361,26.478697528023662,26.17171312115902,25.125666683695698,24.662335127428648,24.04828951802052
27.377779429075865,27.364799126968006,27.568432341544966,27.111559534016187,26.99989555102759,26.48186996468788,26.174498544355625,25.127367723472652,24.664502829068834,24.05000060306709
27.379958867404973,27.36871823676885,27.570532243025564,27.114475563217724,27.001887724757104,26.48500396560941,26.176214287182496,25.129356136177755,24.66668560509886,24.052131364421196
27.381091260328134,27.37071129901335,27.57301287559834,27.11696400003246,27.004375010113797,26.487619595125395,26.177612368167857,25.13144786957465,24.667638661724972,24.053933226477508
27.38395675385169,27.37258985743601,27.575239941366423,27.118144593996906,27.0077460106241,26.490219786886506,26.18001408823547,25.133772546711587,24.67011405166462,24.054540740578002
27.385654430680173,27.37578470871158,27.577605387715384,27.1211714611621,27.00997392073703,26.491944880094135,26.182613910224617,25.13518013930634,24.671516818053632,24.056066699659976
27.387029057825252,27.378141101425754,27.58034427500963,27.12455261959142,27.012471446709746,26.494806525802602,26.184907604440593,25.13646451443181,24.673611802525205,24.0584028767833
27.389931573650657,27.380941759942733,27.582629675332313,27.125383675094778,27.01555225308263,26.497156328464293,26.187289840152136,25.138523725081846,24.675633374720864,24.059543616424985
27.392675713157768,27.384212092715824,27.584892060045036,27.12720312395608,27.01773149106802,26.49965601771923,26.188811141874563,25.141291581618592,24.676255376005777,24.060719250840044
27.39409346221744,27.38640975935352,27.587304461755892,27.1304787166889,27.020671263426905,26.5022282636138,26.190661830580936,25.143386186059296,24.67819024019793,24.06386467463453
27.39621958480281,27.388875961059536,27.590221447244843,27.132609731963694,27.022812992564607,26.50437843348691,26.192797742310848,25.14556184202416,24.68085124057174,24.06523514882068
27.398317264350883,27.391529783917065,27.592919784074986,27.134293178801528,27.025159900668374,26.507286532671053,26.194959817842097,25.148646119733336,24.682108209237846,24.06624519571054
27.40034551332121,27.393566872560715,27.594883858839747,27.13677021320023,27.028239391014793,26.510024127225268,26.19749903042568,25.15129315298356,24.683592375484746,24.067861008039642
27.403156788615554,27.39596515667312,27.597019513933567,27.139136585982477,27.031172689574994,26.512099235066007,26.199400430597354,25.15205750044052,24.685359897304732,24.069240234324294
27.405186388124502,27.3994482954837,27.600071910081596,27.14150692193734,27.033224339875012,26.51539692742025,26.201580987816712,25.153153225442225,24.687464648366486,24.071032668428032
27.40632732704601,27.401521547162723,27.602494181422298,27.144041273560138,27.035782408595402,26.518648044535666,26.203534922811713,25.155266957056913,24.689696086948295,24.073682731945787
27.40870794074057,27.40379040381686,27.604766675652147,27.146109268947768,27.038271079612084,26.521284206992846,26.20614521452626,25.158130152355284,24.69125935545239,24.075283090283996
27.41204977012555,27.40647328693796,27.607167934779447,27.14824187503836,27.040571581069123,26.522826717049185,26.208449835475896,25.160478612409612,24.69148496220349,24.076714401119048
27.414478842733274,27.409033279629252,27.60960448060245,27.150985313114077,27.04300430211308,26.525676343361905,26.20975468921393,25.161626212487896,24.69418486370833,24.07885634693883
27.41593896070286,27.4114108152532,27.611986010821774,27.15376642866971,27.04559431937262,26.528345555658138,26.211839480456142,25.16414809288746,24.696275180296595,24.08100091749599
27.417323235237557,27.413909450946896,27.613588104984107,27.156470442048995,27.047059852392973,26.530935654295426,26.213307461867664,25.167410915732653,24.69724313992595,24.082090561114534
27.420117820797216,27.416171423561806,27.616233076979462,27.1594382546077,27.049133578022044,26.53350331083605,26.215533878959405,25.169064695143785,24.69877696062552,24.083724868335384
27.42370410169731,27.417559041784017,27.618586762736822,27.16191108552248,27.052212928019443,26.53629302770242,26.21792841739587,25.169656838079938,24.699791661837118,24.085691429811863
27.425718115578974,27.41981698424417,27.620122326245458,27.1643868159102,27.05378664633992,26.53905908253897,26.21945286937674,25.171610317045534,24.70131474733106,24.087008350172013
27.428011833711295,27.423043490665883,27.622556203136202,27.16689215799668,27.056180835383916,26.541432158058832,26.221069790481657,25.17436591119697,24.703744747135147,24.088195214514556
27.42971385799958,27.425171633202652,27.624821940270717,27.169352165912937,27.058137965818673,26.544350545880413,26.222612057359463,25.177763750860205,24.70492534982164,24.090278916470904
27.43151316804889,27.42719978144555,27.626993295156815,27.172099640393725,27.060184999370136,26.546655022718323,26.22485921488501,25.1790326746135,24.705662692395016,24.09208586994756
27.434155282625646,27.429994989363564,27.628991658486562,27.174544573060146,27.06237787912412,26.549481967692156,26.226745381912437,25.17939344588315,24.707244083794446,24.093793351311298
27.436724701822783,27.432479331734363,27.631801197266547,27.176741039725044,27.06506111263146,26.551681232047745,26.226503780162574,25.18231336411485,24.709911649467514,24.095546779858317
27.439193416284283,27.43469252272159,27.63398754053286,27.179951590989944,27.06604974381786,26.55409150116604,26.228297500453653,25.184749741956086,24.710807011207265,24.096867871616272
27.44130103114429,27.43683302175284,27.635902650067838,27.182463611792357,27.06893040564092,26.556339811496837,26.229561157797534,25.186401987284732,24.71147303502509,24.098326039810154
27.443084735011894,27.43950321667849,27.638148739180338,27.184470740750335,27.072297495087714,26.55917599953508,26.231007653771773,25.188452065109864,24.713799127027517,24.100648751250283
27.446054839861965,27.441812306308364,27.6405397152708,27.187412966917194,27.072938107579013,26.561515436876103,26.233084968041386,25.19053720224246,24.71463090193868,24.101419822243095
27.44809426912466,27.444324202060244,27.64291255722128,27.189433343941648,27.07429844160378,26.564003476720075,26.23479977231323,25.193131215939736,24.71647822575799,24.103004324237126
27.449855281314804,27.446838212754287,27.645546330116197,27.19176383238484,27.077225933220443,26.56711652728989,26.234130324934345,25.19439153056695,24.718735053877875,24.104975764574483
27.45268778728597,27.45009606758159,27.64745084815258,27.194472662898363,27.07900628941499,26.567837879405406,26.235232339008718,25.196508929551563,24.719485512435387,24.107328985004358
27.454927422129177,27.45274448888223,27.64937984932889,27.197069656633374,27.08095092117692,26.56975116824502,26.237085499051762,25.198658599448265,24.72105856098888,24.108940517400587
27.457073614805566,27.454900024488268,27.652067544599227,27.19968347795012,27.08336616546778,26.569781289389894,26.238017194545755,25.201218408285055,24.723633658547325,24.11095986620394
27.459892672036588,27.458392744236694,27.653982189153705,27.20211058106087,27.085550810362918,26.57164557869838,26.23905310082256,25.203263467245222,24.725120772660016,24.11226193817174
27.461800389143125,27.46071240627083,27.65650658418349,27.20392763916573,27.08793631059482,26.573511629442343,26.241551579365687,25.204703258552946,24.72689378131806,24.11394366006504
27.46440409209473,27.46249545442835,27.659260183474895,27.20650829339447,27.090479621402807,26.575421580474536,26.242479537111386,25.207064396279577,24.728834394116657,24.116010670738397
27.467188918204076,27.464365838694235,27.660991474029075,27.209400070626888,27.092681170553185,26.576557322285908,26.24326840763072,25.210063519365274,24.729893585230855,24.117709843940673
27.46904869383854,27.46686708878864,27.663350062882476,27.211595271571763,27.09500853976857,26.577936141725456,26.245150154527252,25.211341963666186,24.73160244397953,24.119260368073782
27.471575777552463,27.468932588564805,27.666038240048756,27.21385398077058,27.097218300037117,26.58070390909871,26.24741695306891,25.213164658471253,24.73439048849267,24.121395171837456
27.473999269734783,27.471656632907045,27.667585877617565,27.21624419922032,27.099759347061504,26.58370041803627,26.248575812400617,25.21619285345935,24.735451487445353,24.123112195151307
27.476473571326565,27.47473276060559,27.67035746598214,27.21887329586344,27.102251752869265,26.58600828204471,26.24915335689627,25.218194700280797,24.73652438882402,24.124110102717445
27.479301899507732,27.47686920730244,27.67312574047123,27.221235433928847,27.103495497447334,26.587846422455044,26.25050879805244,25.219862132078163,24.737882203441984,24.1263526398051
27.48115739834633,27.47920636750962,27.675225633808722,27.224521986359065,27.10600922024101,26.589369013219727,26.253117333608888,25.221542948144627,24.739067731307884,24.127641052487782
27.483651885205497,27.481425420825158,27.677807546779594,27.227141700341264,27.10936588219864,26.591738030079732,26.254940492814068,25.22364316120443,24.740562173100695,24.128687853348836
27.486918220016893,27.483649989350525,27.68023150133576,27.22935982794202,27.110996171137288,26.593538797900095,26.256140408065306,25.224640251832486,24.74292056355853,24.129706189615177
27.488952839083606,27.48557590560075,27.68291936996235,27.23240310099805,27.112925492862928,26.596168635389475,26.25812624040376,25.225945231951794,24.74376389900883,24.130613722023494
27.491310176154403,27.488565394519313,27.685571846751653,27.23468012097465,27.115745573892195,26.59818377027101,26.26023196894672,25.227942053124146,24.745397211244097,24.132312786870852
27.493835219128222,27.490958160203512,27.688372013260363,27.23697201001013,27.118030415946347,26.599743478138084,26.261478924360606,25.22822187043547,24.74676283116196,24.133079256727235
27.496785493425783,27.493161014075884,27.689853174511182,27.240257179688015,27.119853480158355,26.600952915515958,26.263479201209655,25.22880560576887,24.74938205637983,24.135482922211438
27.499136588878304,27.495537351782694,27.6925943177843,27.24189827502094,27.122537517534575,26.603987593732853,26.26514142270976,25.23189656829336,24.750641487680586,24.137555853285587
27.5009130944572,27.497363372887552,27.69574488879219,27.24414331461476,27.125389905519015,26.606106065960713,26.26676171881317,25.234615046946416,24.75158247244778,24.13786270395896
27.504062460977465,27.50023961102975,27.696780848370885,27.247194596536456,27.127285297418315,26.60729681771668,26.26920636161953,25.235208016164567,24.753693299917003,24.13936109463127
27.50528410281186,27.503300947001158,27.698897697383615,27.24896170502565,27.1292054746922,26.610436010119216,26.27089879035251,25.23536878327411,24.755331084536504,24.140706137434996
27.507404422781544,27.505729429360816,27.700906108353895,27.250641851486556,27.132259346286084,26.613306992281895,26.273061476458007,25.23641290896695,24.75810430884341,24.142504599195842
27.510026893649332,27.508065034475663,27.70263290018783,27.25398345959832,27.134636575274623,26.61484758856609,26.27539674853945,25.238911603125814,24.759266797086564,24.14339122989025
27.511571747171658,27.510500198185532,27.704183584857034,27.25583588001491,27.136204493567252,26.617572691679385,26.276708788808175,25.2414481269671,24.759900799697938,24.14444721035723
27.513399801958442,27.513254950802512,27.70680634580781,27.25835147052789,27.13815417109851,26.62033431439326,26.279028560638338,25.243150996280164,24.76157571169282,24.146624998397847
27.51587110758495,27.51657228125714,27.709662225652426,27.260871568241125,27.140675303735446,26.62098022999704,26.281379184118883,25.245030037075125,24.76400820642077,24.14827677503803
27.519026792825745,27.519347183148597,27.710734663063697,27.262391905283977,27.1422525433406,26.623529905931402,26.282555548268157,25.246651331351107,24.766086178885832,24.148949847297516
27.521314623759295,27.521604255840767,27.7126491116558,27.26507216480856,27.144431856964072,26.626705914970927,26.284936814647747,25.247672839236948,24.766423896473285,24.15010446916538
27.52312956555576,27.524220156995657,27.715219168917216,27.268321760619436,27.147402731945576,26.62851843016018,26.287501557988,25.249623110570095,24.76778865264018,24.152537639015495
27.5254500639008,27.525677755356817,27.716890989683975,27.269612593556264,27.149779885837077,26.630885499456987,26.28849485274622,25.252097652166192,24.76989737529678,24.153819330500163
27.528476817171544,27.528179801559766,27.71838251721509,27.27182111082225,27.152030186056194,26.633312910601617,26.289502397866322,25.252973667427618,24.77212802685333,24.15503028202704
27.531015012750064,27.530925830625947,27.72121492035413,27.275240057777708,27.154228251141824,26.63477046686705,26.292157040598383,25.25445583613162,24.773566409036665,24.157198408582758
27.533217563825193,27.533776894875096,27.723265354172835,27.27710764263434,27.156969641805556,26.636511471481473,26.294843796027422,25.25625240970254,24.7745573525245,24.157732175072123
27.53566894467078,27.53621742432434,27.724578526058327,27.278627638125513,27.15879855903152,26.639716363683164,26.296742475858984,25.257784316251048,24.776015605176006,24.15891345642555
27.538494824596146,27.538314037589238,27.727148059003355,27.281800718472663,27.161095574610705,26.64280262969791,26.29966985513586,25.25998553575397,24.777946889690973,24.161919695399444
27.54050887684956,27.541004025049567,27.729867825223756,27.284962570555173,27.16367737249986,26.644507183071354,26.301536689204987,25.26162562150409,24.780017632165713,24.16179820743546
27.54266000133402,27.543591373430836,27.730969972992447,27.286314940237265,27.165000210375332,26.64649469243002,26.302663995603414,25.262800513431294,24.78079886262256,24.161322378467233
27.546161084101666,27.546410219404287,27.73246379803812,27.288668625422243,27.16681756171007,26.649984275496784,26.304653886694954,25.264723838563064,24.783063834678934,24.16319816402002
27.548979799343964,27.548376491797487,27.735445730781684,27.291438547047644,27.169884521669548,26.653280403216648,26.30637073442209,25.266714302210154,24.784379592865942,24.165607503104436
27.55027101635223,27.55172107809225,27.737735436980174,27.29356529720844,27.171992439820336,26.65502132678419,26.308680202386142,25.268452490815257,24.786620925420017,24.166828389961168
27.55289886926918,27.554975994533223,27.73997693138414,27.295356240753293,27.173713530871268,26.65735965741202,26.311063559236054,25.2705642249826,24.788037048770065,24.168095758850875
27.555139095909837,27.55578304322817,27.742349350409995,27.297615058768486,27.17659186802315,26.659470901087268,26.31299048814657,25.272589870845337,24.788727200437517,24.169123829356778
27.55701971154164,27.558788582369477,27.743751345307057,27.29980659881702,27.179064630383625,26.66194958878419,26.315701560098713,25.274119144496968,24.7904199414912,24.17043777459162
27.560064986452126,27.56146483442642,27.745583304687536,27.301811321090806,27.181137409597728,26.664509495556068,26.31740924327676,25.274958340159365,24.792008563038877,24.171566319360565
27.562779132949217,27.56343822700197,27.74894105108547,27.303580940114394,27.183455832376442,26.66682537860329,26.318215302256075,25.277167697904808,24.79346968923145,24.172734960116564
27.56508571175454,27.56601213853637,27.751156034139953,27.305720627298093,27.186170555184898,26.669023850009786,26.32098027275452,25.280277645815623,24.795224503335533,24.174409334989242
27.565993845326098,27.567936489244133,27.753163244315353,27.308140308806948,27.18803310665564,26.67146494349086,26.32359109198599,25.28249840543145,24.796874305448952,24.176106558990615
27.568991550578005,27.571528879313764,27.755752580038596,27.310433445058003,27.190113885511234,26.674477400765916,26.32556196076564,25.28386655335785,24.799037470578842,24.178049971048218
27.57163551142838,27.5733884972159,27.758279027471616,27.31243586400533,27.192292134934817,26.677336927467895,26.32729525123905,25.285305181822267,24.800389495283714,24.179991620299024
27.573647787682688,27.575306562406237,27.759933383270724,27.315180971477048,27.19480210949974,26.679160544263997,26.32952606162131,25.2876602599595,24.801758426156937,24.181095050861266
27.576141055665815,27.578170085697018,27.76189675510375,27.318054385654847,27.196947311881825,26.68162626177811,26.3313799793939,25.290039487671386,24.80224701615644,24.182611389881554
27.578471949338986,27.580671994970434,27.765133776192915,27.319939570263188,27.198960361570922,26.683983958462207,26.333667584398203,25.29179125539752,24.80346213130607,24.18310661113198
27.580578970568077,27.582750582787963,27.767168493724114,27.32191895700073,27.201054313772325,26.687124783262853,26.33570385630459,25.29345915458825,24.804303560140983,24.185111997622943
27.583224011177343,27.584957439708248,27.769195793606638,27.32368393675568,27.20371737791694,26.689698464846437,26.337418420699116,25.295854175676418,24.80499317849886,24.18724769228241
27.585764591106958,27.5870148422438,27.771538388291994,27.32578437852157,27.20559792724076,26.692256844036027,26.339795511368685,25.29804012527988,24.80624645951088,24.18756637674962
27.589055840110326,27.58943058217671,27.773494877186987,27.32769688777243,27.208141252033702,26.695294053485537,26.341764633643198,25.300285187253774,24.807151159147875,24.188856252935476
27.590998607850466,27.59174509323575,27.775572894949192,27.329292298216018,27.210576159073213,26.697779184013207,26.34414665351838,25.302251347202827,24.808711587909634,24.19139411822095
27.593762875367123,27.593858328897017,27.778098970410916,27.331489176183364,27.212402530098664,26.700211178431132,26.347184914469388,25.304295251757082,24.811241895308015,24.19194839706792
27.59743815741367,27.595129102724215,27.780852906769674,27.33403031942608,27.214559013625106,26.70327658562385,26.348820487617605,25.30626311898278,24.810447359260912,24.192700487190027
27.59902867824705,27.59702387316893,27.782970839998885,27.335095910080277,27.217153099104337,26.706286982963768,26.350604823349002,25.308003051830113,24.811347014281225,24.195177493429647
27.601320916470943,27.601005959898657,27.785152033360518,27.336266553071876,27.219264100910685,26.708393843230457,26.35299409804752,25.31042986373005,24.81438872637529,24.19585553512792
27.603193586464215,27.60364914698101,27.788013048567464,27.33842658248082,27.22097144346686,26.711113089344046,26.354783913606493,25.31284416584038,24.813932817027123,24.19675776026057
27.605978713894835,27.60497420860048,27.789675389624684,27.34013501754532,27.223959399266143,26.714401344735332,26.356047241665145,25.314251485234728,24.814265369147925,24.197514387332117
27.60893468688396,27.606984987809117,27.7927567675848,27.34156340381109,27.22642500153559,26.71668588136359,26.358796536844373,25.315803738559627,24.8166247065813,24.198339218910547
27.611594084791328,27.6092227906442,27.79420574698003,27.344741619240803,27.22846612407492,26.71852357185363,26.36083283809733,25.317308518614606,24.81653599277962,24.199296901544894
27.613586624580584,27.61162746252841,27.79605545693991,27.347543170238243,27.230797610484956,26.721270579282738,26.363254059844312,25.319360252251304,24.81641800402482,24.200674976036176
27.616259266219828,27.614586684113895,27.799739722836343,27.348414905486088,27.23323489122268,26.723630838179112,26.364905968363086,25.321185688852005,24.818602764632995,24.202200123910437
27.618487356850665,27.617154363683483,27.800642617943968,27.35068399677388,27.234641401953294,26.72629751574678,26.367384922574026,25.322455316444895,24.8196703609413,24.204369081899415
27.620853246846227,27.619316469940753,27.80236965086168,27.353580075128463,27.236551866870087,26.728307429666028,26.36882020172113,25.323109585621097,24.821126324890635,24.20575717023109
27.62367152081247,27.621467759670416,27.80576747801483,27.355458494382823,27.239351218304996,26.731075651486048,26.371205091487717,25.32527346383537,24.822782294276813,24.206034849837636
27.62562562062422,27.62429789578007,27.806915974167865,27.357484882363874,27.241123104237342,26.73379858516637,26.372998221464115,25.326249794301265,24.82307560949874,24.20556833497193
27.628385400831625,27.626894702172287,27.808444602176017,27.35950732204647,27.242860576364993,26.73608419724608,26.374865489819076,25.32820202180131,24.823916126075186,24.207493487470224
27.628895934973656,27.62868419518277,27.811294204650316,27.36175561155333,27.24440549620018,26.73885327164101,26.377910061946025,25.330625601977268,24.826429755951903,24.2094984016358
27.630826421595867,27.631037341380846,27.813930791144355,27.364433287297864,27.24735236559757,26.741898367614866,26.380467890403082,25.331244011786758,24.827087915986937,24.209091437078243
27.633997225943105,27.634159665173833,27.815641033409833,27.36638700889015,27.249120918581728,26.743597271208465,26.381967312212957,25.333024337217584,24.827330286829962,24.210647872423525
27.635571612504208,27.636555026677073,27.81752420540224,27.368333702403717,27.250052924769122,26.74576502177939,26.383806608525084,25.335214836482123,24.829379052208296,24.213019434945465
27.637605628123005,27.6385708145544,27.82038944821355,27.3711034926343,27.25222391731151,26.749296184080272,26.385996126324812,25.336818096481252,24.83140525864881,24.213610708803586
27.640012905435377,27.64107767111871,27.823052546691464,27.373284545621143,27.254748857286977,26.751507320393717,26.388081100559546,25.33925338303269,24.832389923948814,24.214275569607846
27.642388732196213,27.643519723784312,27.82534961948045,27.375060210340244,27.256115884773745,26.75361190079999,26.39002654224129,25.341475638268854,24.833775397352333,24.215361283865214
27.644881197114167,27.646388777137805,27.826903887783136,27.37750961849011,27.258169338131594,26.755493038801998,26.391215606828844,25.34244556256326,24.83583463215629,24.216949435842068
27.647652474023673,27.6491813010505,27.829814311626574,27.38001653548939,27.260833063506364,26.758777305406266,26.393138863061512,25.342865692035204,24.83760972903489,24.218573361299967
27.649643066607446,27.65199342313878,27.831380730113246,27.381763386364014,27.262236682440633,26.761368905754836,26.395785486505183,25.34485007105347,24.839517421561645,24.219675065428163
27.651358320390393,27.65456950840864,27.83320013790917,27.383948132022468,27.2641382403345,26.761732942288056,26.398274988228682,25.34712749544032,24.84147351231006,24.220838787613662
27.653855620584494,27.655887403641653,27.836040308589688,27.38631941135571,27.266560688945134,26.763677565480123,26.400233728671584,25.348512320521795,24.842051072212538,24.22326170408164
27.656925663555878,27.65868564265791,27.83807932687131,27.38864117714728,27.268111845701913,26.766199287173883,26.40291967419486,25.350383986301665,24.84299608727602,24.2243649299346
27.659342035217627,27.661604248475918,27.839080190937672,27.391396633253763,27.270473838544838,26.768478129803896,26.40411483623595,25.351952867770517,24.845258482044542,24.22548408497577
27.66046540607205,27.66369755206762,27.841387774904,27.39414157084216,27.273160012937577,26.770162533068657,26.406839820373683,25.353864869131357,24.84675591089463,24.22722293832883
27.663353775539964,27.665199742588914,27.843525424880884,27.39603909898846,27.274605042894585,26.772543744597325,26.40785622629272,25.356646285706486,24.848106377910995,24.2288170251434
27.66572692281634,27.66740359619325,27.846145998720665,27.39822494298187,27.27691393817956,26.775848769027473,26.410112007811527,25.359125820840305,24.848885238523927,24.23021004130821
27.6680846158036,27.668255648163203,27.848491311816606,27.401444264942093,27.279499149353583,26.77767151562835,26.412841581874282,25.36095539060332,24.849906334784876,24.23185331020237
27.670964305546747,27.670528008020952,27.849533345475823,27.403511575449507,27.281491893544647,26.780010620699784,26.413956528799535,25.36274650271973,24.852541685258323,24.233691912672445
27.67276837583377,27.672942075115508,27.851550343483527,27.405559045763432,27.28425457682561,26.78210111173097,26.415510958516883,25.363146325929335,24.854511639889378,24.235322905536943
27.674878367874843,27.674455754521055,27.854278892189193,27.408807563221007,27.286381906590073,26.784374100493874,26.415566470377037,25.365256082529434,24.855593518745106,24.236427812573552
27.677631678752608,27.67633137200432,27.85649417966464,27.410815330102828,27.28834496250681,26.786720311301018,26.41706166658455,25.367653395289913,24.856847184517783,24.23812988613915
27.680181928038998,27.67858839951904,27.85910857075805,27.41245623415148,27.291232078067097,26.78865652853187,26.419878966969243,25.368526517650846,24.859091887324766,24.240142991076986
27.682247991816983,27.681560732068064,27.860748618466435,27.41458188027529,27.29300924826871,26.791075035429287,26.42156310373118,25.370353197078195,24.860380734145586,24.241678877957675
27.684463613306022,27.683146453510886,27.86228109379113,27.416554035236263,27.29410084791292,26.793850324088694,26.423057732805056,25.371995832213656,24.862181900937447,24.242936832309386
27.68626522189286,27.6859318781775,27.864228514819104,27.418783128437735,27.29634768485009,26.796321935764013,26.424767501581105,25.37216687632002,24.863635171749063,24.244801601323363
27.68956273116817,27.68766882727311,27.867507246402795,27.422230356430397,27.298030214145534,26.79905965361277,26.42619445590367,25.374172745451848,24.864327929819172,24.245976468190147
27.692140604356336,27.68946947297995,27.869251147767805,27.423550281181775,27.299163397256905,26.801310842685876,26.42804777485848,25.37715600477391,24.866537530950655,24.24685555615855
27.694209341441542,27.692434143859437,27.870684986614588,27.425232322486302,27.300407106967892,26.80367525661932,26.42956340571736,25.377881615698875,24.86811407660285,24.24837722275372
27.69679103604495,27.692921316727926,27.873205374064007,27.42846276579626,27.30224733692829,26.805851768446452,26.430865953776003,25.378715798417318,24.868527125042753,24.250209998398926
27.698978602707626,27.694790343827442,27.875297054986518,27.430854572506917,27.303909129936667,26.808107113993355,26.433171059425757,25.380542180044014,24.870428078569795,24.251876229223754
27.70182192417026,27.697911134691413,27.8772639701964,27.43300425371066,27.305193083549057,26.811090568259424,26.435079675668817,25.38184245461248,24.872752575013326,24.25347927562664
27.703962636953193,27.69897797139184,27.878666768270417,27.43575735566531,27.307137406132465,26.813329451115617,26.437164698114536,25.382977268422575,24.873569041228123,24.25518781821711
27.70634339830394,27.701011461133845,27.88133352222895,27.437814985627988,27.30885324585026,26.815106518034813,26.43815794816443,25.384427047557732,24.87479325790343,24.255635393655
27.70889801451974,27.70437734087723,27.884713344903158,27.439796992351017,27.310306883139784,26.81742929283235,26.440107896162182,25.386090243309745,24.87666510467088,24.257864014866094
27.710937722260446,27.706294161165577,27.886310108553435,27.44256332114852,27.313160742461612,26.82045235529211,26.44224303575912,25.38825410332418,24.87679384210542,24.25885038997377
27.713577014250426,27.707731262778353,27.887857184586814,27.444953712094797,27.314678857234476,26.82187667547587,26.4431284475354,25.391024803448214,24.87825170991357,24.259993547494318
27.715673123845356,27.710897212126145,27.890285800070767,27.44652859656206,27.316312074847833,26.823916963562343,26.44499189060239,25.39259166723568,24.878401323167356,24.26191034004017
27.71795270125738,27.7128580612778,27.893123246816423,27.449061217750625,27.319254536144975,26.826456135643717,26.446200915016746,25.393533006781258,24.87974448213619,24.26225173360224
27.7204439622733,27.714591385750282,27.89553813657553,27.45152151659221,27.3208326931424,26.82890783064774,26.448061372775907,25.39509694304524,24.882604450319942,24.26363361577261
27.7216117349678,27.716953189145844,27.897493475017946,27.453603527860405,27.32272857151763,26.83169995215028,26.450522524235964,25.396549577697954,24.88216463639855,24.26578933876445
27.72373453156036,27.72036040621826,27.89977302533741,27.456270866312696,27.32551465347422,26.833595134474177,26.451570994842314,25.398000645244238,24.881270527303222,24.2666675811643
27.725260737945835,27.72275213265293,27.901688552500097,27.45795434310199,27.327759661291694,26.83562189704332,26.45292104875338,25.399939783740603,24.883031575484054,24.267702771864514
27.72686148698994,27.724501941391008,27.903585758091015,27.459419805593576,27.329760420793473,26.83820089289318,26.45532524598273,25.40187608009763,24.884739542842294,24.269748483003074
27.729946082638662,27.727004684139583,27.90597760910426,27.462210930119223,27.33249448198584,26.840578605663943,26.456879240317278,25.40378708245442,24.88459309141083,24.27118453374402
27.73239225973848,27.72917709095453,27.908526243868668,27.464369404911338,27.334633557091642,26.842862391972435,26.458043073014586,25.405124111635114,24.88459335750518,24.272997201937137
27.73411993172351,27.731540444658258,27.9105890030635,27.46623092249628,27.337184932910937,26.84406551255917,26.459211363182476,25.40639578567276,24.88552253406769,24.275409425863643
27.736004139895492,27.73321380341114,27.91236512574358,27.468838035498422,27.339041443463646,26.847443656477665,26.462495417679225,25.40909103960946,24.88666099083104,24.27566845234677
27.73817495436998,27.73611797791617,27.91487290650402,27.470973368366835,27.3404127649896,26.84978345403588,26.46326267601215,25.410840829227382,24.88778226532053,24.277447007747437
27.741850136545803,27.738493040955262,27.917603877992143,27.472192863731863,27.342820506411158,26.850804080452264,26.464478150853374,25.412871544253598,24.887648633175033,24.2798873327771
27.744423540378023,27.74082823904906,27.919562079877153,27.474546412612582,27.34614486572628,26.852813588957485,26.468443407716276,25.414501854670405,24.88875633897497,24.281439199430125
27.745607997363603,27.743411365818798,27.92193063539409,27.47707609134748,27.3475988607682,26.855310056675584,26.469045510789666,25.415802427982186,24.89121582238608,24.282773364616194
27.748611225792168,27.745439237246742,27.924281925732988,27.478241845155754,27.348965925064842,26.858393279963252,26.470134791535852,25.417681343807796,24.891542815421346,24.284452340977758
27.751501095442073,27.747506887802448,27.92740676879876,27.480112292488915,27.351961162471685,26.860885574639717,26.472516683946733,25.419250893611025,24.891385960792928,24.28519047166066
27.753832312771884,27.750518435716373,27.929534742302717,27.48314664311396,27.3535701233304,26.862804169738055,26.473105836704516,25.421201704913308,24.892194308624497,24.28670533646454
27.755512908646484,27.75313474524795,27.932681665011533,27.484434759999242,27.355120293617425,26.86579906021199,26.47496423745988,25.423517085894964,24.894461173607183,24.28817508154371
27.757523329759977,27.75580212834203,27.93497972911093,27.486453903540124,27.358317153913422,26.86831652547226,26.47769498271444,25.424430251971593,24.895564841327264,24.288866099528352
27.759667374787945,27.758031105548604,27.936661861412333,27.48877805916916,27.360861077737567,26.87000924901382,26.478471258832165,25.42606785019551,24.896062828471017,24.290030000188064
27.76235448112633,27.760401883833175,27.939179953310408,27.4906251322693,27.36327691372084,26.872261725324936,26.479958602014072,25.42761779157583,24.897491711116437,24.291534473955664
27.76509852313605,27.76278823142396,27.942479222712304,27.49319626401755,27.36444295544507,26.874772790865414,26.482174282533197,25.428887653015188,24.898060598989336,24.29336407179683
27.766929967077033,27.765329319892334,27.944579454700758,27.495084070267644,27.36703753405451,26.877308335029035,26.483598632876838,25.43147901432297,24.898420178472623,24.294937958703503
27.76921584408234,27.76779025122723,27.94591030807127,27.496060295113107,27.369550175118764,26.879167591446738,26.484820815562816,25.43277564028763,24.900070187554782,24.295656736999014
27.77092672356854,27.769867490331688,27.94861598149928,27.497898199980778,27.371898299628832,26.881410733573702,26.487555941058282,25.434486080585557,24.900720667970987,24.296269406688186
27.773176127383774,27.77229646210778,27.951081511083142,27.500678379312866,27.373923832657432,26.884973829704386,26.489402716261544,25.436624112021402,24.900658991484978,24.297792901767256
27.776534502403454,27.774713996706303,27.952722470195035,27.502724485622444,27.37589431888803,26.887350694264395,26.490143383629796,25.438554599454676,24.903236457060302,24.299404186917354
27.776629620553166,27.77724253842518,27.954565027996324,27.504494690969572,27.378918802099165,26.889197569085255,26.492262800229362,25.439935100276564,24.904892092071332,24.300679350400053
27.778349467565487,27.77935917772882,27.95714071705637,27.507129532280572,27.38079710055667,26.892371100203263,26.494776090508175,25.441817728348738,24.90506989523766,24.301856698790168
27.779090074469956,27.78120066691113,27.959613845384386,27.50947039882699,27.38255454942354,26.895729122471906,26.496588329026114,25.443456733669283,24.906436300282827,24.302529115871
27.780284574171155,27.783894541789216,27.961688511193422,27.51139954438901,27.385173058934377,26.89759867122057,26.498752486805735,25.445204909982383,24.908317994309495,24.304289478695456
27.78284215304177,27.78630342827252,27.964071954522,27.51430617118759,27.38656256954195,26.899133712855694,26.500931703082795,25.446885374067815,24.909421136692345,24.306442890558685
27.784243427144336,27.78761830859147,27.965788087979988,27.516697609527046,27.388420071141837,26.901993434863257,26.502026560564115,25.447853055728103,24.91078422307318,24.308001413927485
27.78540963102582,27.789639447714624,27.968666662493224,27.518250121308494,27.39125907380113,26.905368199024235,26.503816749722112,25.45002901214987,24.911974847450136,24.309228450175024
27.787779989260496,27.79282330375992,27.97113742720953,27.5201982654222,27.3935650425664,26.90720126734126,26.506268892762954,25.451434183337803,24.912634183211274,24.31069133037773
27.790200430971602,27.794551943095136,27.973630789659815,27.522920761588495,27.39596129970655,26.90931298326789,26.50800050032167,25.453111125235104,24.914342643699573,24.31242745878969
27.792158584371105,27.796496185399636,27.975468051079687,27.525006440083484,27.398140930246,26.91130731791241,26.510193140501,25.455342968629637,24.91631252483488,24.31342469340743
27.794061370469887,27.799223632179498,27.977894141465388,27.52717722504996,27.400093075481664,26.91438266083044,26.512293988442266,25.45708420243109,24.91762232008448,24.314286329764514
27.7955046804531,27.801707086842953,27.980196646842373,27.52969436906865,27.402407034409308,26.91615865511175,26.5138452914401,25.458195622829052,24.918499253575707,24.316031374493512
27.79725215080715,27.804466899220177,27.981813744788525,27.531920310285102,27.404378904141915,26.918047522264033,26.515943385234895,25.460620485418243,24.91930329499441,24.31800417619657
27.79919577218027,27.80677763600908,27.983277985769902,27.533604298437588,27.406404366392984,26.920954852925554,26.51831649747843,25.462849660421092,24.921026058194823,24.31971674104179
27.801407485930163,27.80852454954492,27.98576678341498,27.535343700347138,27.409628021851454,26.922879629017604,26.51981534144269,25.463365531746916,24.92275025228381,24.320849432718482
27.80424724130354,27.810305708828878,27.98785287636518,27.537854429902527,27.411169161546244,26.924493801955776,26.521803044681324,25.464028534038828,24.923670693557582,24.321636148657525
27.805956674120633,27.813138466116683,27.990656866083654,27.53975731842044,27.413549491230146,26.927332311501587,26.52345741907775,25.465703434217776,24.924805540102653,24.32334271918974
27.807201517458093,27.81553588011657,27.991149908111538,27.54223287594599,27.41577092265294,26.930098855397087,26.525511148088654,25.467935634063217,24.925845173087925,24.323702343859193
27.809376331890636,27.817380816776613,27.99264556603489,27.54486829751474,27.417099875450152,26.932637406563764,26.527134557133376,25.469417927103972,24.92718870763921,24.32561341245879
27.81135532865293,27.82017800499071,27.995382094094417,27.546632779101646,27.419863771232645,26.934131890867352,26.529082170433504,25.470577290106895,24.929344076735024,24.32710948440345
27.812893901298374,27.822287509335155,27.995853965186605,27.548934210608582,27.42184983645987,26.936639754736042,26.531682042203407,25.472371766443427,24.930822928630924,24.326927556247803
27.814522242397427,27.824781081031517,27.996834777945914,27.55192222871717,27.422999319136935,26.939246245515154,26.532781746883618,25.474204051105858,24.932335609934462,24.328818094822346
27.816771674459044,27.826507604311995,27.998253051417482,27.55366629582025,27.4250509527861,26.94105234953313,26.533277173638332,25.474624830688974,24.93387665277021,24.330070623029606
27.819054464533473,27.828805835429012,28.000075185639226,27.5558945130997,27.427899838182597,26.943155211924683,26.535794902386215,25.476427129068014,24.935438646125725,24.33018553351144
27.820212265203658,27.830838514043815,28.00153528742069,27.55923453800222,27.429976448120705,26.946661867500804,26.537117705759286,25.478965099670358,24.936361274858847,24.33127389515331
27.821222821205644,27.83309917627703,28.003116308680823,27.561553975108527,27.432285317535793,26.948793987562972,26.539458249632876,25.479888804517742,24.937991917527754,24.33154887586643
27.82362468152307,27.835412159834362,28.00559210259724,27.563261424660453,27.434502480736068,26.950026989431827,26.541770643228944,25.481857190898452,24.93952359359699,24.3329755257378
27.826121526911606,27.83747976023772,28.00660129827118,27.565371601425248,27.435904773416098,26.951015182765442,26.54238237543352,25.483953570473087,24.941293256419495,24.33471600651214
27.828277406248443,27.840291015322908,28.007922874162038,27.567615068945486,27.438602151583552,26.954453000546025,26.54457896706296,25.484548908030057,24.942870113668867,24.334826404397237
27.83008684410121,27.842371369814526,28.009914991170184,27.569392561022767,27.441341492803613,26.95714534709805,26.547023767195444,25.486264466615083,24.94432362233665,24.335996335509194
27.83261112605606,27.84465199549835,28.012074446879023,27.57158966872817,27.44278390709359,26.95927815618328,26.54860828798933,25.488385319760766,24.94618273706233,24.33862842416253
27.834650203817276,27.84686013923402,28.014334508629076,27.57426994230177,27.444838502132534,26.96092698325769,26.549967307194258,25.48959484066909,24.94768832689324,24.338803300926163
27.836526728257873,27.849214332807225,28.015704239295435,27.575916060685294,27.447125101281383,26.96381096206658,26.552789173080154,25.491457231942363,24.949348305991784,24.339019660486944
27.838694612226913,27.85024418452757,28.017043787071422,27.57786995783966,27.449256242273776,26.966177752357577,26.554381218872365,25.492878253949453,24.950658788659197,24.340799217532748
27.841089971760013,27.85285641114219,28.019419256701354,27.580701755340055,27.451118352130845,26.96781055785784,26.554572827367654,25.493165057555146,24.951924139388364,24.341612256195944
27.843040483776583,27.854623783497246,28.021059212450375,27.582113548460164,27.453455525001438,26.97043891147547,26.556563885818765,25.49582706379884,24.953019864353486,24.342406253884434
27.84525820822641,27.85653557217701,28.02200743428544,27.584215347522473,27.454348004571592,26.972484658908833,26.558884189927497,25.499282890326942,24.954802837519217,24.344633955401783
27.84796530434128,27.858914342443384,28.02439820253985,27.587168916972264,27.456461867512616,26.9743159220603,26.560301940242628,25.500109629518267,24.9568451034229,24.345173438869367
27.849590864448956,27.861313209557203,28.02730587987158,27.588751196917023,27.45967118561671,26.976266065913354,26.5618708157876,25.500655596849278,24.957838119154445,24.346384138769967
27.851454089213767,27.863161918618914,28.02872992652867,27.59041048556188,27.460395565247637,26.978343863987973,26.563962908980514,25.5023930549782,24.959627037555187,24.348380230530516
27.85355387309577,27.86561257307053,28.030596472618605,27.592926579059743,27.461583197532455,26.981315637793482,26.56467337117278,25.50496771050478,24.961520849592404,24.348671286850664
27.856049862689662,27.86833982459616,28.0330359154072,27.595139050327063,27.464269290798047,26.983325220707496,26.566818331095682,25.506471874023337,24.962948374484824,24.350380865509493
27.85926306040244,27.869475026838124,28.03505343029984,27.59750338495925,27.465664859985456,26.985684374444258,26.568515741951344,25.50847451476581,24.963816850947786,24.3519976812946
27.860574142885977,27.87159377842223,28.037517283366387,27.599825018680967,27.46687072778552,26.988079896777116,26.56952561854724,25.509807801628757,24.966049414851494,24.353100606585514
27.86262805224506,27.87324916522075,28.039383944571753,27.601919939291243,27.47008721674543,26.990726644591287,26.57187233493337,25.511264476691697,24.967711189806835,24.353680291277694
27.865299769701593,27.875779099053346,28.041426940674285,27.603581715404196,27.471845952570725,26.993048029524317,26.573712032166906,25.513315921625104,24.968389161695125,24.354928607536827
27.867171985625045,27.877723500042283,28.044079703656678,27.60515053804067,27.473207909533276,26.995467416737675,26.574908412702257,25.514420582892807,24.97000001236447,24.35664111411144
27.870298828780356,27.87990442253609,28.045722742410305,27.60790643660006,27.475283049564606,26.99838714427248,26.577448370659265,25.51662200198622,24.971377541210124,24.357525880763763
27.87154464983889,27.88164722136019,28.048253135914834,27.610018742641024,27.476596129017764,27.001247606115673,26.578311766728916,25.518173463160416,24.97241287842202,24.35856717946281
27.87409936394763,27.883735548283575,28.050172788282033,27.61200986345923,27.47812648922062,27.003532565964903,26.579981711386246,25.5192869969463,24.973961810092252,24.359900920373928
27.876561435053368,27.885720914315296,28.052242128351118,27.614464926417188,27.48015277476593,27.005591760719835,26.58189023344732,25.521096958044126,24.975669493995348,24.361314635340534
27.87792695455272,27.88766033801465,28.054513824962967,27.61674162808523,27.48175430667898,27.008050260199553,26.58373580151003,25.523022157393203,24.977369458326464,24.36281563864454
27.88042086718223,27.89019418568934,28.056604734920214,27.61854194445884,27.483749517130885,27.010592692218648,26.58506964065612,25.52414525764719,24.978836706771837,24.36414271702934
27.882445079585914,27.891610122367958,28.05893844347598,27.620761438573957,27.485827835443168,27.01282371919264,26.587058005073057,25.526004274429628,24.98052106515076,24.36468576353107
27.884786852895118,27.893664017953498,28.060982576358576,27.623296500564848,27.487019214217522,27.015440839640007,26.588804054633126,25.527563941263463,24.981863034787246,24.366644868841043
27.88796214337149,27.89635026485627,28.062472055774094,27.624828313890937,27.489490445388398,27.017622182121343,26.590276433622787,25.52941764758769,24.983293607025615,24.36766086858735
27.889731238092775,27.898290873840367,28.065144571925728,27.62707935707428,27.492412504579264,27.020798695025334,26.592482246843964,25.5318246384754,24.985197728888476,24.36815562390999
27.89152511220561,27.900262830365833,28.068345405647776,27.62967502082128,27.493858283732084,27.022060309520697,26.594717464341983,25.532644554779512,24.987353216083143,24.370235576361345
27.893866677781215,27.902505449127798,28.070446611858326,27.6309348767724,27.49639982192791,27.024654830322277,26.595996970488827,25.533192557333013,24.98823992060967,24.371534172879134
27.895875387595165,27.904759026187822,28.072239076604,27.634076492641007,27.49920558804448,27.027113176106695,26.59760104638189,25.53621809441251,24.989893098514088,24.372151904442752
27.8981499096534,27.906965385887617,28.074957271569016,27.636720418291297,27.500731045215513,27.02997799135038,26.599544867656576,25.5384563273679,24.991750318643643,24.37377769231444
27.90087807611129,27.909045363697086,28.076839048047468,27.63822623100769,27.50203280254756,27.0310394115293,26.60177456334601,25.53859235733636,24.992679372774496,24.37514133705814
27.902929466884533,27.91162003390327,28.078985071417346,27.640492102225306,27.504771305887203,27.03337003929542,26.603691492453045,25.539611298335345,24.994562866440518,24.375346897941313
27.904088815554047,27.913349739926137,28.081976031424794,27.643026172619614,27.507026855862033,27.036646311840787,26.605481643801838,25.5418683258354,24.996511709026517,24.37707394519216
27.906138628620106,27.91597898147598,28.083329360525777,27.644856107951096,27.508703398576337,27.039067995979007,26.606436824258388,25.544157922609408,24.997482097870932,24.37919001692217
27.909144845331575,27.918419084366995,28.08545171595226,27.64677887528228,27.511512782981576,27.040614199860734,26.608424543670715,25.54599263498612,24.999631827766393,24.3798170938703
27.91142149496334,27.920675659105566,28.08791368192103,27.6494643475828,27.513173071568467,27.042862586915504,26.60949407024126,25.54668191646696,25.00160859993548,24.381074677491892
27.91327608853757,27.923138314318592,28.090208062375073,27.65124949458105,27.515633353498792,27.04617738838944,26.61265061542283,25.547066839697937,25.002104571983622,24.383477289636307
27.915186561171442,27.92393044786423,28.09208880006777,27.65307128921134,27.518396324277404,27.048031783293034,26.61227554689784,25.54953126344258,25.00363867469919,24.384282763422277
27.917184252930653,27.926460011925414,28.09422268204495,27.65571415139021,27.519625620061827,27.050391914462697,26.613541423350625,25.55135604253214,25.005239215675164,24.385078309895757
27.919274432015246,27.928776760906153,28.096587201220416,27.657951703544978,27.522161286547423,27.05177146352339,26.61576217956523,25.552939493320906,25.006590319393514,24.38674829284459
27.92153907337266,27.93095439039628,28.09912820199495,27.659732852718562,27.524771927481346,27.054975975439874,26.6164359399082,25.55427279786731,25.00834758821715,24.38848298917769
27.923984591097035,27.93281335882156,28.09980971896286,27.662080158153174,27.526757327350193,27.055997862873788,26.618935896101682,25.55530998908931,25.009691001678867,24.389822378340273
27.92639237973806,27.93598776808649,28.102270388406314,27.664536111158434,27.52824588581631,27.058236840592585,26.62098866242003,25.55659825426622,25.01137453115146,24.390116010495827
27.927727744503606,27.938276389536767,28.1051407198963,27.66636125400344,27.5305449079328,27.06073945878613,26.621470739156923,25.55845125088709,25.012050178958624,24.391853165620383
27.929924227989027,27.939776914063856,28.10706159484177,27.667902467852752,27.532193912727383,27.062103351396274,26.624088051502028,25.561277988404008,25.01386796529964,24.39402541667139
27.93268004669858,27.94199400742869,28.109011120807974,27.669564304869205,27.53415701047561,27.064238834597365,26.626039556914133,25.563137626637236,25.014590935659037,24.393986139601726
27.934311299314437,27.943494543148,28.11076010516098,27.67066072602541,27.535938032362406,27.06498837265989,26.626357000263422,25.56387381279925,25.01596452560137,24.39598601685544
27.93654305242843,27.94558178104935,28.113142700696798,27.672840533067188,27.537693314326432,27.067714268553686,26.62861537904957,25.56486511185566,25.01793213391675,24.397409920357624
27.93852358063606,27.948108907920105,28.115737636959935,27.67534337346231,27.539628175871897,27.070487684881375,26.630019891566512,25.566035508555956,25.019795480878187,24.398076909615458
27.940846844291592,27.94994058704542,28.117041730060095,27.676128790278053,27.54220542462139,27.070562237682804,26.631161718698607,25.567346495912034,25.021123224637954,24.399891451180167
27.943717465167992,27.951845600254753,28.11988510518089,27.67773884390089,27.543934837557536,27.072218498585876,26.63358231611018,25.570217401985147,25.022521095671628,24.401191725601503
27.945998402831393,27.953471463934246,28.122201014315568,27.680883201207603,27.545054214456272,27.075480949339294,26.635917827041965,25.572558847933795,25.023598124789707,24.402055007145744
27.948068602745515,27.956003300817542,28.124528330115098,27.682356507413036,27.547214508324203,27.077181412444446,26.636368102331943,25.573166152015574,25.025261099205448,24.40244000339954
27.949786991536545,27.958144090220102,28.125177753187064,27.68393361918146,27.549330750137297,27.07891744204879,26.63835813719261,25.574584878761986,25.02708945880253,24.404133225088618
27.95248884683601,27.95982237134741,28.126563443376686,27.686513445423184,27.55121343748565,27.080777172636697,26.639959497024325,25.576243902169182,25.027792258092955,24.4063062982765
27.954009975234495,27.962322604426532,28.129359364721303,27.688189496835072,27.552524721410215,27.08290836864109,26.642448277874422,25.577733556972625,25.02955909141331,24.407396583303683
27.9562964686794,27.964781510261165,28.1313049951883,27.690147746679912,27.55376370984792,27.085511975036034,26.645104829477056,25.57937606610136,25.031019630556457,24.408873479137206
27.958558159664342,27.96725010512471,28.133231748404928,27.692563932369083,27.55617104950899,27.08709387427248,26.646908130482473,25.579702779018938,25.031836733713035,24.4102702042815
27.95942609613227,27.96813919855929,28.134456309204236,27.694840342630332,27.5584936282308,27.089206350738326,26.64847206900232,25.58059509047547,25.03470014929745,24.411379356985545
27.961804555147115,27.970066701854694,28.13603128784095,27.696353418748917,27.55932171868068,27.091552599987665,26.650525143619003,25.58222866632418,25.03539546932383,24.41260945263666
27.963632804144645,27.972058700626462,28.137649224316483,27.697706475759784,27.561233391065862,27.094179563127664,26.652867336497938,25.584661787355238,25.03665649169731,24.414222320672696
27.965533508378847,27.974038475570925,28.140273927752833,27.69985867134889,27.56305087271452,27.096461436628168,26.654748743718983,25.58553806950181,25.037598143020606,24.415077212697195
27.968139279114173,27.977090104177663,28.141912804237414,27.70219893248445,27.5639607640857,27.09804423648599,26.65713426352734,25.586102261079944,25.038372886190206,24.416686850914363
27.969453982407817,27.97901822126452,28.14360106526838,27.703894110659295,27.56512437780711,27.10093621661568,26.65822903218966,25.588095086375922,25.041416176260014,24.417733338127007
27.97219418627908,27.980418212879982,28.14587051577496,27.706286989501443,27.566803994752913,27.10284604019361,26.659939785316247,25.58948527694308,25.041315956452994,24.419697812813496
27.973454042662116,27.983139485841498,28.14765400090029,27.708291169703138,27.568707281384192,27.10480683689436,26.66263248690621,25.59116921316782,25.04164734495251,24.41997766527884
27.97495751523769,27.985468008366595,28.149756919532937,27.710113939640326,27.569896720626726,27.107509044702624,26.663920406141862,25.592961739466823,25.043892268550305,24.421029486962382
27.978243089450284,27.986292747997336,28.151971109331782,27.712818935664238,27.57163298746307,27.110079487602295,26.66636569250164,25.593476229705068,25.04528055247644,24.422976209699947
27.980066121032753,27.989080270906406,28.153660712307786,27.714800473272753,27.57360307897877,27.111476397338095,26.668132415798272,25.59568974723429,25.04702604219939,24.42289996608265
27.981714341504397,27.991957842133598,28.156073223394912,27.716690639039214,27.574749051760108,27.113548689677863,26.669374720529312,25.59778249137785,25.047889594139733,24.42517106895543
27.984410047548952,27.992858640280215,28.15875071960027,27.719147250111046,27.57639336164756,27.115940944298185,26.671452182206757,25.59843540685919,25.04785786090656,24.426134110125837
27.986207077670432,27.995473334868844,28.16062774687743,27.721045567223925,27.57925151571717,27.118322204696174,26.673575471607425,25.599527145788237,25.049343075495223,24.42725407086887
27.988545561814966,27.99789860340208,28.162873188536153,27.72337185539088,27.58064378843588,27.120245593978233,26.67478159076566,25.602101418222354,25.05018826136674,24.43023195799072
27.990798331564694,27.999544028562568,28.164980592406934,27.72571842915223,27.582371944706175,27.122236189739276,26.67721278206767,25.603718262866337,25.05193686514044,24.429244118700957
27.992824288935697,28.001368396815266,28.16633527717986,27.727221376870872,27.585023802876684,27.124917081653802,26.679264207406636,25.60564903912631,25.053027135615995,24.429809258152382
27.994919236095335,28.003424655465807,28.170124027654214,27.72945509572207,27.586965666188256,27.12823627530094,26.680808533659828,25.607551139214806,25.05361519321346,24.433064609287364
27.99686663319667,28.0056070325945,28.17082459944871,27.731968708173117,27.588328071215436,27.13005471273433,26.683499735186672,25.60844920993795,25.055596991097158,24.432043298946176
27.998870427709775,28.007593280282176,28.172653809741256,27.733893061111033,27.589624805977646,27.132034802150784,26.684652236465407,25.610160256585573,25.056199346240412,24.43231674834895
28.00109691133467,28.00969204913009,28.175230673426675,27.735926760779734,27.59069199455043,27.133972814045883,26.686759554660764,25.61191014614973,25.05739648840677,24.435958875824912
28.002942589635857,28.01253878331851,28.176342569354272,27.73855495793367,27.593121333180957,27.136099054326298,26.686942914660825,25.61293155507588,25.059500595116862,24.4342615578115
28.005455563285597,28.01412588686533,28.177655977135245,27.740344877642784,27.59509791408164,27.13838726687782,26.688784374826714,25.61565513298062,25.060538859951905,24.432822442520084
28.007900795693885,28.01600843606522,28.18041491558332,27.742511129753215,27.5966580699172,27.141220110060495,26.689639572951748,25.617244195433223,25.06185095197816,24.43629420115502
28.009685001159585,28.018984432206597,28.182099702634268,27.74475700700705,27.59886359504027,27.143348346638977,26.68971822858442,25.618577188729663,25.06384534639698,24.437554322267765
28.01207516819278,28.02076258459143,28.1833110964227,27.746925546723062,27.600970606665047,27.14599674461239,26.691794039600083,25.621129019281234,25.06495053747637,24.436918421581545
28.01409957706496,28.022302469407556,28.1860289010906,27.74914488845555,27.60324568524173,27.14801165147518,26.69362818856706,25.622104094427016,25.06640201786749,24.43767731116845
28.016246848445565,28.025120286250328,28.188129299780805,27.750958747703315,27.60567715158574,27.150047231501347,26.693911233000392,25.623945551114495,25.06824010204733,24.439176818200956
28.018945266985323,28.026797473681153,28.18975715809821,27.7528164298053,27.60756241988236,27.15228742619442,26.696248869362627,25.626677435304646,25.069497788716774,24.439589683532276
28.021130850110573,28.02923662536058,28.19113026690527,27.75454001351501,27.60955174079673,27.155047235131256,26.696987689292232,25.628121303895597,25.07044327845058,24.440038663461383
28.022905318592144,28.031767560036158,28.193648547245587,27.75655502509382,27.611626510197198,27.156006938625545,26.69739681706008,25.62951840333036,25.072258686917387,24.441655661621333
28.025493229334586,28.033519789758365,28.19521723568417,27.758671273114913,27.613454377831438,27.158895635992305,26.700051780026484,25.630617184269013,25.074305556044795,24.44277247248678
28.027882843428642,28.036081877493526,28.196705961379568,27.760760146500214,27.614743029543508,27.15981837661714,26.701587210516188,25.63189317892327,25.075372206167156,24.442136019818573
28.030535343767085,28.037471501377485,28.199096343555556,27.761855105780402,27.61762000620076,27.16184242198677,26.70078116204229,25.63339944651927,25.077048335650623,24.443084223743973
28.032563478603386,28.038835139298136,28.200959059832044,27.76317349439784,27.618567151547037,27.163433236416374,26.702980823720033,25.63493422602285,25.07846008785321,24.44514346996254
28.034326097781936,28.04150579725922,28.202893102965266,27.765745003135205,27.62044156318639,27.16551389669643,26.7047139934086,25.636449582367238,25.079160639865606,24.445330084567676
28.036808997107507,28.043639733871917,28.2048681376735,27.767791204039007,27.62328451093093,27.166827516375932,26.70459177200496,25.63805391800081,25.080783707089868,24.44477966365171
28.037675957125266,28.045724894474585,28.20714962259209,27.769978358227494,27.62375872644401,27.168550776157314,26.705485757359547,25.640422018790645,25.082492613199364,24.446320051531487
28.039833803180883,28.048716412784586,28.209281393258102,27.77216913605224,27.625104934373947,27.171642083294305,26.708803774847027,25.642314660662056,25.08416784084644,24.448250839916597
28.04176050452689,28.049835708660765,28.21023186872482,27.773766449057497,27.62809766188637,27.173406776470653,26.709893729174297,25.643282339103735,25.085383701353436,24.448980773584484
28.043381048445752,28.05154405491654,28.21276433925886,27.776233330471708,27.629465701163948,27.174869824124436,26.71051080734367,25.644671356011433,25.087065830248658,24.449516509809456
28.04586537554374,28.054550704853895,28.214633460665723,27.778203657488593,27.631032479152765,27.17757362932861,26.712575096751138,25.647135346237743,25.088188499396114,24.45027821202904
28.047346301214503,28.056615162174957,28.216334543909227,27.78045842877517,27.63351709926038,27.179178931546822,26.713769542815623,25.648293372880158,25.08975172080572,24.45169490669768
28.048998166444665,28.057886026391408,28.219069606721938,27.783057260183245,27.635136465161175,27.18144531107582,26.715365801156302,25.649894811914777,25.092017025596675,24.45243923679208
28.051407848793012,28.06058800211504,28.220616197521938,27.785354758670504,27.636786552649625,27.18316826603189,26.71755846959551,25.651797721973963,25.09282695477343,24.453787397104847
28.05409445319361,28.063341738537666,28.22254832170171,27.78713652305796,27.6384163220808,27.185019414776445,26.7186379439649,25.652578479300647,25.092831967538718,24.454574245285414
28.056464367104653,28.06557954235094,28.224707794818297,27.78920590931909,27.64005773340748,27.187967689576666,26.720714295313694,25.65441041320147,25.09527296712319,24.45477821831193
28.05696524486333,28.067668120184038,28.22687413713162,27.791511419968646,27.641350188107925,27.189474578971236,26.72165699376661,25.655658349285986,25.0959338987934,24.456066583467177
28.058758828205207,28.069856875921815,28.229041571914046,27.793422126578434,27.64332806826475,27.190576601122288,26.722676723824318,25.658023248087837,25.09635780403083,24.457164673815996
28.062198816264598,28.071914272613657,28.23110428148512,27.796263285408696,27.64520344077226,27.192566355160945,26.72410492861961,25.660152050086786,25.09787847511749,24.45749331021348
28.064701610649138,28.074214648553095,28.233069749657634,27.797660449920095,27.647143729067352,27.195050074550224,26.72595949675303,25.660387548840635,25.099782025306055,24.45902838804948
28.066879179008836,28.07719445106018,28.234938821643176,27.79893873190393,27.649097775825744,27.19710610630044,26.727737938731305,25.66210805108944,25.099280187478573,24.460496734661884
28.068218258003466,28.07899509670593,28.236861074894772,27.801469970264247,27.65139338752944,27.19905067984161,26.72959386248319,25.665046628480304,25.100900255988726,24.46159693783914
28.070042531351774,28.080578822292566,28.23931940530604,27.804136536645785,27.653897486594087,27.201335769955396,26.731711524098017,25.666767796741507,25.103029232796693,24.463621593429682
28.07226727978419,28.08315953109805,28.24162270124098,27.80541477681005,27.65549580378986,27.203691146460265,26.732974932792864,25.66828642526481,25.103170144665544,24.464078425807333
28.0746877690554,28.085842237169153,28.24314371509997,27.80768883240741,27.657490904655578,27.205267013453252,26.734115175654445,25.669120634518123,25.104213344238563,24.46495024494421
28.076809214524875,28.088674322291922,28.24492146084154,27.80995442326013,27.659680610978157,27.207847741365498,26.736217168429125,25.670227947041155,25.106139386132902,24.467429155971484
28.078464066483217,28.09003010728686,28.247127310714287,27.8121247237883,27.661169529943436,27.210528926626665,26.73731736139844,25.672164511894714,25.10633214429963,24.468709385156828
28.080704973893646,28.092538598273258,28.249065820113376,27.814446628298313,27.66302421913491,27.211850115885166,26.738869468685262,25.673934210835192,25.106354715111113,24.46934332117603
28.083728528686382,28.094413839440698,28.250747957192278,27.81609049458478,27.666063286927255,27.214521048256053,26.74107993069548,25.674772025524657,25.108131666308747,24.47093091201922
28.085310286340125,28.096964612237635,28.2525133830759,27.81806678144617,27.667428878917754,27.216652825062578,26.742405767730165,25.674580092036088,25.108303501262515,24.471727376708465
28.08728876041527,28.097321131616138,28.25509639258902,27.819663695832322,27.669436513317848,27.21853191780766,26.74464898092399,25.676227318517093,25.10928160341994,24.472592507041057
28.08924049978384,28.098709394776932,28.25780419438173,27.821211408060556,27.672380134162925,27.2206409384713,26.74681293723673,25.677849626880143,25.11133044979743,24.473939798888296
28.090771129287546,28.100895297778912,28.259059598342343,27.823081558721103,27.67418753083173,27.222767725282026,26.74719705458482,25.67834499111531,25.111564391613257,24.475460154542947
28.093160956843086,28.101586322313928,28.260916126027862,27.825231299783468,27.676111961754412,27.22448411393453,26.74955628653489,25.67770715839236,25.11298992786189,24.47709039636102
28.095218371355408,28.102795984065875,28.26344609792241,27.826910583413238,27.678382789732588,27.226274506508354,26.751267224744755,25.679299912184238,25.114334503053225,24.47834422369928
28.097440864774946,28.104916867590426,28.265243204863534,27.828228897018764,27.68087436608035,27.2285981622324,26.752366055547633,25.682384477761673,25.11503276075635,24.478926398451467
28.099692904725742,28.10578144839035,28.266965625803344,27.83062161607328,27.68184714555321,27.230585009804074,26.754406232598093,25.683295933594493,25.115869646299824,24.48054467114717
28.101811406687233,28.10675932312012,28.26874386389243,27.832743545522334,27.683250459710436,27.23278304790416,26.756026204790754,25.683412653742785,25.11695221097424,24.481900027760894
28.10437808712259,28.109034100956553,28.269974538024844,27.833325434544243,27.685853779845075,27.235192376371483,26.75704373628289,25.68423517610889,25.118584206317127,24.482884789139874
28.106225699885027,28.110593320804167,28.2726840423314,27.835357161864955,27.687786011022904,27.238095490914866,26.75922827779843,25.68371017814107,25.120057661906348,24.484317003348615
28.108534549611015,28.11173961018612,28.274903103599577,27.837347887118998,27.68962810135347,27.239635118893666,26.761808290684126,25.684565062931494,25.120566650039354,24.484479537215083
28.110761907296713,28.113355693464523,28.2765125354695,27.839261018776558,27.691797578472944,27.241750906947363,26.762384033128175,25.68418967518577,25.121970251897977,24.486077388833834
28.112298757434377,28.115300401073533,28.27808894395887,27.841296356558864,27.693324761764977,27.24340635443745,26.764979659334696,25.683888236784306,25.12371129083128,24.48772603928674
28.114731211159835,28.116665159017636,28.279115646056304,27.84297651892858,27.69479752701871,27.24671105893212,26.76645457410622,25.68352631717914,25.124861147946103,24.48784692312291
28.115826685991586,28.117753210472763,28.280445449955828,27.84410408662046,27.697215621954697,27.248532058191564,26.767466787250846,25.68372105330031,25.125852012350002,24.48867664441154
28.11757967672351,28.120416733457937,28.28246180670137,27.846281723215842,27.69892292970416,27.250311478601684,26.770431852096806,25.68484416089995,25.12652901273523,24.491051605569506
28.119928896855797,28.12208005928751,28.284185165392376,27.849165647121406,27.700539558942104,27.252355552884428,26.771274885826777,25.68729544324224,25.128109954204092,24.49203127363504
28.120769538016607,28.12235013838933,28.285683361021977,27.851412300255653,27.703154287763887,27.254312457395606,26.773409214466138,25.689136826604436,25.12947661696613,24.492634130839853
28.122533045411057,28.124987225191962,28.287317373646367,27.853809228412985,27.70609341319158,27.256787931946157,26.774668434869355,25.689300536528954,25.13156747689569,24.494388288812594
28.124690155095035,28.127942308160012,28.288639092334428,27.855242633483105,27.707830999284504,27.258487067506497,26.774866314050236,25.690054107815246,25.132129672098337,24.497080006451405
28.126561128404415,28.12905221730063,28.29074928841447,27.857840809520837,27.70936782240172,27.260567339825734,26.777655631019815,25.690002217105633,25.133027054405748,24.497463340885048
28.12782976842425,28.130881625397667,28.292630391650317,27.860098621551963,27.711069788650953,27.262610109940184,26.778121865887343,25.691515499515596,25.135572102640378,24.498064470962863
28.129003465183654,28.1328280438707,28.294193746726304,27.86173809411875,27.712984046597633,27.265448934786605,26.77855723238006,25.694238822147547,25.135881313338125,24.500533270019705
28.13209597873843,28.13419324973747,28.295640006927634,27.86394843481792,27.714100707168225,27.267021537800442,26.781874918078973,25.69559308589742,25.13713864278426,24.50130838275313
28.133825719607785,28.135723690989266,28.29784986144627,27.86578120074587,27.715220077743716,27.269612477608163,26.78309700776484,25.69560960931701,25.13829582781662,24.502123415308233
28.13506226390734,28.137581487177123,28.299576371407163,27.867907646815866,27.71696299539188,27.270760702512064,26.783537122826765,25.69625356043666,25.13938751122725,24.503957024677888
28.136835839066954,28.139608043570895,28.3021310455201,27.87047717817118,27.71888896373141,27.272325469021887,26.7859515159205,25.697629986170156,25.14130782501594,24.505194759881764
28.13880592661889,28.141900037353203,28.303417135849035,27.872076922570553,27.720430638735323,27.274927664676582,26.787243475057778,25.699334910280527,25.141677579573486,24.505379321106012
28.14072357271394,28.143781711260058,28.304340793587144,27.87421235503148,27.721571122664002,27.276956967216464,26.787745004826952,25.70148298127939,25.142883553085,24.507379991839635
28.142734273319334,28.14612924530705,28.307265645678786,27.876557890697775,27.7234792988294,27.279450952956626,26.789601238198205,25.70217976737759,25.144611151022005,24.508992243461552
28.144034883912873,28.148559234407994,28.309410929069855,27.877998637520744,27.724540955756027,27.281516798650436,26.791704974392445,25.702982244417385,25.145199223930163,24.509291249979906
28.145455752830326,28.149469412914726,28.30910245820551,27.8804704644401,27.726986295130587,27.283125807489913,26.79303021075407,25.705392315341523,25.146824427723452,24.511089874984577
28.147293523037202,28.151848651567807,28.311023355971535,27.882784722868514,27.728280667284466,27.284941869244847,26.794714749142543,25.707424404846492,25.148165254797725,24.51235855715966
28.148836305271242,28.154691402427765,28.31335515336884,27.88460781513738,27.730413726781723,27.286878352550843,26.796946355569055,25.708123469086836,25.148588581293897,24.513522718726676
28.150147165049137,28.156078867611434,28.314156353866405,27.886785379861493,27.731823605364685,27.28945546168997,26.797713808339395,25.710125782023493,25.150016514137164,24.514824331246025
28.153288426798664,28.157820761919993,28.316155824140058,27.88872269609467,27.73293570724803,27.292046611841524,26.799527844263462,25.711823456875784,25.15109591502111,24.516349022937767
28.154786882393182,28.160041524338396,28.318412969534442,27.890616363427306,27.73533369491559,27.293414172558155,26.801870466244484,25.712660807431607,25.152587888494725,24.517904724600243
28.156134353766564,28.161742822627936,28.319611037642296,27.892787074617043,27.736484749242223,27.295760605966706,26.803819980960565,25.71470833475783,25.154255763445626,24.518947876097364
28.158082559003084,28.163796922594354,28.321901167276874,27.89515055785248,27.738389995428648,27.298343092589576,26.805044486689617,25.71692174016205,25.155175295618175,24.519733251610504
28.160385946298785,28.166109326104014,28.323524044863284,27.8958136217147,27.741176917811387,27.299847174270703,26.80656718257037,25.718302058081562,25.156719918693668,24.521727196390664
28.16233896543562,28.167237416985923,28.324628249337515,27.897908696502746,27.742820983177637,27.302063263074544,26.80786244151635,25.719291245119035,25.15825172873059,24.52202975481196
28.16434144439713,28.169363360161206,28.326853971917842,27.899743183489907,27.744523562308807,27.30489275339285,26.810498886674967,25.720798121666974,25.15899501650043,24.523100868724512
28.16683100829437,28.171234757095213,28.32905595627637,27.90088372794042,27.74728761093998,27.30719011859334,26.812529081163433,25.723292779875205,25.16049642014437,24.524586561105313
28.168703320751263,28.173815213537804,28.330910210366504,27.903544872231173,27.748715104333943,27.309015606452437,26.813691030910903,25.724792171784685,25.162261272803626,24.526359190969114
28.171454864076896,28.174954258412278,28.33319731619426,27.904846895494323,27.75018987958264,27.310606816860492,26.814974132500204,25.726138211649673,25.163718964732148,24.526097830072917
28.174115840491197,28.176451539158514,28.33501334082589,27.905751011103042,27.75243501461906,27.313017896129494,26.8172521463778,25.72750341784903,25.16534902861658,24.5276029329587
28.17639703522762,28.178433505618727,28.3371210401831,27.907771051334564,27.754056465546945,27.314519327987178,26.818611185575122,25.729643892236957,25.165710532333705,24.52822337260487
28.177993065275466,28.179838600349505,28.339505633856177,27.909284138006086,27.75562334140414,27.31701855621536,26.819817306592164,25.73249831201285,25.167660863360677,24.52831130041972
28.180062669376994,28.182318063117297,28.341640098600344,27.910328942873356,27.758594491733636,27.318540309820968,26.821925958470185,25.73363509282825,25.169562687089922,24.52971606904786
28.18233854799329,28.18429391502272,28.34309116471347,27.9127712332954,27.759659245354946,27.321541665225475,26.823240056296097,25.7353820378361,25.170431663965125,24.53137611601967
28.18488981893576,28.185356594696746,28.345455917952563,27.914433374802684,27.761548696010003,27.322376991194623,26.82525305097874,25.737574872976758,25.172169812876813,24.531980739972205
28.18619415054053,28.18700051000864,28.34758305434145,27.915195939597996,27.764031929182316,27.32489118794704,26.82670603598759,25.73939847570665,25.172892013781198,24.532196457624288
28.188226987013493,28.18802956520154,28.349466092486878,27.916983331100667,27.76581695749098,27.32674568963464,26.82798276567219,25.740993073994535,25.17410980500592,24.53298603420138
28.18992384699967,28.190384911610003,28.351413320876183,27.919580490678406,27.767344375365496,27.328469479770337,26.829903212195426,25.741980905241153,25.176291850362546,24.534573463737853
28.192610847805547,28.19213858057642,28.353319032029205,27.920823294982654,27.770515288821972,27.330776736643188,26.831887666622123,25.74460171821007,25.17750418901688,24.53590183215418
28.19519557388285,28.193654885822927,28.35532348146888,27.92225106788731,27.77195318736011,27.332222770297577,26.832597504428122,25.746299766285404,25.178721364071457,24.537540271897285
28.197191561889554,28.194516746622718,28.35701290978252,27.924942089460796,27.772838682001158,27.335059341174933,26.834678326549685,25.74749974670663,25.18005800536631,24.53755174260468
28.1992150461277,28.196053217232798,28.359054311472836,27.926438633192603,27.77504864163465,27.33739062246148,26.835889564159082,25.74944513360247,25.18157351661412,24.53773833126027
28.199359524116446,28.1976074054451,28.360922915270788,27.927600580355275,27.777267499922218,27.339060756411676,26.83763665066348,25.750660528509137,25.18321040841656,24.540146608538862
28.20177225960566,28.198799215106582,28.363388335941227,27.929153367102227,27.77883559361742,27.340831228049176,26.839352186645385,25.752591415463773,25.18427517279626,24.54176108124806
28.20480748321752,28.200949286041993,28.365347331106324,27.9311392629679,27.77985357350639,27.342916505836907,26.84134232120755,25.75442044477324,25.184822882499716,24.542510601109655
28.205149661739412,28.201801814669327,28.367525469227267,27.932540545337055,27.78198089076508,27.345111788097,26.841991042852797,25.75561871233033,25.18617883180003,24.543069339457446
28.206247158842483,28.203233434843025,28.369599494786108,27.934910464831315,27.7842749744597,27.3471584228624,26.844599077479927,25.757594288612534,25.188389600553016,24.54364144658548
28.20837549091631,28.20565887389958,28.371741614832867,27.937018150348024,27.78560685974064,27.349105214281117,26.845363290150953,25.758477557078614,25.189374120220926,24.54619777774244
28.210930704402003,28.207371349239256,28.37333144224249,27.93813268385193,27.787599013506647,27.351523129129834,26.846531347297727,25.759293645997428,25.19081684980001,24.547174678893416
28.212387559307576,28.208404528396773,28.376121733656653,27.94037739538507,27.79037759314615,27.354171452344143,26.848865596757,25.762251394037882,25.192458242215423,24.546452986229795
28.214292994349115,28.210268721562276,28.377684582552458,27.94266551961077,27.79125618260057,27.356125199770368,26.850307140369637,25.76368437370004,25.19326354251647,24.548364405330357
28.215494929333865,28.212786515074335,28.378966336895324,27.944658761767908,27.79333909408689,27.357798899957157,26.851921787441192,25.7641642479986,25.194910164318053,24.550343013283445
28.217343109765206,28.214384163580988,28.380589798273583,27.946737892125647,27.795906910578697,27.36013025345693,26.85363049402128,25.767018174130357,25.19609817007221,24.550059719899522
28.220071901385083,28.21539463669737,28.38287290267468,27.948484385387925,27.797511227454876,27.362511571572938,26.85567013406123,25.76858838268468,25.196968827090963,24.550641011823743
28.22149501644544,28.21688831085504,28.385106408591305,27.95058263437502,27.799622134945707,27.36466925313922,26.856998124624262,25.768764545763425,25.19839770846191,24.55268116779983
28.22289270177614,28.219522465607966,28.38668704163989,27.952835208227533,27.801772476198984,27.366224560422342,26.858371364261128,25.77106699079554,25.19984261849213,24.55338183146464
28.222754697911803,28.220876564264326,28.387518883874332,27.95386486767226,27.80288307243019,27.368598540707247,26.86022463554361,25.77328188633622,25.2004977447751,24.55378334659087
28.22464117538206,28.221783956386524,28.390474364114272,27.9562122644011,27.804820295971282,27.37078440073526,26.861274910896356,25.774094862210188,25.20192651101305,24.555805814668435
28.227805955274057,28.22387046646103,28.39241873492362,27.958285227600545,27.80768780395912,27.371504260588107,26.863596293230213,25.7757525623885,25.203732162250926,24.557729497052566
28.229238690095173,28.22614580502369,28.393474929290917,27.959688660506625,27.80875610661983,27.374030690329896,26.864538632602667,25.777220680358454,25.204272749795244,24.557055100987306
28.231644304085954,28.227445243147628,28.394752061267425,27.961404987996275,27.809781164907967,27.376407174225946,26.865346276619583,25.779353013174738,25.20703409534429,24.55726050888444
28.233089195104448,28.229219459654146,28.396342281479285,27.963859998703292,27.811760508677867,27.37888098193201,26.86865517955698,25.78087297515362,25.207367659318823,24.559327290521757
28.234063050420424,28.231576250416932,28.398553677737624,27.9652229608077,27.812603637944896,27.380736547483295,26.86954663145839,25.782439668251133,25.20762732741452,24.56057268826511
28.236197474878757,28.232819914202416,28.400791911107703,27.96711268051449,27.81397358713232,27.38243271843372,26.871149385629085,25.78401707212509,25.209245887917945,24.561900630756345
28.23814015955728,28.235205408744328,28.4019998100832,27.969200730329156,27.815625148135364,27.384669972983943,26.87284870692909,25.784960070051625,25.210105669787485,24.56226712758612
28.239472079480574,28.23780111291732,28.403067012762023,27.970730460543013,27.817191681011497,27.38583262734647,26.87404889303229,25.786390759473655,25.211131498788916,24.563106412498065
28.241680372962147,28.239265418421162,28.4050339149804,27.973127108055827,27.81760544224337,27.388204361366576,26.875341669527792,25.786604376206586,25.212193986596077,24.56523298765964
28.243893080213645,28.24173532484025,28.40719255675273,27.973936324690687,27.81953021903427,27.390165476428745,26.87792941262608,25.787000610888192,25.213850901974478,24.565779665873954
28.24556087809773,28.24319834935132,28.408150432536637,27.974952791350994,27.82067758668385,27.392026308574543,26.880452356013823,25.78968098774874,25.214316590468606,24.566624415250434
28.246739512561017,28.245136117685345,28.40969094945862,27.978090889468042,27.822138736245705,27.39358469493176,26.880228556030133,25.792191574447475,25.215700324109278,24.56843226807227
28.24875390899026,28.248403667813196,28.411732122783754,27.978382510389896,27.823482945267557,27.39478501906628,26.881522396126314,25.791628127695002,25.216594042245433,24.569931213746834
28.251298390483335,28.24939602577263,28.413597869757897,27.97865040910216,27.824421325189657,27.397160768642802,26.88349248160707,25.792520172002092,25.21785186003776,24.570487122226506
28.253699059187273,28.251095227854144,28.41546502343579,27.981162542935426,27.825220501771174,27.39868352256819,26.88416101963241,25.79490132861991,25.218850851795057,24.571485039397256
28.25514163278733,28.253786800727482,28.416795281486714,27.983358348487535,27.825783162041784,27.399920828875448,26.886431503363855,25.796016550605238,25.219488844301342,24.572364282387525
28.256925479942016,28.254425323455084,28.418586053096973,27.984585016876586,27.826947700393838,27.401840188696855,26.888250372280588,25.798364669158623,25.221552060665967,24.57397823977908
28.258274090471225,28.25609745573997,28.420798775922734,27.985954366041625,27.8289977584619,27.404242916110505,26.889908159646634,25.8001353261551,25.222886179296186,24.575523936927155
28.259930633910866,28.25881563026345,28.42226321398208,27.987806212001228,27.83095480950226,27.405215088848824,26.890410171429373,25.799947426845723,25.223349354122043,24.575958150269756
28.261769639380972,28.260591432079785,28.423926337000744,27.9893483288572,27.831802778538073,27.406752812565486,26.891834223465693,25.80115533972261,25.2254111577031,24.577056579139022
28.264582981660958,28.262911060272025,28.427182682346658,27.991074851957755,27.832984037438123,27.40844081821374,26.893192619555776,25.803813410994763,25.225781313242607,24.578344325979163
28.26767230199492,28.264799300945157,28.427934493418952,27.992886166823844,27.83549079585836,27.410198794060573,26.894293459084153,25.804929385108068,25.22725142655815,24.579323128260683
28.267876111129517,28.266605315947423,28.429516884096827,27.994273681789565,27.837138743449167,27.412569202606885,26.895740172063725,25.8053147094838,25.228251242903553,24.580826351881147
28.270025966788175,28.268491189207378,28.43180385995744,27.996189523488617,27.83888327272649,27.413876670388085,26.897078524940213,25.807326774428297,25.22935026840692,24.582494524493672
28.272513857509182,28.2696734854975,28.432488833684598,27.998505391643604,27.840811046917224,27.415693718805908,26.89846064631675,25.809504182064376,25.230125466082647,24.58367576871745
28.273725183992777,28.27229097799708,28.434227047832643,28.000251990189557,27.842335711355997,27.417352877859884,26.899793113052255,25.81059910897703,25.231872956855867,24.583907347499384
28.275451022353263,28.27456939600287,28.43575301691677,28.001732347026053,27.844385554819283,27.41881353195996,26.901761762475843,25.81215492489953,25.232509004563983,24.585417251055407
28.277616977598736,28.275593228522556,28.43731969480026,28.004263072516814,27.846023349836653,27.419496106044356,26.9020970700196,25.81379031189683,25.233406079306228,24.587157078063562
28.279388645471826,28.277697788913684,28.440096195996954,28.00665837837936,27.84791035663695,27.42099734757561,26.904535339925616,25.81426731393233,25.235218210947373,24.58760296609723
28.280850812386888,28.28035042799431,28.44103494358984,28.007778400639207,27.849495837558635,27.423417770072973,26.907117638620534,25.81668560456952,25.236458089634837,24.588133594339865
28.28206590948539,28.28142277003892,28.442610175063837,28.009712484062902,27.85174634955965,27.424787309804636,26.906682687471818,25.818721698065538,25.237404367293735,24.589274055723447
28.28408255799447,28.283738781223953,28.444780265924084,28.011659498488882,27.854243733628515,27.42649037948626,26.909113507641585,25.81989473924292,25.239815160669536,24.59065116012233
28.28656840239093,28.285642526069708,28.445562255231195,28.013456282297295,27.85598404780698,27.42817869028275,26.91116596826916,25.821488945395284,25.23957105702316,24.59206570192141
28.2884091853539,28.286543673315606,28.44735806020732,28.015950416154396,27.85753011617294,27.430229734496898,26.91113826976945,25.822628765753475,25.240803124576246,24.592537126629693
28.289801190999817,28.28939244098821,28.44942819668907,28.018136049932703,27.859800071238663,27.432695266204725,26.91304318881366,25.822976890811375,25.241697007005012,24.59366429495858
28.29207485260249,28.292033243163207,28.450135397624628,28.01947774233063,27.861123021675645,27.43387927745225,26.915391889061837,25.825439035409023,25.242662313567692,24.595277792010634
28.29459010692814,28.293391240727942,28.451541294128432,28.02186432631713,27.86294344293041,27.43566026555618,26.916278235752706,25.827076581098503,25.244195839849873,24.596075271440498
28.296733900245535,28.295453216399903,28.454432379329965,28.02371404511146,27.86548174700407,27.437653356289008,26.917198766234538,25.827970399779375,25.245411229462125,24.596921354860545
28.297746262400416,28.29813466647932,28.456428517709483,28.02464064572732,27.867086191087886,27.43913489736199,26.91966193593876,25.830449987214294,25.246550632558073,24.59739530130861
28.299419412215038,28.299494152884893,28.45695091522636,28.02750645314401,27.869086594290742,27.439536624012884,26.920567455836732,25.83155911290913,25.247544062110478,24.598159794769398
28.30184692401336,28.301809298687424,28.458761880392807,28.029737174326446,27.870918071480357,27.442516146945128,26.922539445323437,25.832231584312094,25.24932239068624,24.6004730356649
28.30386957471349,28.30398554824196,28.46097863828698,28.030677332707302,27.87246685915282,27.44455292024329,26.925350464776,25.834487705749545,25.25062583927148,24.60154602761434
28.30535439332767,28.305931246384084,28.462769885039904,28.031342884962402,27.873645654687298,27.44623511571647,26.926513920862092,25.83614552913162,25.251274047680333,24.602479531649927
28.307194383156876,28.307633567633307,28.464662761236568,28.034485321332326,27.875926085807908,27.44832128560835,26.92811229397037,25.837472612894558,25.25151616729454,24.60393864046445
28.30935754308775,28.30954501702662,28.466213113662967,28.036699439071086,27.877189149264122,27.450502640905285,26.929247774590547,25.839462405727925,25.25378905763459,24.60590938227204
28.31183987814584,28.31222896319027,28.46814674805357,28.038021220399237,27.87867651190033,27.452183670436405,26.931094970417583,25.840386272189257,25.254429672600015,24.606067547452945
28.31322643189158,28.313917348306074,28.470330455408316,28.03996850874234,27.88140348442667,27.454161884270384,26.933073924841167,25.841418611846137,25.254961360856715,24.60625905861194
28.31496711188043,28.315998876023713,28.47225183651826,28.04168390583177,27.882474348902512,27.45684916332355,26.93438454789502,25.842680336591965,25.257519195050833,24.608066999857314
28.317260114556674,28.318198414185368,28.47468233510711,28.04369562324018,27.88461850105277,27.459492002408492,26.936273031638002,25.843528075807157,25.258521343708953,24.609489012416322
28.31955725161277,28.319834504056573,28.477022517644347,28.046302220373764,27.886698397490285,27.460876345550467,26.935534349652,25.845025979163594,25.259496741444046,24.610012366949007
28.321763481524705,28.322192877238955,28.478820424379236,28.04836423709691,27.887824950295936,27.4631879589044,26.937688305748576,25.846715011677755,25.260576936676564,24.611427291767956
28.32422665410164,28.32496692528819,28.480711146395805,28.049955324136263,27.889716746826384,27.4658718812894,26.93999269266748,25.847929014711603,25.2604998468069,24.613311879000406
28.32631940929961,28.32624765672024,28.481732336280032,28.051914098590096,27.891939539399893,27.467221196295093,26.94039930622207,25.849788573619183,25.262019147916234,24.613266831754817
28.327597784718076,28.328448070176083,28.483527319520775,28.053754568431224,27.89404047672718,27.468722688567922,26.94251908338215,25.85144153592733,25.263240136540844,24.613830974633338
28.329775883122196,28.330845962889725,28.485260671642077,28.0554878465704,27.895678415229938,27.47060221859609,26.94431145559644,25.852115569463177,25.263418840223203,24.616008432592956
28.331228855295677,28.332045549778986,28.486813762529188,28.05749157236129,27.897167494359785,27.473823948316163,26.94490980902565,25.854432485019373,25.265156713129386,24.61670094136014
28.3329762179915,28.333860374824482,28.488601276866923,28.059719585345047,27.89902550744303,27.475473866585894,26.946330986794834,25.85674916424646,25.26670105265324,24.61838113602466
28.333814421407027,28.336585467444454,28.490253234603458,28.061637549270174,27.900987986565028,27.47683792819958,26.94933239925421,25.856824562241133,25.2679183063088,24.61873449120679
28.33604037891395,28.338620064340397,28.492095978225418,28.06237359582624,27.902353456950202,27.479406850226766,26.94980824030735,25.858835431343685,25.26869508584465,24.61943965519088
28.33880173020058,28.340405002819665,28.49390302284272,28.06413420049525,27.904475959087662,27.48230481808494,26.951036579454065,25.86103678064568,25.269395304930768,24.62174872153694
28.33994490268292,28.342911538784108,28.495704716394656,28.06644026909172,27.907176760760755,27.483957580923853,26.953061141701042,25.862648102044673,25.270242657965497,24.621960643378998
28.341680502432038,28.345143339787562,28.498204750715203,28.0678486120846,27.90796000465667,27.48546105847595,26.954181237726335,25.86384566105012,25.27171248254198,24.622642407474878
28.34352126971663,28.346656308071836,28.499632836243634,28.069657592696164,27.909212048905655,27.487790223148867,26.956363362743105,25.86546442319677,25.27294620492157,24.624759671544254
28.3456998570545,28.34782707797462,28.50188003289699,28.07146874912309,27.91178443159339,27.489136620637154,26.95840727381629,25.866968087448022,25.273576771860007,24.625146588117474
28.34795124039188,28.350211958462424,28.504361529931362,28.072147791552837,27.913313797162264,27.491535183113847,26.95924684765242,25.86873219548164,25.274466619846578,24.62573147422612
28.34950446205312,28.352269679060353,28.505742706664634,28.074707748000694,27.915255791561503,27.493203929967017,26.960510690587753,25.87008136883813,25.276066525465737,24.62716790733296
28.351753212259226,28.353989251009267,28.50765621393557,28.07658254798727,27.91774242825968,27.495264124488692,26.962429614524552,25.872327104540098,25.27743019795736,24.62745394221368
28.353211106760533,28.355517156104163,28.509296361542077,28.07856897739391,27.91908929186643,27.496786167012587,26.963670537041207,25.87365241797958,25.27699368762206,24.628698329014597
28.35537808984212,28.357225174162206,28.510346427493765,28.080448421385377,27.921038399773828,27.499494663214172,26.96622128757503,25.874965510166735,25.278124869813784,24.628933288958564
28.35788383620787,28.359227480748793,28.511259551104477,28.08224254665411,27.92323565959844,27.502231316352646,26.96754488817296,25.877182786533474,25.279606639223992,24.63036336966885
28.35933338156974,28.36098753771993,28.513000842317435,28.084307529410243,27.924075968224535,27.50227811733238,26.96887871651424,25.878833820870977,25.280189963008205,24.631325699247135
28.361569295404976,28.363698036603772,28.514044189607297,28.08569403818758,27.92529911115215,27.50432068627984,26.968920195823163,25.88026811834576,25.280835239461478,24.630877892119013
28.36336310351511,28.36397060659451,28.515762695043485,28.088356782194374,27.926570344744125,27.506750875625407,26.9707661468102,25.882101023432146,25.282949848563927,24.632318490865753
28.365427806887777,28.366025472546667,28.51757959901311,28.090741520175463,27.929102300120043,27.508810783655157,26.972194524001726,25.883585190237156,25.28501847732256,24.633778999883926
28.367728915213057,28.368296911638303,28.51880816775187,28.091407195033167,27.931026392398678,27.509487331323452,26.972873685947945,25.885551957823534,25.28501357230546,24.635255271387592
28.369132563962935,28.369966458201628,28.520491669012756,28.09271427064997,27.93259652141229,27.509448570491944,26.97588617704327,25.88713194276291,25.28519545944256,24.6349809285027
28.37108905685959,28.371661183004964,28.522791559877696,28.0956252785639,27.93423341442785,27.511045099791605,26.977030708927078,25.88883210648393,25.286285634780015,24.635821261538176
28.373632562836807,28.373594275468236,28.52494420837459,28.097367367942418,27.93565935926454,27.512475406433957,26.978035852982686,25.89052002949952,25.288182339428893,24.6386087636019
28.375876555048553,28.375716377089,28.526179759406496,28.098757723571687,27.93753988208848,27.513300293354348,26.980511544271817,25.891405518146023,25.289139429682272,24.638807251670364
28.37788947490026,28.3767249914553,28.529089227396508,28.101079318519258,27.94000735071269,27.513779687933507,26.980875208458283,25.893085434257515,25.289575787000643,24.638244511036653
28.379787110847015,28.37966137208,28.530869988827156,28.102773401603987,27.941120510080154,27.516014613325336,26.981809690595007,25.895016505327927,25.291239744538004,24.64041516802414
28.38224882898602,28.380412567399613,28.532026234122387,28.104712970540472,27.94196947561458,27.516563273754763,26.984097137452075,25.895906930455283,25.29345296495025,24.642268934912718
28.383459409545814,28.38212110593011,28.53443534748317,28.107065195697444,27.944519222921897,27.51807382712148,26.985212758906645,25.898115809525244,25.293621779519448,24.643141823509257
28.385373593305616,28.384499987913685,28.536056355920532,28.109269874593288,27.946205067381968,27.519330726102016,26.985650594302836,25.899648011300105,25.29396473579558,24.644025396485937
28.388157165517836,28.386637325839857,28.537705096361048,28.11089849067144,27.946860199714287,27.521611309707637,26.986795284593338,25.900774130924404,25.2958660011408,24.644846806399006
28.38897348695197,28.388263246983534,28.53982689720116,28.112428025829036,27.948183530828704,27.521579006247187,26.98975861711086,25.902861399583692,25.297475258244507,24.64615141590372
28.39130139300375,28.389532394271498,28.54163422654722,28.113926588452564,27.94940648064103,27.523168307722777,26.990417510183864,25.90404607175943,25.297787264181775,24.64732957130256
28.391524168856023,28.391504577607215,28.54405744947766,28.115967601662494,27.9506363093688,27.526329037341707,26.990876071495972,25.90670949166794,25.299548805952377,24.648758172466007
28.393072406947297,28.393280119537742,28.54564281042016,28.11740191291444,27.952568953417256,27.526824602609846,26.993686336662236,25.90788541837618,25.299889322091715,24.64971330622387
28.39539866001452,28.39563502704175,28.54800247683005,28.119736807646497,27.95506312228726,27.526998755218642,26.99497265272038,25.908762579581783,25.30153192116204,24.65103327999271
28.396414693156867,28.39631491981406,28.54973451818008,28.12161810664555,27.95651985338727,27.52910981513052,26.99473931836597,25.911433224762476,25.30341334720495,24.65246974032237
28.39783916804764,28.398151844119933,28.551595482432298,28.123269286000124,27.957946505722838,27.530248063656757,26.997622287383983,25.911768038369225,25.30387031895071,24.653411520138015
28.399780217004178,28.40036445002612,28.553366183962613,28.124387803542046,27.960425403676886,27.531527261541633,26.999738173008883,25.91279182879208,25.30526725371081,24.65378700446886
28.4014385658641,28.4020195806171,28.55582678203342,28.126490542326717,27.961158228677117,27.533796594288177,27.00012572500033,25.914594469947406,25.30667707416133,24.6550802831805
28.40308840033211,28.404259346283204,28.55720785870076,28.128028972809275,27.962687108309613,27.5350417653531,27.00195183088534,25.914556685782205,25.30739278882814,24.655687948749673
28.404474180271066,28.406350339247087,28.559441227249643,28.129731930267326,27.964754132456818,27.535737616855176,27.003191265630086,25.916005294479515,25.30914092469842,24.656218450883248
28.40693170259639,28.40727596272094,28.561175898869312,28.132459858854943,27.96588529110561,27.537970341424188,27.00469527683149,25.918630838483878,25.309116759757835,24.658080163811196
28.408705361484262,28.408759257967642,28.562164803596048,28.134241973982256,27.96718611060956,27.539990760085928,27.006439158127478,25.91839736002393,25.310217471075845,24.65810318751277
28.409689950038306,28.411207866548366,28.563949029879602,28.13625963138067,27.969608910488205,27.54070840006416,27.008408814645477,25.91994397831371,25.31212064972031,24.65905246105349
28.41184153870016,28.41303240024681,28.567041596710933,28.138175228591233,27.971856988491083,27.54170750196411,27.00945363977093,25.922375506571328,25.31298466206122,24.659640003568008
28.414129388125097,28.414671418357788,28.567841092330177,28.139831379174147,27.973392678251834,27.544013906949154,27.010748619185915,25.92204805940885,25.31341547283293,24.660640402169797
28.41560936707868,28.416504094687877,28.568871152913474,28.141798945506245,27.97515147317886,27.545858497643778,27.012742966946238,25.92327115751381,25.31507896434038,24.661240904479463
28.417157251756315,28.418606240150147,28.57093284568259,28.144025135383384,27.9771478804934,27.547511384585622,27.0147823979266,25.925337089142122,25.316330774730975,24.661902908683665
28.41936672943733,28.420953549159428,28.572260761911647,28.145217695410828,27.97815264142138,27.549067645386,27.01531410880478,25.92570916859904,25.31687106127492,24.662446823346848
28.42224458145516,28.422316990872268,28.573826061229294,28.14662960265855,27.98031147552919,27.550545353370516,27.016825689873816,25.926934206938803,25.31932686823797,24.663940984745338
28.42428631509664,28.424168809204403,28.576127807559377,28.14920672093836,27.98237832541611,27.552581373583603,27.019140922102316,25.928613488200757,25.31950419759713,24.665064601038754
28.42570027510133,28.426050100729817,28.57821198936435,28.151122799033615,27.984174272101026,27.55389703097685,27.02014710729291,25.930089551005466,25.320279730816996,24.664067732234713
28.427741572164923,28.427983027390034,28.58023201402771,28.152185159725576,27.98577444396495,27.55556738762254,27.022715342792615,25.931296772918046,25.321238055192143,24.664860648815164
28.430516433970592,28.429007329780585,28.58182568737863,28.153799646970022,27.987637763292174,27.5569712945458,27.02429204822558,25.933324618600636,25.321790288513633,24.666361570422865
28.43307882343303,28.430912099262528,28.583873358135484,28.155485465123565,27.989916966117466,27.559319167862256,27.02522804979907,25.93378510914526,25.3232546483219,24.666688431839738
28.4341921222344,28.432344684176414,28.585914533046957,28.157278964685677,27.99203584569686,27.561047101898808,27.02607265804286,25.935045522601424,25.324638909674874,24.667030036308084
28.435188453260587,28.433950980656817,28.587393005630055,28.158218765506604,27.993485286172643,27.562074610637044,27.028606367762528,25.937014673950976,25.325161422504863,24.669117495667724
28.437367566139677,28.435525578911435,28.589063055841866,28.16015719888849,27.995585054575628,27.564795705606983,27.030201684085064,25.938290912012334,25.326805169278668,24.669597014594594
28.439283084151583,28.437276011860313,28.591646795502044,28.16278078007222,27.997628406330048,27.56657957111861,27.030793966455224,25.93997952938995,25.328673559953366,24.670201963965674
28.44148749757371,28.439901393217042,28.593616657874307,28.163838504239322,27.999885617234387,27.56739813016143,27.03315648567875,25.941405978209463,25.32830962433963,24.670916846637112
28.44298669974296,28.441390928622006,28.595270046671594,28.165579030389637,28.001360819881995,27.570203231980074,27.03409069332446,25.942546648156743,25.329019876197766,24.670731671184377
28.444923001653176,28.443302902125414,28.59745002069983,28.167601111400188,28.00321196092265,27.573084983821403,27.03413944725213,25.944782484719475,25.331653361470423,24.672875730597582
28.44716332366883,28.445226750269374,28.598468927275007,28.16811473672178,28.005130562387812,27.573837972081137,27.037238690889097,25.9461454732592,25.332422631171788,24.674819649485794
28.44840942436541,28.447073834403078,28.60109599531618,28.16991864234284,28.006499432015445,27.575041390586623,27.038254005327275,25.946725882877914,25.333555360685004,24.674101331898616
28.450436402872008,28.448096608468152,28.602809667211957,28.171751058991013,28.00906454921485,27.57704063878894,27.03996551175569,25.948497436181572,25.335697446962172,24.67511720739814
28.452076340902337,28.450397765986025,28.603642399145023,28.172858620569986,28.01103699554559,27.57894482161664,27.041162486852585,25.951385487423178,25.336379722069186,24.675648960875325
28.45428435653378,28.451262414734053,28.605144964320814,28.17450896886802,28.013059055515193,27.58138404268413,27.042398200855335,25.95174624119703,25.3374485707399,24.67594884169561
28.45662749250096,28.452877493594887,28.608276956720168,28.17699643066799,28.01541245629521,27.582985426875062,27.043966208059828,25.95296990630984,25.338608381547637,24.678942288737126
28.458506688065476,28.45536694756444,28.61025897797068,28.17836656549793,28.017332098003152,27.584505580129836,27.045515608001992,25.95600813429863,25.33963194771736,24.67927085591193
28.459564126667832,28.455930043883512,28.611089640171265,28.179175202134633,28.018997598553113,27.587212096869504,27.046586047695737,25.957327532123486,25.33978424094294,24.67921028775851
28.461602300988016,28.4575620565391,28.6132269166812,28.180848639369284,28.02033351921284,27.589235326665744,27.04845804977107,25.958197880690257,25.34194164925941,24.680504125425912
28.463599603363512,28.45964380323265,28.614099795668082,28.183084061048827,28.022505280269563,27.59051649372563,27.04923617572494,25.959789470624486,25.34197732609798,24.680602751233273
28.465841871608397,28.460986121322374,28.616068251765032,28.184104438637384,28.025021406446513,27.592353603666236,27.05093553957915,25.960518653437433,25.342468995035023,24.681528432259707
28.46772934421523,28.463050563987217,28.61834344218545,28.185550541840044,28.02548958112058,27.594693971331484,27.052478035671662,25.962031345228628,25.343679870652984,24.682969611135594
28.468928097142108,28.46471699017504,28.62028769078053,28.18765106855429,28.028200705766082,27.596754370858054,27.052532318833165,25.96482848207409,25.344940653209456,24.682922201862997
28.471536791114254,28.466289573179612,28.621984144128806,28.18940187147785,28.029286352097497,27.597739532519693,27.054515348455052,25.96504636678055,25.345906164691417,24.684048384692275
28.473708815186356,28.468234821736445,28.623452980158916,28.190884955296823,28.03131894833754,27.59970590220584,27.05655461904055,25.96556354837357,25.34562743115123,24.686482628388053
28.475837053531507,28.46934238010693,28.625646267874917,28.19281711489866,28.033045933342045,27.60279219066044,27.05773967566411,25.967918541636447,25.346021208654186,24.68634589416826
28.477379877833503,28.47145189316997,28.627714814274245,28.194619169339195,28.03330278422765,27.605022057631814,27.059387279197935,25.968726976089805,25.34688568915181,24.68753398590549
28.47880056479714,28.472820470300057,28.629074891735673,28.196246971703964,28.034717326264634,27.605654136127548,27.060492915535995,25.969444871921002,25.34865073968203,24.6887206759844
28.48091470770045,28.474018699495662,28.630949500643098,28.198227581454688,28.0369514072563,27.6076740537272,27.0604740431255,25.97146246550259,25.349265328937364,24.68890168514108
28.48365327034204,28.47656760703068,28.632840384480296,28.19882736512028,28.037095602550345,27.60951631342956,27.063598760802176,25.97176164123541,25.349886497644093,24.691075583593317
28.485515038251773,28.477116514205477,28.634322408643364,28.20045906829716,28.03853485778973,27.610795447134784,27.065493071198077,25.972560672194707,25.3516950235179,24.69189489197899
28.487454121014157,28.4778795113999,28.635014238875762,28.202299439765596,28.040417860948725,27.6129304527478,27.06578428236486,25.97367534501265,25.352213196345588,24.691435364638004
28.48921599472392,28.480746414426292,28.63778680174412,28.20393466991801,28.040573599357558,27.61553912275719,27.06817050640168,25.97452053776849,25.35287789668147,24.693942576386917
28.49088887720125,28.481742752888785,28.639374438356487,28.205737370807775,28.04141440231404,27.617048735689448,27.069364177241063,25.976049230302852,25.354294727756923,24.693624199116964
28.493337294576957,28.483312615729098,28.640227394999805,28.206876333136123,28.044366018410116,27.61920421069016,27.07106298320761,25.97694328459565,25.355457703787636,24.69361323513406
28.494865634559222,28.485493654713853,28.643041049332854,28.20857782551601,28.04516769030656,27.620609716095835,27.07301477029443,25.978628702001586,25.355899413080174,24.694473983797614
28.496489595200206,28.487157213744627,28.644242237018275,28.21009957760697,28.04559022454113,27.62264609636087,27.07507742107323,25.979795514274905,25.356018645023756,24.6949953469951
28.498091665660485,28.488486111804505,28.645623437136916,28.211736364640842,28.04710041816431,27.624053418917754,27.076128107010497,25.980531799594345,25.356842313881337,24.696822216140134
28.50044231261289,28.490614904770972,28.64805719856317,28.212922824281996,28.04937198497359,27.62589152306365,27.07733491465963,25.980972004349997,25.358415880133713,24.697875711096493
28.50217026166192,28.491963865802944,28.648478273420523,28.214539472418302,28.05024897427719,27.627922104148382,27.079014350786842,25.983091782910435,25.35973545989667,24.69683403501965
28.504029933571744,28.49370881163534,28.65013122430915,28.216925933164426,28.051933713745328,27.62931135679714,27.078866926973074,25.98513879730948,25.358998994230227,24.6984653685328
28.50550674707342,28.49545198233189,28.65225140986977,28.218436117030397,28.053776316562384,27.631194890524014,27.081012416239663,25.98600629896155,25.360230448717296,24.700149388955467
28.507454370829116,28.49732596957862,28.65344697486882,28.220239541550608,28.055704117991276,27.633186594037408,27.08315119977595,25.986663708971754,25.362044474413082,24.69967972605731
28.50821397622653,28.498840266033696,28.654959824021994,28.22174700457763,28.05653033492325,27.635476210249088,27.08389225108892,25.98819142982942,25.363077724846256,24.700179840719663
28.510709683080403,28.500775735867325,28.656795436301017,28.223179817572493,28.057407374842114,27.63720457956125,27.085289697907253,25.989713776088838,25.363122049581275,24.702523348815973
28.51205027951234,28.502785132291546,28.65848180469632,28.22569176608507,28.059379021339787,27.639328261905227,27.087154680775306,25.99105505724667,25.364449133112416,24.702035387756037
28.51261700077179,28.50427348348032,28.660689926758806,28.227460841220932,28.061615240023954,27.641145325196007,27.08789729725874,25.99233904025037,25.365339627794228,24.70174870601435
28.514930870251835,28.505419856094623,28.662445251792818,28.22962276800741,28.062314824833102,27.643592554407036,27.09040394499137,25.993609213605215,25.366330751186503,24.70420361969491
28.516214235113246,28.50780175847167,28.663206212474734,28.23085288335929,28.0631411097414,27.645306798946912,27.091289747239585,25.995483778086914,25.367144317254365,24.70509762224824
28.51761663561923,28.509950074679416,28.66626677384545,28.23232876381484,28.064959152389832,27.64658987882369,27.092103867514044,25.996171033398777,25.366756123435515,24.70479438689388
28.519394924498638,28.51123060451272,28.668434268159622,28.234532928348358,28.06583584879304,27.648671352318345,27.093911036256205,25.996993247913927,25.369126349281196,24.706656088581653
28.520651470697693,28.51390600721349,28.669378096015997,28.23631192709362,28.06653146479278,27.650759395731484,27.094814365896628,25.998611324094544,25.3709411165227,24.708184740441204
28.522707412775436,28.515720677563294,28.671288759479474,28.237981267355707,28.069187271183004,27.65292720513518,27.095926844791475,26.00041919610154,25.37104609972195,24.708646330225037
28.524004129903563,28.51655542845171,28.67362666299654,28.240282722254722,28.070967801164088,27.652853963361675,27.096754853214296,26.000987938208343,25.372180661980337,24.709058028319607
28.525111891836975,28.518710306813393,28.67488293268397,28.24249720155331,28.071263568524586,27.655447431820008,27.099004471452098,26.003477397313905,25.37327136031697,24.710058685459376
28.52731983049648,28.52118692219448,28.67696030283271,28.244411723922056,28.072734192029163,27.655447690926866,27.10066889968191,26.004861042026086,25.375191767295636,24.71135902284033
28.528537142765163,28.521995110304125,28.67945254278102,28.24609548775587,28.075411994783405,27.656488749134923,27.100276562235074,26.005337474877376,25.3758498761727,24.711831663892884
28.529816945561244,28.523949764413814,28.68091091967184,28.248210520968296,28.075929181929816,27.657932730002322,27.102924554892116,26.006136024811962,25.376589082461727,24.713605393678208
28.531995960204725,28.526039672116646,28.68238998120755,28.250294776131003,28.076995132919794,27.659395966094365,27.105056842258584,26.008216826098206,25.378021369367055,24.715019998709977
28.533645625306143,28.527902636784393,28.68403144528262,28.25162410390506,28.07980668174562,27.66151736922334,27.10557604093509,26.009693655452967,25.379668388883417,24.714504055460086
28.535208311220043,28.529499933797208,28.685992499690116,28.253040922771802,28.080615668834522,27.662898181170647,27.106725840153075,26.010930132397647,25.380118657415387,24.716390505156618
28.537016595670416,28.530516002878805,28.687953203150688,28.255354857764196,28.08159498172563,27.664560455361176,27.10794797437078,26.012321795502544,25.381241421664082,24.718282077567903
28.538913681290083,28.531947386506843,28.689791326791784,28.25784475439768,28.083851147327895,27.665738396421695,27.10939657738239,26.013559495043875,25.382513561024446,24.71855086920597
28.541507307268038,28.534002424226777,28.69115942312518,28.25967833738033,28.085045256599006,27.667052220800663,27.112310423351126,26.014544608659087,25.38379282302177,24.719731274293032
28.543377992014477,28.53598024937659,28.693266572626342,28.261844894814484,28.085859841399376,27.668697197149218,27.112544444642083,26.01708171488943,25.38526534833453,24.720623438601574
28.544592072790635,28.537292520770933,28.695128790082144,28.263745494464647,28.088150458395653,27.670795716547303,27.113149815284274,26.018671223841046,25.38454295278878,24.721646345362302
28.54613711197091,28.538485107825554,28.69749999204677,28.26559244110989,28.09083933891552,27.672355908485468,27.115927391231534,26.019168397177246,25.385795953659564,24.723458953987038
28.54774523601275,28.541210192085423,28.69938599230956,28.267499739698493,28.09158555376303,27.673541379999385,27.11626005465729,26.02107290622169,25.387488747441825,24.723253388195264
28.550210170477833,28.54169047370228,28.7012819585855,28.269865664170165,28.09294242484293,27.674992166964483,27.11650463378909,26.0230914386003,25.387994822978207,24.724304465024115
28.55167988393874,28.54350207957523,28.702136313907882,28.271387461300847,28.09534643766424,27.677452511319153,27.11886790587971,26.023869603610173,25.388999930447305,24.726158356129982
28.553149920356855,28.544780678839548,28.704441111471,28.27335806756865,28.096365283681408,27.680266843547436,27.119419920093794,26.026053570181613,25.39125304582548,24.725957670224
28.555341491211212,28.54537444465017,28.70657765976157,28.274975908440744,28.098036977269338,27.681981639262887,27.120134961261716,26.027407828918765,25.391523187514,24.727165601309288
28.557039783915602,28.54755596096382,28.707989718253955,28.27662580725481,28.10020874611769,27.683656698075602,27.123043142517904,26.027017828399963,25.392033095654835,24.729150033814726
28.558746322286087,28.550012552866214,28.709883378638988,28.27912540986357,28.102896845381665,27.685056799121092,27.124146147664497,26.028043247176356,25.39424784893189,24.72958992189366
28.561184011216092,28.550990869088345,28.712610875058946,28.281189311816206,28.103957292836633,27.68628160866703,27.12460044453778,26.03008843371787,25.394739659715242,24.73049791488148
28.562169515999692,28.551696405159458,28.714536544940444,28.283470882569077,28.105398099362368,27.688023398263223,27.12662120926797,26.031684084766987,25.395377184319177,24.731962096949008
28.56330518971553,28.5528223644492,28.715967066041472,28.285258500546114,28.107834611791564,27.68883103531495,27.127868101921926,26.032796738944207,25.396353825665127,24.732524039847274
28.565278809856466,28.554889499737996,28.71815161287547,28.287684218138182,28.1100216684353,27.69096775949672,27.129265707316105,26.033338755539297,25.397836388014,24.733849202438087
28.568443440261362,28.556286856581522,28.720010913630134,28.28929450542356,28.111330495261406,27.69340607536538,27.130267637272137,26.03485354767369,25.399436861128724,24.734914375549476
28.569938606645614,28.557856584360913,28.722175949880814,28.289975860274016,28.113489603455612,27.695598773010673,27.13197719620674,26.03695219901349,25.400832556819633,24.735890850651423
28.571351210541923,28.559463474793784,28.72434073149507,28.292716759144803,28.11546374969928,27.69746916320461,27.133062198012368,26.03781096883035,25.40072526804352,24.73720354507286
28.572880761619036,28.560498028796708,28.725721091991293,28.2938112555332,28.116880684848876,27.698187447035313,27.133861138532037,26.03908462960829,25.402104472236363,24.737027437918087
28.574337939619795,28.562137454811065,28.728164048302794,28.295094629863193,28.119317059670937,27.700135382469817,27.135761844233606,26.041125641600207,25.402729343802886,24.738170942820858
28.577021407656616,28.56409925034361,28.73038973343414,28.296967238429215,28.120889723806247,27.701869212403643,27.137949389493553,26.04172714033193,25.403569729852002,24.73973097573772
28.577677379886097,28.564948030375486,28.731884113467014,28.297510969984295,28.122581900103533,27.704098378029745,27.138458282869024,26.043286271389192,25.404845024250086,24.740338851504777
28.578799095314793,28.56593112636086,28.733904035476506,28.299197261600526,28.12424769271476,27.705033860785846,27.140437769802574,26.045485937468204,25.40677724792478,24.74083700516563
28.581256846298018,28.567903428779108,28.735377928896963,28.30130471479321,28.12587524784568,27.706442622832984,27.141078397765806,26.046772437493907,25.407458570815162,24.741644772660646
28.582623076148256,28.569697023662243,28.73744815131392,28.30206480153862,28.127992654288438,27.709151087536128,27.14261839519214,26.048157451059733,25.408660484937997,24.74338475295356
28.584582923699212,28.570736841468083,28.739627126465482,28.304750728516005,28.129785859920236,27.7107825492523,27.14466987161108,26.050062893341035,25.41035957048772,24.744792645994856
28.585943585230062,28.572208586957785,28.74073295908279,28.306371597037607,28.132089090783285,27.71280871679227,27.146225125153755,26.05143892700483,25.410546782825662,24.74413132043609
28.587720577880557,28.57426044233254,28.74236582288556,28.30721434507626,28.133685989957225,27.714109977296282,27.147971564614274,26.052153511289294,25.41174418455341,24.743978027702358
28.589851442579025,28.57663551239856,28.74457374435384,28.309717162457133,28.13532408797363,27.71594705288766,27.14964636982399,26.053528681929198,25.41378844022342,24.74600511068413
28.592114498787986,28.578422061080676,28.746407007253705,28.310979685381838,28.13820756990175,27.718534558615406,27.15079694075047,26.05507247876449,25.413704001033203,24.746448582528085
28.593777501852927,28.58063282777168,28.74760947699745,28.31231601227046,28.138981177888056,27.719750016930842,27.15191950894649,26.05707299881598,25.41522323325124,24.746436539411874
28.59577583709662,28.580774778988346,28.750675604081092,28.314530146882525,28.140688122204345,27.72124582683768,27.154331841280683,26.05831554736815,25.41507964904868,24.747912861208935
28.59826797910385,28.582389877770527,28.74951734367592,28.31570570325226,28.143290736284435,27.723149944968174,27.156013940210492,26.06029386766739,25.41540703136631,24.74888376617727
28.60040231969961,28.58453748735667,28.751413605191964,28.317261857624413,28.144825578379876,27.725335278561467,27.156893357123558,26.061000817040842,25.416869377537196,24.748577593323606
28.601745279547185,28.585731930419215,28.75270504969324,28.319753125025642,28.14618439372326,27.72776588318337,27.159171535071224,26.06221502189023,25.41757431524655,24.74988013151044
28.603731908991765,28.58773719208585,28.752685326725526,28.32082966500401,28.148603170399262,27.729269528144865,27.160331671090944,26.06413721624733,25.41767335354249,24.749590201088218
28.605893164877205,28.589713122897827,28.754118166851047,28.32206767101588,28.150285777488726,27.730675680936166,27.161332820179766,26.065276978804995,25.418281162329357,24.750043242156078
28.60791713308511,28.5907184584153,28.755464707850503,28.32409662786311,28.151967689292153,27.731356369165894,27.163560042981125,26.066850325992906,25.41998808054211,24.751545725242245
28.61036436166981,28.59248036875789,28.756131070234265,28.325574104168968,28.153279035090403,27.733800533569443,27.164694887741963,26.06804268128947,25.418442606650636,24.75177850727765
28.612207981822024,28.59370850895843,28.75778332789554,28.32755895645729,28.155513368124353,27.736413194079912,27.16563195296533,26.069496393551503,25.41947215868746,24.75215606497673
28.614265780532623,28.59566636722899,28.75946819981019,28.32956231938594,28.15630358669045,27.737495902726636,27.167883789833162,26.071334182352082,25.42066654269201,24.75338020039263
28.61614763896574,28.598311896832346,28.76048297015981,28.331104429799247,28.157781190008834,27.73908721961808,27.168965015039987,26.072071585571052,25.42034847816007,24.75468385989788
28.618681173030765,28.598568145302856,28.76214100757467,28.3325970877017,28.159697290382027,27.74155471586219,27.16962848088326,26.073104997668732,25.42165247149228,24.754911212498023
28.620697843784622,28.59994642650042,28.763144260719645,28.334335417156154,28.16086576972307,27.742732992524147,27.17238283142434,26.07469282027093,25.42134658921997,24.755556884972556
28.62256691898072,28.602101044053768,28.764049191160073,28.33627735420993,28.161371868338243,27.744805460592698,27.1729058142897,26.076022251952526,25.420409959700322,24.75693231834679
28.624781906117093,28.60244263730701,28.765803467153113,28.33904228309789,28.163076375799655,27.746353111530446,27.174648630384795,26.07709824628762,25.42145503362963,24.757302373180963
28.626154696248477,28.60401258674986,28.767596935954995,28.34089379299023,28.165630407266242,27.748502602014256,27.175653045547374,26.078118268844985,25.422447487928686,24.75757440023432
28.62825566437848,28.60588536569768,28.768391622292555,28.34229682104265,28.167177780992954,27.75000365369785,27.177406377798548,26.080772921145396,25.421955190295936,24.75942193461426
28.630460629608862,28.606238283781774,28.7699703814982,28.34425284622943,28.16863814294575,27.752213031022656,27.178425391197347,26.081945118372182,25.42301658846826,24.760182892091436
28.632939208119446,28.607460108505734,28.771725362376156,28.345997426169593,28.169968901547495,27.75391695081993,27.180400799636754,26.082550548736165,25.425081667268795,24.76049196872814
28.63438178423594,28.609490993759934,28.772887691721575,28.34794501288313,28.170855094091394,27.756316647197128,27.18104618543292,26.083809230886686,25.42585269539472,24.761104983291485
28.635616058296428,28.61079130152422,28.773551644241802,28.34901905596653,28.17264060425615,27.758268600135185,27.182704990433354,26.085546435333686,25.426803878020753,24.762290480644676
28.63767182135446,28.612256847570933,28.77581984840742,28.350938357965376,28.174585136770723,27.758341928937227,27.185505806166343,26.085685318828304,25.42796112556512,24.763656168597365
28.639328079499116,28.61328926954367,28.77694611781745,28.35235364961473,28.17595540888984,27.760337402742184,27.185473958509032,26.08692416551273,25.429244132655455,24.764597480915004
28.64121704423276,28.614093580516247,28.77760357541409,28.353930749718074,28.177655216511724,27.76217787277381,27.18651694202975,26.08851715123062,25.429839628960046,24.76552812868536
28.642131099012573,28.61554210153197,28.778733927937385,28.35624877130104,28.17907254465954,27.763636238144677,27.189161762822046,26.089681298568728,25.430844360692454,24.76636029013214
28.643410925143495,28.6172919347554,28.78044395817078,28.35857834818819,28.180942158555382,27.765546890435374,27.1895634674079,26.09072143123262,25.43136613709447,24.766222184223757
28.645226566426313,28.61880696582383,28.78183847629586,28.358875043392437,28.182983365902253,27.76742051226269,27.1908430699113,26.092546059390553,25.432217409705128,24.767873057523172
28.646641443326878,28.620087989293225,28.78342487064819,28.360756411075965,28.183971055845866,27.768950487454408,27.191995692627188,26.09328509352479,25.433508255702037,24.76813550652285
28.64751859193721,28.62259034972839,28.78465754275299,28.363219825706786,28.185864346041328,27.77067923712214,27.1931789037512,26.093695778035404,25.434287481612877,24.76908629654737
28.64967077036978,28.623645826778706,28.786067672468192,28.36482569073514,28.187814539131573,27.772800690287525,27.194841838926223,26.096130024826824,25.434812176689277,24.770959679565014
28.651364745179976,28.62544689838487,28.787965584022515,28.36663064471797,28.189644311010078,27.774710516654153,27.19606062637454,26.09670050774819,25.43638005016036,24.771565604011577
28.652726463881596,28.626656323304505,28.789536631007948,28.367918303857632,28.191807400763075,27.77641428222811,27.197572966743884,26.096902178316252,25.43717060005171,24.771578425874257
28.654217285307027,28.627882327685032,28.79041700209985,28.369715756562766,28.192941696804233,27.77735112797913,27.197923072426015,26.09875074144967,25.438538454009358,24.7727657623502
28.654990075233442,28.62947092507062,28.79207623220903,28.372387944935674,28.19505484371209,27.779428434847876,27.200071421852222,26.099833497513686,25.439737184133143,24.773972535291264
28.656832131310406,28.63143397195457,28.793451327065057,28.37268792311378,28.19731967906053,27.78107448543715,27.20209524008525,26.10046632595493,25.44013808973402,24.774069917399174
28.65879166203285,28.63287778119065,28.794781043375153,28.37357520969757,28.198133089140036,27.782996464148567,27.202468765219976,26.103345608828512,25.44133969638187,24.77536783490969
28.660506772338692,28.634490882150455,28.79641610335308,28.375586135628765,28.199793241338323,27.78528492960963,27.204543082543392,26.10376012921273,25.442793628224315,24.776337294771047
28.66207399436569,28.635859065564553,28.79828625208691,28.376992821240297,28.20294906663275,27.78662514141257,27.206063314306313,26.10504016688513,25.44432250809092,24.776985665110765
28.663565810243767,28.637650394980454,28.79964753655586,28.37803902872681,28.203721007717924,27.788694105791286,27.205450284066252,26.106210734083714,25.445942720160268,24.778810935809304
28.66561497644197,28.639120198208083,28.801776034519335,28.38011653968411,28.20507040103302,27.790546303689673,27.207417244328923,26.107291534523135,25.447666141681072,24.779597455601454
28.667426702268706,28.640730859494635,28.803272101987947,28.381190311104703,28.206719541400634,27.79195763724765,27.210035527413837,26.109224249154323,25.448173070446828,24.780391363576317
28.66892811202371,28.64271914249148,28.804514271910016,28.382434910082424,28.207722310043913,27.793909947579145,27.20948104703911,26.109513269000043,25.448789721110533,24.781026423275243
28.67040044228977,28.644351007240083,28.806173831393608,28.384613214499694,28.210239253146167,27.795385139155506,27.210736289866627,26.111761270352112,25.450301714493563,24.78197534372439
28.67265211649032,28.645716835614195,28.808397121572217,28.385319379884486,28.21214764431343,27.796372768300554,27.212754594820282,26.11330217232403,25.451965284711417,24.78301477570719
28.673877048536916,28.64804537818616,28.81042544306426,28.38655273246005,28.213114934143718,27.79878237150765,27.213596688539525,26.114439568937907,25.45305884450515,24.78321963558214
28.675540783058228,28.649871630106503,28.81159095621227,28.38880833125311,28.215092099328515,27.80056694218525,27.21470000719662,26.11478611954074,25.453734605363877,24.78433863137358
28.677475397811914,28.651091139617844,28.813266396758607,28.38983654885375,28.217167623048503,27.8019305351302,27.215819218312248,26.11578756468344,25.455632338004484,24.785827090728752
28.678889723756427,28.653276963527116,28.81518853268593,28.390732632924284,28.2188674621116,27.8034422786615,27.21661650165941,26.118298069630125,25.457169896107995,24.786585881144045
28.68117442350101,28.654550089987964,28.816544251920217,28.3931203836228,28.22008299471308,27.80596530890781,27.219346985476687,26.119470747495512,25.45782087875658,24.787981250948945
28.68352297652212,28.65602371585092,28.818582241689956,28.39501291893107,28.222032831875715,27.80813476803445,27.219583769930082,26.120411563654436,25.459443753985923,24.788713862864608
28.684726235702755,28.65793663141158,28.820450358153018,28.39636854925579,28.223669416368224,27.809530652908872,27.220529529850573,26.122593124050955,25.46078212281892,24.789486311503648
28.68648441337037,28.659400644426416,28.82180375343657,28.398850367985983,28.22514952874473,27.81089413644251,27.222266897925962,26.124734958640758,25.461913068377537,24.790801783224783
28.687548035803104,28.660557311877053,28.823443718279478,28.400515193268653,28.227594259093113,27.813113473936863,27.22285574334805,26.12340584111756,25.46243488347347,24.79183549667342
28.68929234902748,28.66246774528723,28.825707920181593,28.40176543496074,28.22913193858094,27.815158650779054,27.224978760145042,26.123798251376567,25.46354856786937,24.792925185281597
28.690509782821543,28.665132695289604,28.827100469674626,28.403913450876562,28.230892815970122,27.816880301227904,27.225664056890075,26.126298167743887,25.465437807398388,24.793896178299004
28.692594236766872,28.666240606647378,28.828594397930196,28.405758891231663,28.23156359158222,27.81879840342412,27.226303176970255,26.126556635336442,25.466626378579775,24.79437375045839
28.69342884819579,28.66810921745335,28.830754332144735,28.407304011487206,28.233191741484127,27.82073236213271,27.228678725917625,26.126385117815797,25.467099186282272,24.795534726338598
28.69482715896577,28.669681603214627,28.832502743008046,28.409157715807712,28.23497495758105,27.823185477629544,27.22937249566298,26.128477526476072,25.46859462247393,24.797664232280013
28.69683630234953,28.67081897850101,28.833703275934404,28.41078910552553,28.23560034950052,27.824072482466143,27.230959886665676,26.12986760330607,25.469316121690476,24.798011841654343
28.698037618455334,28.673730289741464,28.835379319540593,28.41227900746158,28.237158293520935,27.82626458702358,27.232986295312664,26.13080495530196,25.469815038555673,24.798546677573082
28.699774910053875,28.67532029454423,28.83770948459164,28.413429792296757,28.238319567982497,27.826931834541845,27.233462835455914,26.131751711158774,25.472004699978882,24.799506307821705
28.7004079272117,28.67775493792979,28.839588764249264,28.415619442779697,28.239787778546198,27.82873313563286,27.23524204818903,26.13385986453244,25.472261069736895,24.800461515669454
28.702201529812072,28.679188550052817,28.841107191810128,28.417192213032475,28.241539472138925,27.830995581516184,27.237206789301226,26.13475995222545,25.47277905212308,24.80201801917837
28.704654474220654,28.680515125463437,28.842644393379288,28.418491061781374,28.24284375525687,27.833072745231572,27.238423880993054,26.135384735819628,25.475341532146977,24.80118086645828
28.70623046439796,28.68222029367989,28.843790877834287,28.420158785487256,28.24338430744907,27.8349612771861,27.23949227584569,26.136825065035328,25.475928072589397,24.80158227111754
28.707805616896938,28.68438770554026,28.84509748587274,28.420948297934782,28.245285477263778,27.83584691407951,27.240313312407412,26.137688532457002,25.476979893648988,24.80428372342056
28.7087658487666,28.68597436735771,28.84777739507378,28.42294763716231,28.24656916439189,27.83795197915214,27.24181638440119,26.137841057564568,25.478736547408886,24.802538278124683
28.710961071931585,28.687465321342074,28.84848516269297,28.425252427272927,28.24814708661551,27.839977789600745,27.243538012298835,26.139087507952425,25.478556596072227,24.803129224147487
28.712808103844452,28.689360567292496,28.849798976255894,28.42648289631483,28.24980165312841,27.840571623640926,27.24436634881406,26.140710502580433,25.479299687749773,24.806174302132042
28.71393598953069,28.691193869123495,28.85147492644322,28.42739609739907,28.24989524215701,27.843087958988548,27.246025315663584,26.14257664142141,25.48129666184121,24.805044926069982
28.715910121482633,28.692086645300932,28.852674220564836,28.4289841353295,28.251875243211085,27.8435376838703,27.247389087827806,26.14314916313312,25.482065506651715,24.804982465808806
28.717671830812908,28.69453017455617,28.854425508148953,28.430734037309172,28.253123572156753,27.844905824686844,27.247498217518253,26.143528112158172,25.48290642978546,24.805811333530304
28.719624255179482,28.696114673995933,28.855338773818836,28.43157619173761,28.25413221772239,27.845274374401026,27.250898201980824,26.146274028132556,25.484392142094244,24.806884579340498
28.721530263195042,28.697434132933935,28.85704219015875,28.432418806290777,28.256045004371813,27.846352051459853,27.251807035979446,26.1476884372497,25.484427532883956,24.806937028568537
28.723792566744912,28.69883279783728,28.859077511582136,28.434666544902942,28.258011895527847,27.84786831642984,27.252095826743215,26.147003823915473,25.48566491157785,24.8079134785592
28.724878830774347,28.700701515472954,28.86038908799086,28.435747049455088,28.25898682289974,27.848333291339667,27.252898763496205,26.149290583764575,25.486865135056416,24.807919747069867
28.72643602899695,28.702037194270396,28.861085422189852,28.43601881231848,28.26144381915121,27.848981132747955,27.2546569296249,26.151393979703023,25.486078186431378,24.80785283498203
28.728464946422076,28.70402654364465,28.863094219155133,28.438481993219437,28.26344213540601,27.851640722560337,27.255893093537964,26.15162708642476,25.488285240419735,24.809204473718655
28.730295214083373,28.70621637642062,28.864639278226463,28.439356058643874,28.26515128136666,27.85412419731937,27.25792122156708,26.153095739416337,25.489305510474097,24.809179290831757
28.732122205153203,28.708362302476402,28.86559727902228,28.43933229669854,28.26693156182959,27.854413688329146,27.258971170275764,26.15483789822185,25.489399548536575,24.808632977906836
28.73377601635845,28.709578354483384,28.86766158712326,28.44089621317185,28.26872066096685,27.85503923645954,27.260052235058282,26.155965694842934,25.491040745488405,24.809274852945386
28.735915591629198,28.71136011786154,28.868910319903534,28.442483424468662,28.270164345529615,27.857411408094947,27.261286424410716,26.156893749511518,25.491881546720904,24.810107597744143
28.736782306131886,28.713184313669593,28.870054121475025,28.443604658594175,28.272161311627848,27.85909239862132,27.262300118975723,26.159205242291836,25.492519198371518,24.811137125550133
28.73848276596323,28.713908705819318,28.872492606079536,28.44420614886689,28.274074206332283,27.859812530038393,27.26481159537672,26.16062017753269,25.493749893741942,24.811258475405126
28.739504938180332,28.71637737092876,28.872829360750565,28.44464535127866,28.275616782278767,27.86061950451402,27.26491917772002,26.161259410488586,25.493956419484306,24.811178637553155
28.740829919148677,28.718072187145026,28.87520613667075,28.44574888454527,28.277038989150256,27.862932383409692,27.26616087405211,26.161750930532747,25.49435889179175,24.812486965595536
28.742371624010477,28.719559431328054,28.87683141302609,28.447042421397178,28.279023314789384,27.864745879908117,27.268530902824093,26.163750832883185,25.496071573368226,24.813731503194326
28.74424028341293,28.72267565045552,28.877499237038407,28.448035676670827,28.280786640584466,27.86545998154114,27.268490259697916,26.16641306206921,25.496378002720583,24.813599974143685
28.745821005497877,28.722769618091366,28.879156722871823,28.44966489288216,28.282417761109237,27.867093725670536,27.271107771967475,26.167149185519676,25.496970560283096,24.814213570376076
28.747843662797035,28.724948327270006,28.88034205364449,28.450878251171957,28.28394879323991,27.86964030061638,27.272720265560597,26.168456692472137,25.49764487399806,24.815377586857434
28.749563905336657,28.726200711107282,28.88135385045123,28.45111048200909,28.285979489467184,27.87134049506929,27.27292520172314,26.16878253761572,25.4985916248992,24.815927575163563
28.751376327664133,28.726424329921628,28.883571393769355,28.45229088461839,28.28736420644152,27.872366043551644,27.275625738574966,26.169738694460456,25.49882918555612,24.817224995220094
28.752941604167223,28.728310782817985,28.88518401587863,28.4545347072417,28.2894499142885,27.874117086575104,27.27646723423628,26.172674201071192,25.50003181135065,24.81820234181272
28.754174399993303,28.7308530000157,28.886406572116755,28.455814142439092,28.289560207920836,27.876366391321753,27.27709355447694,26.173548235873128,25.500562272838934,24.819212527436353
28.755697002765817,28.732180146577008,28.888090857923206,28.456568202520124,28.291816716834404,27.87858746375025,27.27916970001945,26.174847682871327,25.501290508386564,24.819963429858248
28.75729401566737,28.734253260309472,28.890361629599074,28.45856504107371,28.293839335313216,27.879717962662653,27.280764060773674,26.17658085503844,25.50270391561762,24.821099401609548
28.758707550348184,28.73538255047208,28.891895422363973,28.460201636182106,28.293992344917736,27.8816059916978,27.28175644478952,26.177274740387617,25.50315879700773,24.822727400268228
28.7607680693064,28.736220498822714,28.89370245171342,28.46105283808066,28.296276440776033,27.883475704202922,27.28441473092293,26.178155160423024,25.504115429619322,24.82366812671994
28.76246990476087,28.738655247896645,28.895900639840274,28.462753981371385,28.298186112220776,27.88513961830963,27.28611496187697,26.180655530768266,25.504506574417864,24.824114499036
28.76304789399979,28.739642211885883,28.89738777041808,28.464044365439666,28.299975164171045,27.886196881238675,27.287132913932716,26.18074036861779,25.505679170832344,24.825035083478983
28.764825228833843,28.740900091730662,28.898737989726655,28.46540621264004,28.30255747403054,27.888514205715587,27.28857210293527,26.181039162104533,25.506790855337037,24.82598363769994
28.767284461414384,28.742331757036332,28.900767990883907,28.466878515329633,28.30309237223256,27.88972058981827,27.290108686375326,26.182903538456298,25.507518774790814,24.82743340075858
28.768544309220268,28.743540434567215,28.90210963951169,28.46785190602876,28.304783259273528,27.890661035052418,27.29070678705909,26.183920269933974,25.50941351531573,24.82766546393412
28.770609174784376,28.745908352361393,28.903504440514034,28.469139019142826,28.30671717290699,27.892769532700456,27.29280396044612,26.18552890785628,25.510864578509178,24.82825832445513
28.772998558635887,28.74679906467291,28.904682826241604,28.47160476184763,28.307578950930697,27.894311961313374,27.293198347809525,26.186388133263296,25.511850565840323,24.830577012482358
28.773757683004,28.74764595432183,28.907256875105215,28.47299113808786,28.309335587553402,27.896255840099617,27.29461765009832,26.186842215680386,25.512072705398687,24.830310480823815
28.775932300882747,28.750320880617252,28.909122088715435,28.473770153636675,28.311404778145473,27.898717518354918,27.296150832322105,26.188309991112906,25.512962896815814,24.83138527470226
28.777746788525988,28.752672854711246,28.910675115110088,28.47615554467889,28.311966301065674,27.89993226073492,27.29726761439992,26.189603023395904,25.514809725135635,24.833208549336373
28.779274151453134,28.753213933570116,28.912104798912296,28.478058338319183,28.313260504694284,27.901763547197085,27.29793394831097,26.190844281044583,25.51467463651874,24.83270289796416
28.780513134454665,28.75451846773515,28.914252358333226,28.479498196599256,28.31644311123934,27.903589207701927,27.296760161082148,26.192861867647657,25.516405342040294,24.83413659148426
28.78227829249791,28.75656124366282,28.915940579498425,28.48075408342806,28.316580735680294,27.90493980566763,27.29733459354978,26.1929003418039,25.517166939989536,24.836147809373436
28.784139883118115,28.75773077820863,28.91715556309753,28.48314883750286,28.31803810140262,27.906792663242076,27.298911460799978,26.193111832829835,25.518035533038145,24.836133962660355
28.78496750138009,28.76061052345904,28.91865976065138,28.484802766614212,28.320046408483307,27.908112535209963,27.299580414745613,26.1940858562668,25.52038108965078,24.836877323021508
28.787420627281378,28.76200964504492,28.920849115679633,28.486093078462833,28.32081173032202,27.91004542130115,27.300519823246056,26.195662528161012,25.521036552623933,24.83791968658114
28.788196482405443,28.763034892691923,28.922096694515922,28.487660914528654,28.322746855837167,27.911627286624288,27.30252781875596,26.198439177815857,25.521737399328217,24.837970251053378
28.78898951043936,28.764519235465926,28.924314063625282,28.48949987121361,28.32498771787984,27.913328125271125,27.30105935409683,26.199322411039137,25.522594024281098,24.84066326474467
28.79057720102562,28.766874024888544,28.92625974392573,28.492266266371495,28.32573651043202,27.915628574684458,27.30246390045901,26.200208549248913,25.523028749850457,24.841018724094965
28.792566652684222,28.768566224429442,28.927453556153843,28.494350035626326,28.326920122464074,27.917912436383475,27.30518176741041,26.20238716085586,25.524583308935785,24.84040399189714
28.794611274760157,28.77002914476237,28.929513453084382,28.495610797023044,28.328558012353522,27.918705948123815,27.30481264714992,26.202362240898278,25.525548736891235,24.84249085602589
28.795347100686698,28.772267723103106,28.930909544854444,28.496679769812047,28.32959021106798,27.920408316883908,27.30553641576353,26.202834009122327,25.52599788471481,24.843893093218625
28.797093478848915,28.773524164642772,28.932497956352933,28.49873420962187,28.33197942269547,27.922261546891708,27.307998702843722,26.205098199377073,25.52731272070902,24.84323923697469
28.798743424093235,28.77534054558201,28.934745066490073,28.499794899461563,28.333156721814984,27.924620033606622,27.30699203341247,26.206207531657597,25.528835491058587,24.844430142065814
28.800804601165197,28.776871161658658,28.93675478815712,28.500720905425425,28.334014167384648,27.92457050832055,27.306516473860082,26.20628783415722,25.527868810026163,24.846342986420055
28.801398297716613,28.778088253190298,28.938062088305003,28.50175824323673,28.336295959439898,27.925601692811902,27.310536672639284,26.20853145485942,25.529328189336255,24.847100120150316
28.80278049555755,28.78039036053442,28.939840692694688,28.50400716341472,28.336372995756022,27.92356790199787,27.311111349462735,26.210565847716083,25.531479928666613,24.84656395788054
28.80457721372872,28.782229782580124,28.940466785993706,28.505650149456958,28.33757153653262,27.925925179586137,27.310114318882913,26.210882109060645,25.53104955715203,24.847365970676645
28.80634727047361,28.7834606652269,28.942362363560562,28.506465747194916,28.340422857670617,27.923964580757676,27.311889772789367,26.21264038091752,25.53260662514445,24.849084385567295
28.808100714620416,28.7851617621757,28.94371621473722,28.50774621162403,28.34161674774694,27.923497882581874,27.31271156404688,26.214990380408874,25.534182764894695,24.849117191116427
28.809880346761393,28.787731033757282,28.945524686795338,28.50967553533227,28.343125101090397,27.92444642582391,27.313029739855015,26.216002361388444,25.53453602109392,24.84931151966081
28.81119233390862,28.788087199616747,28.947467796518236,28.510151257094712,28.34530574854672,27.92456731335077,27.315419163549105,26.215745117767888,25.536080984497627,24.850919752064563
28.81257314715189,28.78947918927647,28.9483251733304,28.511546173573006,28.346186503027173,27.92487295136909,27.316457950522747,26.217650365289433,25.537138707271424,24.851035106960417
28.814954146467958,28.79112932993764,28.949554349943966,28.513194164686002,28.34673408168849,27.92590313489647,27.316521100984147,26.220222374212085,25.536824857033487,24.851359392130114
28.816570435719573,28.79104595372754,28.951592161924893,28.513722365019298,28.34781082545826,27.926180912514997,27.31819827104056,26.220083869169386,25.538584612354292,24.85335668215287
28.817581797573517,28.792455242463237,28.952581887855622,28.51499687692059,28.34837110354046,27.926271219560874,27.318966342981298,26.220266298225535,25.54029635514751,24.85390897255455
28.81930471585487,28.7943989277244,28.954151430837058,28.516892143111964,28.35040068761395,27.92585407406638,27.31942462817662,26.22278519912472,25.54058303900247,24.853892221014373
28.821823185994553,28.795034553372233,28.955474666794416,28.517724788135762,28.352535801535588,27.926969171559982,27.321326011594493,26.224167935638913,25.542008450717645,24.854522965067094
28.822635188807272,28.79591690958415,28.95620527918123,28.519380490272745,28.35252294799046,27.92895446476669,27.322858229430608,26.223331516575634,25.543179407734268,24.855286749723962
28.823980224602117,28.796823575453196,28.957613159242797,28.520832696831665,28.353237031731062,27.929526172644028,27.322912454942344,26.22415009117799,25.543388729673488,24.856691694426107
28.825471397174862,28.798408210015833,28.95869612867797,28.522393130689274,28.355153152632845,27.929235646768284,27.32442669008605,26.226920531701946,25.54530790206016,24.857993190803317
28.82743401076265,28.79935565952057,28.959738048696586,28.5237825851341,28.35626595833339,27.929899242120335,27.326164110946593,26.226789285943486,25.54609910912899,24.858615027076418
28.828573179905945,28.800191237992003,28.96161004874916,28.524580824385083,28.357999287864505,27.931189880455015,27.32624806387767,26.227600092390276,25.54732826912865,24.859957757656108
28.83026134686293,28.80162990310966,28.963514138135476,28.526005430454752,28.359519041028847,27.932956440315692,27.32703878439272,26.229107607219294,25.548459297032732,24.86079778955576
28.832638083250476,28.80341722756051,28.965257154666677,28.52797979386883,28.35985182959428,27.93414777343935,27.32871206634892,26.22953350862091,25.549026635518874,24.860744915374088
28.832939099382603,28.80455510152643,28.966402262503795,28.52932886235077,28.361290455165225,27.93506933226224,27.330795260894085,26.231554107258216,25.54948448120728,24.862713467027735
28.834797254245032,28.806125548834203,28.968011736119045,28.53092602835792,28.36323378237479,27.937013238978267,27.331194265990927,26.23263081380201,25.550728809065816,24.86369581852601
28.83657607090099,28.807921682673264,28.969854041402012,28.532046291050186,28.363796341198203,27.938614166181498,27.33191622670697,26.23204174140236,25.550269686737398,24.86427210751941
28.83808127332593,28.80844677644474,28.97131685880039,28.53296776007341,28.36496943867239,27.939320651471412,27.333993315868437,26.234096346116644,25.550904345913747,24.865175704029205
28.83972850191567,28.809774345580713,28.97260882744839,28.53500101713616,28.368012864712124,27.940861197100123,27.334787913903135,26.235460951994316,25.553487439188245,24.86571906777971
28.840245136858897,28.811801003836326,28.97414502356156,28.53657473379153,28.36948100942071,27.94292832880902,27.33692119505951,26.23534090996902,25.55324422965588,24.866321331392825
28.842190111626618,28.812282434461967,28.976303331771447,28.537525048538814,28.37021519247697,27.943303910398537,27.337816048829616,26.23458464690778,25.554329369272764,24.86767069732908
28.843926037976658,28.81320739975805,28.977142718310613,28.53993618959128,28.372241863923975,27.944727897693408,27.338816102951768,26.235258020454015,25.556218180619755,24.868507396659552
28.845141636725124,28.815824372371473,28.978401764129433,28.540771000441346,28.372630973645055,27.94702998883453,27.340468947947546,26.237587263475938,25.556885134854447,24.86927571434565
28.847418894442242,28.817508581992335,28.980337289680925,28.541683582047426,28.373203151080403,27.948345911051273,27.34158297756705,26.238716121434855,25.55786434261993,24.870597094055288
28.848966317622413,28.819205912479223,28.980897712311734,28.543600688725977,28.375115938564534,27.9496204118408,27.342623427965794,26.238575696386075,25.55771655479397,24.871282076220396
28.850116878029887,28.820452123663337,28.981671898474236,28.545085130324846,28.376354991218413,27.951221573729047,27.344179055607178,26.24016394702034,25.558607623649387,24.872318470618584
28.852018014953757,28.821713577030607,28.983694923156378,28.546602838089562,28.37650664774552,27.953155289388366,27.34556944162829,26.242153869273306,25.560662575247683,24.87358442791323
28.85388822955845,28.823951487721228,28.985033222006354,28.548149939601245,28.377234884221792,27.955158877904935,27.345948696766143,26.242268235160363,25.560397261082404,24.87411339156516
28.855626033156504,28.825450369468285,28.98631240678931,28.55009078840025,28.378432921279234,27.95669370723006,27.347691613219137,26.24386502275343,25.560700603444456,24.875308019280375
28.857061193527095,28.82692029918331,28.987517531567313,28.552531475718922,28.379560843411372,27.957836699253814,27.349886659942193,26.245654192929653,25.56281249059132,24.876173857802492
28.85866314511011,28.828269405193076,28.989550731429773,28.553880000106815,28.38089640951655,27.959886996236676,27.351223083505314,26.246675416730415,25.56326580039944,24.876485054721705
28.860588267184216,28.829539185345034,28.99111282590418,28.555421193553702,28.382418364911707,27.961453036881558,27.352557976435314,26.247538725686134,25.563508194470913,24.87773327230932
28.861436579920596,28.830751342176534,28.991572818777062,28.55744191931467,28.38439017506814,27.962698152268246,27.35536153953046,26.24938696242058,25.564347119811963,24.878373615631737
28.862830333513703,28.833022040204746,28.993740764688226,28.558745966913296,28.384731679915582,27.964444560522452,27.355672753846278,26.25054786708905,25.56578799372015,24.879360449855533
28.86451545241328,28.834066577599295,28.994974166586587,28.560299554274962,28.38576793502089,27.966757454485844,27.35621301881695,26.251413210799864,25.567324240623694,24.880944773220893
28.865844694371408,28.835776566686704,28.995984952170694,28.56243160614579,28.387534275484,27.96732238396244,27.35831636625489,26.252521762099754,25.568020411550386,24.881513433448028
28.868012672835373,28.83750444149241,28.998007346568123,28.56412226059597,28.388275030855755,27.96872220862456,27.358872584813504,26.254187972074995,25.568675769496572,24.88289969118484
28.868762374628773,28.839235158657317,28.999010220866353,28.566057574270054,28.389513789358034,27.97105733649017,27.36054611295424,26.254526164261392,25.570682397501464,24.88361434815937
28.870099254090654,28.84095388102164,29.000917380129906,28.567551004007278,28.391618697718638,27.972307352858166,27.362534735870998,26.2560414626221,25.57078608920781,24.884535155674282
28.872176194565125,28.842066835013412,29.00320115724751,28.569348852624493,28.393620828703554,27.973726740043404,27.36357856026363,26.257214006649832,25.571041259200832,24.88586181147138
28.872956013408483,28.84364452983256,29.003718548518847,28.571804518797,28.394774895391723,27.975564139005144,27.36502525363931,26.25809312463295,25.572307766695822,24.886646896497236
28.87441055667859,28.845079073980738,29.00556537899587,28.573498006390935,28.395905433214725,27.977412891682643,27.365702796622358,26.26002216442227,25.57365186308361,24.88794274746172
28.87722918062051,28.84708651457934,29.00739253138687,28.575553606883332,28.39721097727388,27.979569804104965,27.366773015373703,26.26189337533286,25.574816221301887,24.888015083197654
28.87812127883518,28.84873786961559,29.008951925473664,28.576811577895157,28.3995930026566,27.980541438306265,27.368796364520136,26.261926439631193,25.576027032456903,24.88912031399861
28.87909330985529,28.85021060826039,29.010664829815873,28.577999661076205,28.402089970226086,27.982764897678123,27.370783287938284,26.263917004250192,25.576041674589895,24.891585055533632
28.881308205935138,28.852082818243765,29.011820453042407,28.580141855550835,28.4024155579283,27.985169383362415,27.371738581442973,26.26538716695326,25.577316654803784,24.89154180861795
28.88259534456513,28.85360004748339,29.013277266046174,28.581717687876427,28.404265453856713,27.985978324716235,27.372313155065314,26.26693834905796,25.578351498102343,24.89176619133085
28.883945473272306,28.854881437719012,29.01512668803268,28.58317312098071,28.4060279381398,27.98754099092248,27.374551149748893,26.26841269535296,25.57922584247114,24.89345440928981
28.885751546199646,28.857230019474258,29.016577855442204,28.585162164731987,28.406815520947735,27.98940624797229,27.37532305111648,26.269461428882167,25.580844233189424,24.893579236254112
28.886556958983107,28.85820525127206,29.017748095337545,28.586760635060603,28.408584807493753,27.991982399837802,27.375955180029198,26.270563209338555,25.581601332466633,24.89506961453774
28.88859208391002,28.85995106117842,29.01935420542292,28.588432011868854,28.410725322330027,27.99419922438585,27.37815766898125,26.272758651105494,25.58178887919756,24.895759336910572
28.888957754640852,28.861756175617252,29.020962592864976,28.589821062965115,28.412047528610497,27.99420792567673,27.379342235888508,26.273984683940323,25.58371324725924,24.89659968782751
28.89006720625733,28.863647987651376,29.02273130662271,28.591075598863238,28.413508942122387,27.996071512696613,27.381213744675716,26.275440038702065,25.584746915764732,24.898118387021498
28.89191014729033,28.865409794073074,29.024195554012977,28.59324042044564,28.415404915587715,27.998645088147192,27.38211341448407,26.27592201475086,25.584326610122233,24.897694510858162
28.892889576708928,28.86657508835504,29.025641910706295,28.595410929093607,28.417248627604536,28.000235261761727,27.383770860948864,26.27817626558386,25.586271965356325,24.89906088764283
28.89474005398371,28.868866594667328,29.027252031270926,28.59662135256707,28.419163664593757,28.001334940302186,27.384317153628963,26.280447413656276,25.586955246376686,24.900642637754295
28.89660627966623,28.869843085930313,29.028756627382464,28.59830929818999,28.420804235645136,28.00200272592974,27.385858102418798,26.27966700068463,25.588033240823776,24.90014343503969
28.898104950190838,28.872058652389864,29.03048077159741,28.599888359124698,28.422633677854726,28.004573024957608,27.388082881128266,26.281578499838997,25.590524204201635,24.902565329105066
28.899923795953445,28.87263603436987,29.0317404967387,28.60168613623585,28.424667067954633,28.006028517178557,27.389012913207175,26.283129871264048,25.59056618617424,24.902779393701344
28.901510704979934,28.874359565138725,29.033210957147073,28.603420031403076,28.426950783492856,28.00688902453638,27.390855581628493,26.28292255450761,25.591031679335543,24.90258079421551
28.90346314444659,28.875786960496995,29.035159994852194,28.604891260311156,28.428207749061407,28.00886633155716,27.39250755722612,26.285522014090272,25.592688738017927,24.90406384228445
28.904930978420072,28.876263974710483,29.036351900298367,28.60684209018007,28.429664592293737,28.010202260909928,27.392075601097808,26.286605141343962,25.59293083675535,24.904423558173225
28.90622524081222,28.878238059511652,29.037109067255564,28.609165339985413,28.43080863814711,28.01121155638283,27.394170938383798,26.287046763292622,25.593853429134438,24.905005453914875
28.90826008870357,28.88031483022754,29.038885979116955,28.61150137170242,28.432906295879405,28.01387145652277,27.396480895192283,26.288579855112765,25.595830549701944,24.904741131589553
28.91039318002968,28.880933338601675,29.039708941072536,28.613242911277208,28.43540495411219,28.01532078168139,27.396000891266965,26.28893899089511,25.596138917179555,24.904584557138474
28.912315239112118,28.88258600485656,29.041484734221747,28.614813130938348,28.43588089090055,28.016739504970136,27.397898258001337,26.289990861456573,25.596851394234466,24.906831449148466
28.913074345225528,28.88434896496304,29.041851769161674,28.61663589102013,28.437234365697734,28.01837744311404,27.399501594777433,26.291419865814078,25.59859521562858,24.907305060012344
28.914660643672363,28.885618883808448,29.04304622538355,28.61836894386457,28.439138570105857,28.01897023168697,27.40020385797525,26.29053432433579,25.598804448186605,24.906640376103816
28.917180512562958,28.888228135977233,29.044707300684554,28.619645403022403,28.44009466175538,28.02093394713048,27.40240331187365,26.29179935758085,25.59907858543486,24.907853660210254
28.918398595984165,28.889749322742574,29.046481285043413,28.62190111382404,28.4424147412216,28.022918099822334,27.403748652005966,26.294224651934044,25.600737263982182,24.90833866225341
28.91947671358791,28.889839954395402,29.046460753690248,28.623489319868245,28.444014143663804,28.023235052395215,27.40441968074595,26.293032142963796,25.601584229327642,24.90766170714824
28.921071706095454,28.891899699373823,29.047778932122988,28.6245663606374,28.44493267439351,28.026147986285043,27.405814758414046,26.2939964728138,25.6030691615943,24.90945609130261
28.92283469732186,28.89317689631458,29.04940570744767,28.626726842462663,28.44684079332147,28.028317239025746,27.40724435239905,26.29565247222125,25.60338374743983,24.910113990013436
28.923941895787216,28.89555289426353,29.04987007994031,28.6275696964471,28.4483903324835,28.028341285780623,27.40849746351924,26.295235512620387,25.603976291581986,24.909121347176175
28.925635521315066,28.896802258048588,29.052182204934795,28.629692879963116,28.450192722194064,28.02969594195078,27.409736919707683,26.295050605650026,25.605908777698737,24.91175787441387
28.927827237249254,28.898169538792988,29.052712391647063,28.631721848932543,28.452395581036335,28.03290355910147,27.411571938978216,26.295580691359003,25.60610169746333,24.912795451873187
28.92899285324625,28.900272335198206,29.05321392160988,28.631827909871042,28.453073392793637,28.033744210094124,27.413099062320168,26.29640991578708,25.60723361728316,24.91199689176003
28.93068938552025,28.901210605552826,29.055180812598806,28.633183729431583,28.454427027535193,28.034741774794995,27.413435135017853,26.29776329355268,25.60802742996802,24.91278182835611
28.932976835332404,28.902649198602283,29.05671099399696,28.634167170064725,28.457766858264876,28.03680948667204,27.415467843311532,26.2992345101223,25.607975846165928,24.91444370338503
28.93460868314647,28.90413702486707,29.05791496028439,28.635613840032086,28.45910334882721,28.03831010768245,27.417589411049153,26.299177386161332,25.608654350183496,24.914388174749874
28.936445821816783,28.90456511098078,29.05956697817586,28.637931766650585,28.459109430648162,28.039559893721915,27.41923451602117,26.30012840642219,25.610545724213054,24.914851298455428
28.938500599614652,28.906339793544138,29.060812492396924,28.638666615316332,28.46111456799519,28.04097521786021,27.420795013392322,26.301785071264455,25.611229676311744,24.91658346092112
28.940586288970536,28.908066144602884,29.062314495689815,28.639708358906468,28.462907668138367,28.04266013779464,27.42122750255273,26.302175768660625,25.611964539591803,24.916699896191517
28.942230533195893,28.90818193802536,29.063922454498158,28.641195715840766,28.464970510994153,28.044307738130996,27.422481638751123,26.302853444644366,25.61251239151491,24.91716251148423
28.94384744181284,28.910267064405517,29.065337176962586,28.642924263499687,28.466385500655708,28.04559568319845,27.424350309080864,26.30478208800266,25.612633188624052,24.918177517915872
28.94565414444527,28.910923908186433,29.06648787809061,28.644787918144413,28.46844773648411,28.047776500546632,27.424549660554774,26.306023334467174,25.614075649927578,24.919184848385306
28.947468110222978,28.912091128523297,29.06845276494372,28.645712340197917,28.46984221458843,28.04993027690142,27.42709418110507,26.306432081400416,25.615011482806956,24.920339480262065
28.94970615106175,28.91389078614424,29.070049968939102,28.6472576034518,28.471307371853438,28.05141823841915,27.427859428059964,26.3071168491026,25.615881923686974,24.92040355894288
28.951080906583016,28.915358842546325,29.071131917009563,28.649585979128616,28.474024765876592,28.053118677609895,27.4277009607832,26.308248292472378,25.617228501109885,24.921537845583966
28.953197283052848,28.9167774477427,29.072652147390976,28.651244961647926,28.474724417558413,28.05480180116841,27.429922564199973,26.309506363774805,25.616508723284618,24.923120844881733
28.953745897855203,28.918388573256873,29.07496740415793,28.652758551329672,28.475567909858746,28.05676032856042,27.431245336021167,26.3102712263547,25.617752847621333,24.9230770426174
28.955721515170755,28.919764150278205,29.075739001415908,28.653806284412575,28.477727375686733,28.05822532423811,27.431847008333875,26.311396219099336,25.619836349348045,24.923894841530814
28.957728198318446,28.921425058278363,29.078051979310327,28.654964139167983,28.479941412122653,28.059434012693515,27.433855474280215,26.312909161788227,25.619493346576164,24.92527022822035
28.95919354262679,28.923226196646507,29.078506111460808,28.657121039521925,28.481527743875862,28.061770420563796,27.435152806282378,26.313824488839632,25.620312247209704,24.92471591942204
28.9599826395322,28.925080227419894,29.08008312157897,28.65850494808147,28.483433486847293,28.063448553424042,27.435798133942857,26.315294718127454,25.621699726887933,24.92599210274748
28.961887845683698,28.92710934850566,29.0824040085178,28.65964761128916,28.48449427508667,28.064824459676608,27.438188945202405,26.31596789223476,25.6219068286303,24.926986645904456
28.963980894427333,28.92853953350098,29.083333842225972,28.661659214517876,28.487055719470796,28.067569920716252,27.439368199122036,26.317161208130795,25.6232364965375,24.9274789816481
28.9660292452065,28.929581340156048,29.084790519094177,28.663354012369922,28.488925784736075,28.0690861992706,27.440173316617724,26.3187016865068,25.623764934503328,24.928758961429235
28.96808626173125,28.931535330384655,29.086452669335866,28.66539264744507,28.489629955904817,28.069934119533748,27.44193453576984,26.320174733280687,25.62474357571751,24.929554193954232
28.96924803881399,28.933195415628266,29.0871629240711,28.66710295909703,28.491212093989592,28.07124145482335,27.44285452828743,26.321431699494727,25.62625086142774,24.929641909742234
28.97131635742766,28.934494366146573,29.08918867616427,28.667143823742755,28.492531539962332,28.07371838670527,27.444271266317205,26.322703310325096,25.626558493501843,24.931470953434307
28.97279298950188,28.936116027563763,29.090982479163607,28.669031806025384,28.494123603289793,28.074875069269613,27.446388286489665,26.32453706417513,25.626414599889618,24.932374209273043
28.97463390284439,28.938496949099214,29.091877320518854,28.67135205120949,28.496064788248738,28.0763009089311,27.447232025700316,26.326060467414138,25.628104855106002,24.932924373027646
28.975544394092925,28.939932969841568,29.094055664800152,28.671703806554703,28.497761995932755,28.077475007061157,27.44809097029048,26.327543057916753,25.629300369532896,24.933569301326447
28.97695613523032,28.941270589700295,29.09559126272089,28.673098547900636,28.497438862030428,28.079325605592388,27.44993975417332,26.328659014657525,25.62908966645376,24.93410105697162
28.978450501577807,28.942457274900818,29.096582719321283,28.675335129690495,28.498695010300406,28.081407166515948,27.45236223110565,26.329290282386356,25.63087909120531,24.935415864593473
28.980596834793385,28.944400449136932,29.099061965348785,28.67664085377814,28.500858367276052,28.08269925790342,27.453134209935094,26.331717391966016,25.632509988557672,24.93562689623286
28.982073530631766,28.945011806220048,29.10015036390289,28.677884264593065,28.500952955396272,28.084492580692487,27.453752482980182,26.332722322248443,25.632924392436696,24.9362165797832
28.98286426518608,28.946407066431018,29.10229588438106,28.67948815307983,28.501965154987413,28.086136724186304,27.45572358317258,26.333487930730612,25.634229166721102,24.937052051267486
28.98494985293549,28.9487723764666,29.104251808470583,28.681515744095375,28.502619921335043,28.087982617675262,27.457137552762187,26.334861330951853,25.63450538127967,24.938541019615794
28.986519567209413,28.94929759081134,29.10537671058644,28.683170487717874,28.50328555640827,28.090050874537692,27.458461569390597,26.33558379016574,25.63551667161969,24.938311027430345
28.987979916149772,28.951359505527773,29.106972707499324,28.684887949387914,28.50427189120911,28.090864652059004,27.460514457408735,26.33793403899216,25.635855616415704,24.939134675328617
28.989983879048474,28.952771089043168,29.109371451071738,28.685052347612615,28.50569763598445,28.092675884532554,27.46137005402199,26.339268252802626,25.636782613123547,24.940890614961138
28.99138458761812,28.954070023233633,29.11081015877567,28.686591469604878,28.506696844615714,28.094845825139345,27.46193080134048,26.339841902779693,25.637461333499594,24.940937282639513
28.993120743855656,28.955257962164943,29.111939333073927,28.688216160569873,28.507244974398223,28.09647080359008,27.464418524412352,26.34168293798947,25.638539554793237,24.94148716740665
28.99528952273993,28.956718024642363,29.114304393953304,28.689462530954685,28.509356743647082,28.097691698649747,27.465668421285724,26.342131868372615,25.6390872226758,24.94320672160547
28.996836240365347,28.958483689206524,29.114803575954,28.691499099233152,28.51143636894051,28.098595696335188,27.46659672313099,26.343436607074313,25.640385281003923,24.944604625914533
28.998467782465926,28.959030041175918,29.116270951587783,28.69209695027409,28.512190877560812,28.100769455766617,27.467698646059063,26.345761828536013,25.64178253002882,24.94334912899415
28.999724621863322,28.96159334014372,29.117558717313898,28.692843180966825,28.51295747641116,28.10188507862279,27.47049037916394,26.346510915836955,25.642835059703483,24.943372444541385
29.001921867188884,28.96233849556147,29.118433078803676,28.69522200027307,28.51461800804847,28.10373022900862,27.470753751301483,26.3474261563657,25.643502170717806,24.945703227607552
29.003789700867102,28.962340605340327,29.119647108910407,28.69726383885634,28.516460419166926,28.1052635883913,27.47200388792665,26.349075509273977,25.64454178145418,24.94492774759239
29.005476946738504,28.964968113305844,29.12053639307426,28.69880180344852,28.517955612286503,28.105682280480234,27.47511226036542,26.349853121648383,25.6444377800306,24.943625913792246
29.00758723969237,28.965970906806312,29.122318525053394,28.700452267296455,28.51950144687542,28.10767421172593,27.474189633077614,26.350408070536208,25.64648803004808,24.94521736498067
29.008784904396787,28.966982114225996,29.123488036707677,28.70174590056543,28.52014046254733,28.110010334866807,27.476084647757638,26.352760877297875,25.64764572694109,24.945594672350108
29.01049363116116,28.968954189900256,29.125568359905806,28.703217668379178,28.521918205046607,28.110632989787373,27.477740063066157,26.35225967330505,25.64717735603577,24.943619615587266
29.01253654049568,28.96998869239151,29.12741276795703,28.70524484586282,28.524232147556738,28.111806248889746,27.47919487325822,26.352652891837405,25.64807813697947,24.94431943832805
29.014495772106052,28.970628586934097,29.128608607259338,28.706861189085622,28.525077616068014,28.115328231275754,27.479645837721982,26.355254795678412,25.64970813985209,24.94517762771441
29.01619875053916,28.972822379135657,29.130566239047447,28.70828126750588,28.526918203712064,28.11693965442087,27.48123414269015,26.35634204609029,25.65059851608478,24.944939386703588
29.017685931940576,28.97453304829151,29.132014784973173,28.709570499165707,28.528790579708698,28.117822241161562,27.482242969369125,26.356715428591592,25.651032494368593,24.94475448331775
29.01917563193543,28.974777399871726,29.13320942324987,28.711737302441218,28.529809026387266,28.119772733386643,27.48444189645408,26.357277710299428,25.652831287242336,24.946429292515496
29.02126720684562,28.976655677944066,29.13469002165126,28.71352057883755,28.531178157695397,28.121859257198633,27.48608347310052,26.359144258918352,25.65441169960073,24.947250066411762
29.021403219768942,28.978449943197617,29.13623777516473,28.714958938994926,28.533196428849084,28.123735126267462,27.48682198467077,26.360457720842646,25.654625069657307,24.946650374646275
29.022178834644237,28.979724092369608,29.13829646143939,28.716740451159005,28.534505281481128,28.12499520439943,27.488560323889978,26.359417223446204,25.65594757295559,24.94679026013273
29.024552973038688,28.9814626866684,29.13999848985673,28.718336358007306,28.535844855693497,28.126533757310263,27.488853377922116,26.355349376457482,25.656858479384034,24.948080574371687
29.025210662431924,28.982446837365565,29.141703155921267,28.720174026874012,28.536873637038166,28.12886742630697,27.49074461131255,26.35751369109314,25.65746072105355,24.948870479077176
29.026641164354384,28.9832615889614,29.14353447045647,28.721317168306108,28.53902224048541,28.130229694934435,27.491884963439688,26.358630903842762,25.658304418764946,24.947794240748287
29.027706451275055,28.985848451024335,29.145362062413117,28.722642024968124,28.54020501868343,28.132164986059905,27.49313261696574,26.350075144979485,25.659411324450655,24.949102123401904
29.029375378266472,28.986915037930213,29.14628155248495,28.724728458726673,28.542502962195186,28.133039977952148,27.49404398296908,26.335953207879065,25.660393723130962,24.950142276461456
29.0301991059289,28.98752338013084,29.147997021219624,28.725190395649868,28.544080871692827,28.13490751691046,27.49546711043436,26.328046737296752,25.661351159067326,24.950673198048374
29.031050839463642,28.989073436385347,29.149676012178954,28.727319293035176,28.545338276089367,28.13716893570576,27.49810114314021,26.320465569077246,25.661046426245456,24.951325060620242
29.032919054686744,28.99079135345896,29.15087827593833,28.728202774175145,28.548236195379285,28.139088474831073,27.499384151011768,26.313891435445306,25.662967394738693,24.9514778647691
29.033750815340362,28.992202760516413,29.152568674810198,28.729131364525486,28.549767185965067,28.14090797847708,27.499835832028193,26.30994370536707,25.664669238745297,24.951820431578096
29.0352344192039,28.993430537776668,29.154703563766823,28.7313557332322,28.55024756157617,28.141849001263076,27.50170739893255,26.30456328600857,25.664157328531356,24.95349015373297
29.036773562807305,28.995023955283934,29.15587558836554,28.73285525240361,28.552127896933936,28.1437652037531,27.50368993404561,26.297984530362505,25.66515610066282,24.953493472990957
29.0379628405842,28.99699544456344,29.158123227235535,28.734611870684024,28.55481185761554,28.144782797779104,27.505682615958044,26.29230582460068,25.667371954659703,24.95390533204603
29.038977425887378,28.998503496581904,29.159858102027655,28.736663898659796,28.554912363519676,28.14658959276756,27.50578854917196,26.28785076258474,25.667385781018265,24.955396683938773
29.039720040453606,28.999958068200847,29.161901059791177,28.737433485375252,28.555545814946587,28.148511725980427,27.508137194429537,26.28306198687289,25.667940130813328,24.9556451159682
29.042332843490062,29.00115377806273,29.163354359589704,28.7390167217865,28.55847251404951,28.150281211852224,27.507285146303087,26.27919190592932,25.66968870948546,24.955490765937135
29.04316060965543,29.003400313509747,29.16446986193631,28.740522835011284,28.55839165328961,28.15174134206119,27.50793935404076,26.276354303975708,25.670698037371828,24.95708300632598
29.042876343161335,29.005440308073528,29.16686096785012,28.741947775596262,28.55947589118502,28.153623033454057,27.51171630017785,26.272490079913947,25.671394650743956,24.956402622621148
29.04420928968767,29.006529364671188,29.16852079757627,28.744442261894882,28.561758399166596,28.15574714166281,27.51062714596302,26.268342717750883,25.672103296646736,24.95658193278071
29.046964111661833,29.008256650590848,29.169960222613298,28.74618257615936,28.562522145698267,28.157808779354113,27.511578695278732,26.26579089933207,25.673705426252702,24.958348925801804
29.048488753988607,29.008814797554862,29.171606349255015,28.74761590642609,28.564060477030495,28.15857731703381,27.514105097677913,26.263869348582887,25.674867141812136,24.957669440689692
29.04829052812348,29.010944660024837,29.172751554545712,28.748982369899544,28.565945569485148,28.160820949479174,27.513416216214367,26.260826669287013,25.676087543953145,24.95723131208209
29.04883695318535,29.01172611275654,29.174446002570104,28.75066400039448,28.567117934836958,28.162293560957693,27.514121897469536,26.25831657472917,25.676278027563928,24.959364852553428
29.051023444186438,29.013049812952254,29.176240505337834,28.752586600380194,28.5684601883601,28.16372044047879,27.51568451443953,26.25753778299618,25.677372475429443,24.959378064984946
29.05159399193864,29.01498380874034,29.17790694583461,28.75458853574036,28.570860443371842,28.166171428482652,27.51661296820304,26.256386036790573,25.677773217515746,24.958740877894098
29.052097143367615,29.015700816035512,29.179471149373192,28.756117596405627,28.572024524421742,28.167555620467148,27.518366709509166,26.253931983920094,25.677967134786286,24.959929155734034
29.05344717455305,29.017881868399407,29.180796881518887,28.757835980143227,28.573205498526185,28.169939161777606,27.51926791469178,26.252119685407767,25.679495241178564,24.961206808864237
29.054769106792953,29.018822817676835,29.18283361483283,28.759722694268987,28.574356867843335,28.171077628996795,27.51921916957679,26.25143020824555,25.681003896070315,24.96094024459825
29.05635520278168,29.01894657322157,29.18442146062777,28.76120105174166,28.575100028606588,28.171920591117225,27.52051312279043,26.251442576542505,25.681019707695533,24.961708839362252
29.057083851874626,29.02082896267741,29.186121906576886,28.76244825114999,28.577064478912277,28.17471822188706,27.52359842654847,26.25095075462898,25.682344343650627,24.963064895566905
29.057946960102356,29.021784319781045,29.188368653756434,28.76379270492563,28.578850218261145,28.17564022085898,27.52366567321775,26.249536625304174,25.68382335692003,24.962346704450287
29.060057218156118,29.022490682883472,29.190189946465388,28.765739421516656,28.57918141962918,28.1770362306743,27.52480550285165,26.249072194859902,25.684346733393877,24.962329097257737
29.062179200883893,29.024111819298394,29.191740626835703,28.76718543459991,28.580499446357926,28.17867750700863,27.526779604094678,26.249642337809583,25.684312486673107,24.964639559390562
29.063034662667746,29.025726556955313,29.19365078154526,28.76844437001609,28.582136735003473,28.180763701300414,27.526889651894226,26.25050844691147,25.684818546613,24.96488694874516
29.06393135935236,29.026240212464494,29.195890764976046,28.770418272439336,28.584067882421426,28.182538455664226,27.528335880262425,26.250988776327556,25.685151260652567,24.96501772543172
29.06544981675086,29.027815067599203,29.197287228412492,28.772216853110564,28.585640966270105,28.183539298163033,27.530220778767337,26.25048057667573,25.686339278179663,24.96583396358194
29.067597239904515,29.029614220241,29.200059934580768,28.77332497038858,28.58669590360776,28.185462987277802,27.530733316838983,26.24990649092728,25.685902860182324,24.96668937136343
29.068723330730208,29.030194123257754,29.201035934494662,28.774808088286854,28.58828943777298,28.186684088241204,27.53081783196737,26.250157666255824,25.687382386429697,24.9675821204412
29.069912062165404,29.032092243257807,29.202564355921687,28.77651302357242,28.590211850181046,28.188323387316522,27.532506555145993,26.250727130886343,25.688901625597968,24.96807139276858
29.070944251238714,29.034039668960006,29.203021981605257,28.77811242264128,28.591696966970122,28.189868709054462,27.533780727961243,26.251108920666056,25.68726827373216,24.968728511603764
29.071914636822406,29.034413567586217,29.20433290716673,28.778301940993497,28.592466049041505,28.191284498288237,27.534197571277204,26.251934457836256,25.688055581153385,24.970123125594476
29.073710434183013,29.035196073656543,29.206375134806166,28.780715864826284,28.594445684387377,28.193148249301846,27.53637279381499,26.253242018337772,25.6906700452276,24.970971406947132
29.075177154455,29.036623962155083,29.20740647889525,28.782854991381434,28.5958447279052,28.194306249071623,27.53714493504189,26.252881633811928,25.689453093975683,24.971817020507125
29.076332933494783,29.038490061211576,29.20871322029898,28.782782067302715,28.5961594637022,28.19488950941966,27.53915969602874,26.25306421499801,25.69033844111673,24.972333527488043
29.078025126765525,29.039279980292044,29.21040687179699,28.785005068851,28.598199234745223,28.19711224789487,27.541004152785415,26.2546001699844,25.690652790925895,24.973248557698998
29.079312442201307,29.040004821093497,29.211655603646108,28.78587368636854,28.600257441987953,28.197848606723433,27.542083909494174,26.255881734408483,25.691725478920162,24.974791183273076
29.0811334839557,29.04163582176888,29.213858649939233,28.787579690348792,28.60125245161262,28.199050123313594,27.54326129118447,26.256719127317535,25.693004753733597,24.974647852921198
29.082500869003663,29.043116785228804,29.21544692239827,28.789424413308403,28.603156577225395,28.20055343430479,27.544236204772798,26.257764538501064,25.692021401024977,24.975209250768337
29.083834347424684,29.043980220954918,29.217026841119115,28.790087966503858,28.604557666602158,28.20168182106155,27.546130473580227,26.259031499513746,25.692903142023297,24.977341837975256
29.085493790877372,29.045669467848935,29.219269051590636,28.79154859973262,28.605586188856613,28.20306376840835,27.546835209367096,26.25962435824706,25.694527008559778,24.976903467423227
29.087848285835843,29.04709001804594,29.220302050954963,28.793128673083615,28.607014200724375,28.20462502000362,27.547836086408193,26.260487740276567,25.69450298207005,24.977829066419446
29.088591419379203,29.048312223756263,29.22197096575543,28.794041654639294,28.609300905007725,28.2057138216665,27.54986693793675,26.26233090124692,25.695628584488457,24.979662786653137
29.090053225260483,29.04888249997239,29.223329476960245,28.795653019859714,28.61053797279359,28.20652647728851,27.551502798382813,26.26388226162367,25.6965197793682,24.980051511308254
29.090873596971484,29.051447599533343,29.224311001958814,28.797014847750578,28.61248419790446,28.208340725752002,27.552542270283055,26.264851715669547,25.696936509032074,24.9805584298822
29.092701670620265,29.052581309526836,29.226136652852198,28.79844386468992,28.614781432280303,28.210365011944475,27.553736836645925,26.266122244228818,25.6987355575924,24.981732875099382
29.094241959522797,29.05362283953123,29.228081518906016,28.799863917000938,28.614472456340838,28.211168515537963,27.5557662117852,26.26759639169346,25.699282548448235,24.981989306324994
29.09575662978478,29.055560339351384,29.229628266466335,28.801332358189292,28.616250300364868,28.213099371521906,27.55622536563149,26.26876303720772,25.69961479730182,24.982654575069695
29.096965343691302,29.05655806659144,29.23144104786068,28.802641348436357,28.618941242627713,28.21446299378654,27.557596732889436,26.27066224346663,25.700589860187915,24.984758933591266
29.098219931493745,29.057821339055856,29.232839064263253,28.80455340677225,28.61980893115705,28.21610078950176,27.55842787314128,26.271987685129243,25.701673741417068,24.985282475885775
29.09982307256733,29.05901630232893,29.234029826513954,28.806887244080535,28.621159918688427,28.21653777701851,27.560847426889488,26.27301829953701,25.70283751297245,24.985393107660524
29.10170676084904,29.060420584140143,29.235050468984166,28.80775922625859,28.62282951103748,28.21905482801339,27.560410884419262,26.274919708607413,25.703662328870152,24.98566140021051
29.10311520777649,29.061603930956387,29.236082749669407,28.809289865287088,28.624594420439145,28.219824593213335,27.562272107775797,26.276771966051193,25.70445197663131,24.98716053649523
29.104613161029622,29.06319580769489,29.23896792925209,28.81144445696817,28.625959170617644,28.22131107595731,27.56389726474918,26.277483978447187,25.70582707626135,24.988188158254303
29.105993287275634,29.06455397785575,29.240125662458865,28.813095967268968,28.62720216494123,28.222930830678436,27.564580350851664,26.27957889616143,25.706327062707174,24.987971987664746
29.107387441851994,29.06552397843788,29.24066517295261,28.814733817576446,28.628727020743412,28.224222189368984,27.566746838845933,26.281585235222664,25.707239778495893,24.988763699102748
29.109233695628895,29.067441302734863,29.2431055461281,28.8159131561407,28.630111708053487,28.225689017525795,27.566000956139018,26.28225904616762,25.7072280737416,24.99081954716692
29.111209046912933,29.069218757375044,29.244604215935965,28.81720586664216,28.631652525255774,28.22686665001696,27.56763291128849,26.28377900121674,25.708477672414322,24.99130219538898
29.11240986746858,29.07058308570567,29.24596376384813,28.819256631026448,28.633079444780773,28.22839257982459,27.56979624412407,26.285358132771126,25.709462020599748,24.991756387736768
29.11411851685692,29.07215496834764,29.24805746330886,28.8208832982231,28.634903279329087,28.230061277692307,27.56985084710238,26.28654186493208,25.70948035552369,24.992739164405467
29.115692270858254,29.073276881506885,29.249047855578397,28.821855971611868,28.635948493468998,28.23187149691327,27.571096309438698,26.28849367763085,25.711127679207586,24.9936158804144
29.116644377398686,29.075546603007677,29.251025018968107,28.823857450968823,28.636255233558412,28.233236636667378,27.572397447392216,26.290891110009834,25.71200470905959,24.994389155944823
29.119026854785993,29.076306099436785,29.252240247992475,28.824611225317796,28.63809732364711,28.23452728428382,27.570741919446533,26.292016647495565,25.712380963893256,24.994966272678067
29.120168078157533,29.077902150340975,29.253199765696415,28.825308385972917,28.639919420854216,28.23683434092146,27.57315804343287,26.292871396983504,25.713386538240698,24.99637495789414
29.121558468582208,29.080693322850397,29.25451138150975,28.8274045381616,28.64003967754514,28.238533854601236,27.57434858617588,26.295122824282906,25.713557764934052,24.99707655348789
29.123427124269448,29.08135131500558,29.25554817729747,28.82745458625625,28.640224030131264,28.24002631087975,27.574741448534716,26.296561327161058,25.715143551350693,24.9973265503721
29.125181677137153,29.082915955688414,29.25761412112135,28.828912461889228,28.642176462030786,28.240972818077196,27.576116273715883,26.297851514217825,25.715639250592275,24.998952307367105
29.12673017788391,29.084586112568573,29.259084203341494,28.831199728501574,28.64250946342058,28.24193927636733,27.577134107697546,26.300095247384554,25.716293254737963,24.99979090574412
29.128278350123445,29.086262411039677,29.260100513531334,28.83169257910911,28.643960156756833,28.24502600776112,27.577913380060597,26.30066933705009,25.717455964745074,25.00050742564118
29.129712301254813,29.08836722707155,29.262533636009543,28.833087518021763,28.64611378268602,28.245056520807776,27.579233324416673,26.30176129325122,25.717869298691227,25.000947410877817
29.130812819880227,29.089934043131613,29.263044422940734,28.83454218726009,28.646923468145676,28.2464423878084,27.58103690970314,26.304516888122773,25.719228323456342,25.002635458287404
29.133130901401568,29.090984637305755,29.264481156468026,28.835601160408157,28.64795339535211,28.248213896629668,27.58156571310826,26.306216569062762,25.719823939756893,25.002520930611528
29.134575581285503,29.092477506198907,29.26630198633137,28.83685620476474,28.649646009228942,28.249395141102326,27.58260991189993,26.30741827924251,25.72081089823644,25.003672394068804
29.13652125242795,29.09354928627314,29.268139237909395,28.83908472649335,28.650312536879063,28.251047189272196,27.584505901799346,26.30907985791722,25.72219067328828,25.00550962658279
29.138417450514382,29.095512213441225,29.269551958986305,28.840661339401787,28.651853245562926,28.252440853854793,27.585473326169982,26.310064319521143,25.722531584982498,25.006079762526817
29.14024058644394,29.096755862822338,29.270956956822175,28.84157953795228,28.652379767521374,28.253380899785085,27.587087265158306,26.3110882286469,25.722587319118198,25.00651824730457
29.142552895406574,29.097930604870108,29.272252319580964,28.84291031293225,28.65427076367183,28.254519552273297,27.588465500238385,26.314322110883964,25.724460905895562,25.00741328190574
29.144131963175013,29.099857856595573,29.274237923244133,28.843988308084832,28.65521519969272,28.255741441753706,27.588969910634574,26.316526617873755,25.72525768146965,25.008151997850305
29.145596550522683,29.101668287936352,29.27470604713107,28.845187453178312,28.656050493089968,28.256735994361193,27.591134527949528,26.31683642782217,25.726042584376895,25.00980577820925
29.14736919175665,29.102454125859893,29.275905749408267,28.847402352635644,28.657558340254226,28.25767954776691,27.59193081663168,26.31815837606545,25.72728735457907,25.01039197621644
29.149643956509376,29.10403388301827,29.277175353695352,28.848669524560357,28.65869980494334,28.25900318238089,27.592193817179584,26.32063591382201,25.728612141938196,25.010649534618167
29.15149402046323,29.10584480749896,29.2780055473332,28.84985948013895,28.659585928833007,28.260119682857162,27.594020515397688,26.321409678512836,25.72948153302565,25.012177155553946
29.152847635220773,29.106706896838123,29.28059772617555,28.850993042969023,28.661878730855726,28.26236312985464,27.595653563858722,26.32266890316666,25.729390151234973,25.012875862946974
29.155231159036195,29.107863019737774,29.281268498370054,28.85206917890091,28.662406466665573,28.263092535333865,27.597451266587814,26.32540734430585,25.731051151302143,25.01271514763281
29.15613288156962,29.10958661608422,29.28166463422411,28.85372795025992,28.662662336547537,28.264763987310527,27.598382659491122,26.32664150667892,25.732546432999044,25.01471295395493
29.157934060825283,29.110826459879092,29.284056214293315,28.856164893327847,28.664065845631296,28.265999087008595,27.60042658376706,26.327102419585806,25.73246593089059,25.015236159844648
29.15938253447039,29.11208944646721,29.2853108405993,28.857211312090534,28.66586737213069,28.26718120264236,27.60020430469716,26.328915106718384,25.732947655340848,25.015366875800265
29.160842430699624,29.114009852840674,29.28601863206998,28.858599465541708,28.666040479123247,28.26918954268831,27.60146239441572,26.330975693231444,25.734329663940162,25.017538959534757
29.162016915988332,29.115309701565995,29.287773426269812,28.860039855685002,28.66688477532788,28.26995921267951,27.60397425211183,26.33156245386398,25.73627310763404,25.01844836594097
29.16332325850869,29.117045883270837,29.289077674720545,28.86129964979068,28.668709601970836,28.27111562194881,27.603599116270438,26.33252128386153,25.736371170656177,25.0189274604859
29.165573890353475,29.11810361015949,29.291128035601716,28.863007004747313,28.67011147148663,28.27284001588593,27.60501904947478,26.335072525772002,25.73660981427912,25.019233886946807
29.166580518087237,29.11952400557186,29.292726485183437,28.8644143260436,28.671717447402372,28.27420682503396,27.606978349080322,26.335939112935417,25.73878362464603,25.020298869086872
29.168128590728664,29.12158135296138,29.29355803119876,28.865419702852563,28.672502204397496,28.276402671520362,27.607523006401053,26.33718660358154,25.739787853589856,25.02115889792375
29.16936878430677,29.122931480746033,29.294933455568362,28.867329489229107,28.674335783102592,28.278016007109585,27.60840991713068,26.33930591622786,25.738924363271323,25.02200283480046
29.170725613424707,29.1235066099538,29.2962611483178,28.86863645600932,28.67604747147153,28.279433795815688,27.609205492885074,26.340834885533987,25.739702849149428,25.02149808473732
29.172123143587356,29.125201250661284,29.297543897646324,28.870260553784654,28.678247657670273,28.281160902318394,27.610458001558857,26.34180119531218,25.741895198966965,25.023021205469437
29.17417125386605,29.126511938676572,29.29939311884533,28.87169462657184,28.679277663822575,28.282449916683902,27.61077382882375,26.344300386884054,25.7414576732147,25.024328054458763
29.17545676512658,29.12727288895047,29.300652440696638,28.87298722614817,28.680452013016353,28.283970911134556,27.612754486971433,26.346100005617615,25.742063595559816,25.022175477051398
29.176842221168776,29.12884396549131,29.302458094402184,28.87466304523812,28.68287347854126,28.285358311913136,27.61333799594169,26.34692703989423,25.74298899958224,25.023554061682315
29.17825853004988,29.130760538209223,29.303918633558403,28.87546526725046,28.68482820053299,28.286250787903604,27.613871108180152,26.348918956401395,25.743761852661713,25.02498735662444
29.180171493761318,29.132000305559366,29.304589400853494,28.87631232689342,28.685640116159593,28.28797593442819,27.616180175452758,26.350677498214708,25.745062161184965,25.024694682147693
29.18148296852092,29.133198273303947,29.30620283216961,28.878656437743793,28.687443259568767,28.289663237885712,27.6145204854118,26.351621166809537,25.74526140246709,25.02588008885853
29.183159249504463,29.135619691012565,29.30830079763437,28.87933536953642,28.688777215084826,28.29064440987031,27.614902958644706,26.353850349163316,25.74548440644962,25.02590092387676
29.184899076031527,29.136374985496666,29.3103733525732,28.880132281185354,28.690369830491946,28.29231613637985,27.6177258815966,26.356548431210367,25.746992861555846,25.02547365499983
29.185981455358558,29.137738732996496,29.311750684318042,28.881911967605664,28.691311196215608,28.2936199022911,27.617056390138018,26.357390108067932,25.747948102197675,25.027148142614692
29.188291458656053,29.139348315632216,29.31235101157315,28.88287551176203,28.693371909962437,28.29495517466293,27.618670315823685,26.359794745876485,25.747997326885542,25.027302619584017
29.18928097855548,29.140572560067618,29.31464611464468,28.885091068034193,28.693885417566577,28.296646926502493,27.62126040017288,26.36184993037641,25.74891950640476,25.027266100979254
29.190639947302387,29.14173316726517,29.31665995043105,28.886130776166716,28.695691051034743,28.296682190318943,27.620204398034286,26.36243171223938,25.75028050957806,25.02868836198553
29.19097888397202,29.14277576781378,29.318263581351694,28.88634696007378,28.697338475043832,28.298927060279162,27.621139788867318,26.363560627039856,25.75070242450999,25.029475826586662
29.19223948991585,29.14371773379448,29.31960881563469,28.887761568136376,28.698790332942806,28.300074586448154,27.624027094713995,26.365864927416617,25.75159305869171,25.030029785376406
29.19387651701681,29.14498764977784,29.321123968237913,28.889112650112825,28.699623815310133,28.30146579376672,27.623949308917787,26.367947598982123,25.75141708878599,25.030885741568213
29.194908215750036,29.14652357281161,29.322732451440178,28.890881367058302,28.700420217103243,28.30322081466702,27.62521536646924,26.36999129885274,25.753038907384692,25.031086111314337
29.197040754020488,29.148411995515467,29.323749145065477,28.89190045413274,28.70176799472482,28.304320849746397,27.627572387316558,26.371476651405544,25.754528945206946,25.032353355248485
29.199230481485394,29.14936987814989,29.325055485948937,28.89278961643636,28.702473671536637,28.305968981366366,27.62758860680822,26.373387884388425,25.75475916023946,25.03309898194822
29.19980920968255,29.151159722168273,29.32681446811475,28.893558236084658,28.703210355349796,28.30692782663954,27.628913704949735,26.374631337052232,25.75555274996084,25.03330709574231
29.200942959220683,29.152411370239907,29.32864446729458,28.895098220262327,28.703756371220585,28.30736610102187,27.63145513509882,26.37541369797281,25.755752148248547,25.034113281330733
29.20251848678364,29.152708844458736,29.32951741101772,28.897343335162248,28.705141702025333,28.309673670846788,27.632984587048092,26.37725680369924,25.756027415507077,25.03490999551392
29.203986575575975,29.154102337686084,29.331031800218238,28.89835454596256,28.706648952841665,28.311625868849013,27.632814876172937,26.38015402435626,25.75769038424005,25.034575266876644
29.20556448625505,29.15588694434654,29.33292505112041,28.8997260381513,28.70777070025148,28.31205384329501,27.635196092428913,26.381391290310763,25.758119397333168,25.035163323838113
29.207926584693165,29.156798267050927,29.33357626079253,28.90162536762758,28.709450950528517,28.31385088958506,27.63657256703742,26.382548716192254,25.759737564978504,25.037520739208027
29.20987509040752,29.1578409928811,29.334716206585576,28.902781555952682,28.711307276009084,28.31541143032573,27.636352330822938,26.38466253423487,25.761148523054533,25.03607649896271
29.210517852762628,29.160019769587805,29.335205289657967,28.904450313249875,28.711946862084467,28.316959545694374,27.63873662989401,26.385965700632468,25.76177861039358,25.035918465095325
29.212720501620367,29.161196092731274,29.336565645874558,28.90623612917997,28.713476011195684,28.318865987787014,27.639119735979435,26.38798987024645,25.761894600919586,25.04009947054447
29.215249959976003,29.162304457230018,29.338559254542957,28.90770036431531,28.71544360388487,28.31980644812283,27.639886445281988,26.390772172625432,25.763657292755347,25.03815022124044
29.215499319782165,29.164201822925207,29.338938049320937,28.90875365062524,28.716514798811723,28.321299469421845,27.641531627402603,26.391593608748636,25.763780561787645,25.03638132951385
29.21673796167541,29.165236047364644,29.34045874501066,28.909564221249905,28.718665730691882,28.323185707291106,27.64248051862929,26.393123974971786,25.764741429495285,25.03892514688765
29.217915827361793,29.166656593699372,29.342219670656394,28.91137741155925,28.71902016491408,28.324248183009317,27.642780711828507,26.395148977693424,25.766511942059182,25.039261612988582
29.21953544400462,29.166885250398487,29.343633907462994,28.913384914297232,28.72091782071404,28.326199487768406,27.644923835070028,26.396159383863566,25.76752137908887,25.03971347908138
29.220646896431152,29.16889949410104,29.344159107886792,28.914089660328614,28.722351510654516,28.327027482891825,27.64830573372711,26.397376319127446,25.76857560556458,25.041034795207597
29.2213639858764,29.17015191789161,29.34444525892332,28.916098829551217,28.72349848982081,28.328279729899876,27.648011425472564,26.399428938532292,25.769368284492234,25.041241947276326
29.223053550552507,29.171206027245937,29.34658510766928,28.917995666919907,28.725081520712465,28.330198916752117,27.648960482980456,26.401656830709285,25.770811812720687,25.042593308125305
29.224113474889254,29.173320845850142,29.347699625017988,28.918768472773692,28.726401052813834,28.331634110180115,27.64989905838707,26.4030550239543,25.77181369647962,25.043508574395172
29.22535562449124,29.174558957221027,29.34883969117118,28.920663882944044,28.72770655225366,28.332578380505396,27.650260620390362,26.404573869950454,25.77221076537972,25.043451447315658
29.226669582574516,29.175151593172348,29.35002321808181,28.92233226605076,28.728291137052683,28.334184302405255,27.65224823841761,26.406252075797553,25.772439679371683,25.043907676897426
29.227338607621228,29.177543681731485,29.351615392796987,28.923004937150843,28.730572400648512,28.33599645029691,27.653855560283674,26.408059002338486,25.77388863327277,25.044799353982945
29.228998713730206,29.179059623493014,29.35307267739659,28.924895272118572,28.73151537976325,28.336984384665826,27.65501376549452,26.41007405070632,25.774091461898983,25.045222218763726
29.230258053241638,29.18009868416821,29.354414545699143,28.926272678841833,28.73219484352097,28.339113622715722,27.655627044802863,26.412290055592194,25.774891546712016,25.046627589955506
29.23140456150701,29.182131506921884,29.35626331698338,28.927903394360147,28.734465877519362,28.33995694286809,27.656479444376842,26.41263168436568,25.776327872431732,25.04747036817369
29.232540285108968,29.18230797469906,29.357310202366136,28.929695581005355,28.73606559023091,28.341863137433826,27.658022851089918,26.414031015199026,25.77698519884923,25.046918071189626
29.233006579049704,29.184305328429826,29.35937839656389,28.930666490200032,28.737795928701686,28.343280238062547,27.659752431421506,26.416272978030747,25.778252199065257,25.048298253125786
29.234869539858042,29.18554342024556,29.360520818859914,28.93201790892952,28.738916267225836,28.34442028166499,27.660981747148266,26.417739356609072,25.778165615793363,25.049705751999895
29.235900407858495,29.185279471920854,29.36180315075395,28.93357197841172,28.74013188964694,28.34518486488681,27.66203637562161,26.418864906384233,25.77872694523405,25.0488183943228
29.236479782309686,29.187197386475,29.363373190040683,28.93531896022049,28.741682361475593,28.34724338421719,27.662385859233925,26.42090737938702,25.780146966370946,25.05044859395592
29.238399354600094,29.18870143212104,29.36504990562071,28.936864733624958,28.743999632428757,28.347678411013288,27.664290302076488,26.42286901700755,25.780368607355886,25.05194083525445
29.2393524212601,29.190333540850872,29.366224688625948,28.93828742818004,28.744646806040365,28.348416782293505,27.666873775448366,26.424309231774842,25.780835479165567,25.051373970944447
29.240330873926553,29.191792409691388,29.367248725449414,28.939824707975713,28.746674222499276,28.350195064214255,27.667865436261184,26.426395996309164,25.781777397442124,25.052520912058615
29.24162742111711,29.19255725327265,29.3683640169216,28.941205688654424,28.7484547631585,28.35139656453304,27.668188897942972,26.42825407157636,25.782096762597334,25.054098385682103
29.242636024128686,29.194083825317918,29.370421711539215,28.941990296365162,28.750090414339585,28.35279004887932,27.670331576960223,26.429181270741235,25.782751397201842,25.05338593334286
29.243900104805146,29.196305067444346,29.37104308059505,28.943927716349194,28.752262816129818,28.354751860534645,27.671043012351127,26.430917904122605,25.783316637991366,25.054501322084207
29.24557692581951,29.197349471633217,29.372109956323005,28.94550803192837,28.753483103283735,28.35587332746002,27.672869253611452,26.432552912563494,25.78387981777078,25.056345206605304
29.247122992191432,29.198951832847598,29.373414164543945,28.946568346219806,28.756102149759567,28.357190895514716,27.672415153615443,26.43410958385745,25.78511793748889,25.05609456620926
29.248071593110435,29.200777544628448,29.37435497585605,28.948126525320404,28.756465829155463,28.35767548732636,27.674472870713018,26.435958910978226,25.786768788960043,25.05680140523247
29.249195676033217,29.20138919703197,29.376058008002598,28.94974982310721,28.757252717128438,28.359756441896927,27.67575484198863,26.437440106316092,25.786587845318444,25.058249447104373
29.251024288318625,29.2035725410191,29.3780529956541,28.95150936983848,28.759033420566382,28.3620425978736,27.67560288187901,26.43938371820539,25.787795865094267,25.058409594666347
29.25286925228326,29.20445238097711,29.379029209659436,28.953577660999187,28.759130264292153,28.362923991966966,27.6775659448517,26.440196048867012,25.788668870822363,25.0594173328367
29.254466824934685,29.20502898534968,29.380237236968597,28.954224233105297,28.76060400605465,28.363995141161208,27.677818362591836,26.44194701110672,25.78927968848292,25.0592966071977
29.256005756555098,29.207019961662226,29.382229183502954,28.955584340471386,28.762285687307898,28.365308543888737,27.677980523136174,26.443878103550844,25.790631516278456,25.06019282939997
29.25771744969135,29.208231663169578,29.382618563475486,28.958598351540388,28.762515186706686,28.36687399757935,27.67929301060379,26.44452860800985,25.79081154320706,25.061622489653196
29.259236967039485,29.20917619899582,29.38482156113789,28.959452571793598,28.763005465156333,28.36765667631576,27.680612912271858,26.446485643885268,25.791405789968913,25.061733986338055
29.26136114021876,29.21104474719901,29.385873572432423,28.960588367462105,28.764342341891368,28.370181409362093,27.68136568495413,26.44836327863494,25.793210014308997,25.061571308807853
29.26281971467624,29.211922001984405,29.38683828613092,28.96201835899611,28.76548895790007,28.37167736005896,27.682146745088588,26.45002532582014,25.792676524526815,25.063357357847163
29.26427240579809,29.212954621590328,29.388687548390134,28.96329580058938,28.76672914447228,28.372194633584357,27.683988753836168,26.452093071853206,25.7935839674196,25.064268856629663
29.265970376627997,29.21455386964206,29.38940009213512,28.96535719591803,28.767592785110647,28.373237158186704,27.684841696434646,26.454160138640617,25.79442201018469,25.064924582221245
29.26740201535033,29.215778744728695,29.391168743994008,28.96740571219553,28.768773505797558,28.375905452291473,27.686295301824163,26.455095320387876,25.79476434257377,25.066055345152037
29.269230567716768,29.21757839695266,29.392519621716886,28.967763856310675,28.770397546107432,28.37705826014218,27.68832833493267,26.456677303170395,25.79682116574414,25.066249488541317
29.271017845359573,29.218536913678847,29.39390353894826,28.969364342770998,28.770748284267,28.37837391367252,27.68829022418788,26.45812649806022,25.796851112098196,25.067472232386837
29.272498598748694,29.21985650938593,29.395381435512284,28.97151637487978,28.772538954471077,28.379978678754757,27.689730935337483,26.45949566761324,25.797374550263406,25.068402024495256
29.274121332704087,29.221319135764073,29.396813792253113,28.972447716007437,28.774599837295327,28.381800192735824,27.691921613918357,26.46152532279934,25.799012302586554,25.06848057310181
29.275643200805753,29.222330257299976,29.398541437759178,28.97421044625799,28.775254514122402,28.382883828281635,27.69139048424485,26.463652674798944,25.799217164817783,25.068556714187306
29.277587783761195,29.223966233135606,29.40009020587984,28.975015008596895,28.77611127104526,28.384601762008607,27.69285029044047,26.463988135947858,25.79966529590022,25.07026410511291
29.279059056413146,29.22552963906849,29.401766414294087,28.976340561873805,28.777802179665013,28.385982094672706,27.695362739002384,26.465479042339325,25.80082476958491,25.070510447927482
29.279812840499623,29.226754907645237,29.40365805780964,28.97848903673312,28.779097905372918,28.38779091740286,27.69486357919474,26.46797433358043,25.801248423013632,25.070315045559685
29.282062296470855,29.227822396385797,29.405144874277408,28.979314850924396,28.78068175746421,28.388644761149262,27.696805720961216,26.4690014223323,25.802903174446236,25.071957356381102
29.283902373745523,29.228798444149536,29.40701981594532,28.979982952895163,28.78225287855429,28.389989644343284,27.69693315935931,26.46991167317725,25.802551232801783,25.072178183870413
29.284691680993944,29.230921785374335,29.40803891737399,28.981671185357477,28.783966241879497,28.39019486157455,27.698003027495627,26.471944293140837,25.80341046261292,25.072239692445322
29.285527343474072,29.23197347590691,29.409121872092957,28.982788732550524,28.785774395100884,28.39221933694311,27.700062269090605,26.474126694890685,25.806074487241478,25.074291860925268
29.286996111293128,29.23321290176453,29.41106473258659,28.984567754961855,28.786753810476196,28.390507558429768,27.700785886132362,26.475798374557485,25.804695013010747,25.074084872599457
29.288560645706973,29.235025460142552,29.412400789459237,28.985643988996635,28.78797599511318,28.391451143332986,27.702299055452478,26.475933026147626,25.805318131237453,25.07463522184665
29.28883537654054,29.236070681675926,29.413540062365406,28.985996583918812,28.789519967990206,28.39330808119022,27.703093687396127,26.478182176898073,25.806920769205654,25.07470725288341
29.290133789871795,29.237378416200677,29.415171231531385,28.986775345556662,28.790466893882446,28.392113085265073,27.704002539206506,26.48018962040571,25.806001137302385,25.07462386553081
29.290726279348597,29.240147443943187,29.415840709034494,28.98916148448354,28.79255201590082,28.392239047959812,27.704488380567813,26.48130502862607,25.806569486993958,25.075951029779667
29.291563286492206,29.24084380962761,29.4175960055327,28.989497172136463,28.793795291695442,28.392977402722202,27.705693940494292,26.482696806902144,25.808439183893025,25.076237959358224
29.291786536788603,29.24215898077556,29.41775817123602,28.99040366539443,28.795751348580467,28.394179054359284,27.708026411637135,26.484282829292045,25.809283529928205,25.076525016711813
29.293595699969806,29.243996669868654,29.41944063870528,28.99300463208217,28.797154662420045,28.396177410985896,27.7080461953487,26.486157318956437,25.80942271041986,25.077873731974265
29.29447119696798,29.245197599489533,29.42077045112307,28.99310457686991,28.798104525820275,28.396353892572733,27.70843517715339,26.487514479780042,25.809762177296037,25.077895249015555
29.294910085703986,29.245984066503578,29.42107690696996,28.994060457765233,28.799912385290295,28.39542305078101,27.710521675967897,26.489548927293285,25.810416529229194,25.078177782089433
29.29655110973991,29.248430859980736,29.422665844160704,28.995875761691423,28.801681332956328,28.3966489162337,27.711642743558503,26.490475067818814,25.812246371527916,25.078768183971874
29.297317307341395,29.249500218171566,29.424312790049484,28.997014979331908,28.803420111567103,28.397779119067096,27.71310208449776,26.491976960611247,25.81109669014444,25.078794306571833
29.297802212925465,29.25106101035216,29.424704685684816,28.99819690117421,28.804402326018433,28.398249619152978,27.71432103240915,26.493369799989598,25.812133702119823,25.07802887679312
29.29889364118317,29.25254440511601,29.42622994840891,28.999220258807842,28.80564473469669,28.398779588237968,27.714190250868455,26.494691470758788,25.813935350393095,25.08009493718845
29.300657907605792,29.25362589434931,29.427562153718743,29.000387508977525,28.807561744162967,28.399928629326435,27.716364019944663,26.496548914692944,25.813382082184862,25.079927234898566
29.301590622734288,29.254942386041982,29.428324795031656,29.001434299486704,28.8090196970223,28.402366529036414,27.71665644405312,26.49756502588888,25.813784037691935,25.080089801194916
29.3019981594892,29.2558061090251,29.42956411750337,29.0027416327587,28.81046297876029,28.40328766879449,27.71727273683225,26.498579375430293,25.815758097495,25.079784173711847
29.30315922207591,29.257624401138898,29.431310714382228,29.004877554135557,28.812107252821143,28.403600711480927,27.719127522491725,26.500636177933682,25.815052376557922,25.080790394871734
29.304970723494304,29.258045225199623,29.432035051891635,29.005671404483962,28.813723780882707,28.40512283151042,27.72004602629349,26.50157363505729,25.81519772400981,25.08126091296498
29.306636134262646,29.25919129080198,29.43357708772706,29.006256075712557,28.815029468636993,28.406361854911,27.720685474922867,26.503899771801738,25.817704559344445,25.080727111308114
29.307262495012843,29.2602984451472,29.43537617224145,29.008260444419,28.81664711378498,28.407204336661366,27.722421448668694,26.505361352072747,25.81795802569586,25.08198966212714
29.308187812669388,29.261437681723553,29.435683158702155,29.009818255947785,28.817383117376355,28.408477450451635,27.723222689230326,26.50611634300896,25.81771583950543,25.083866217119223
29.310228644395508,29.26303260421424,29.43800308334232,29.01021159595143,28.81978418457357,28.409297378565288,27.72444134916342,26.50769163013759,25.81811492399553,25.083520288025632
29.312237532341715,29.26365080477471,29.43889136350684,29.01145752708786,28.82242399188418,28.41045671386398,27.725259227761143,26.509631003041907,25.81961112112458,25.083221600132273
29.313978236171234,29.26441027987064,29.439848096981063,29.013640246064284,28.82305390863728,28.411211614220658,27.7266493248645,26.511234300486915,25.820210662074018,25.084881014765212
29.3154851792894,29.2653881827746,29.440876443770968,29.01465551014023,28.825256925928592,28.411913244520903,27.72665557451678,26.513049568966274,25.82085564006711,25.08570696235055
29.31620246000948,29.266938983432034,29.44184251104996,29.01492496808907,28.82583426838966,28.41245638063622,27.72781435117293,26.514440071231316,25.820198488883825,25.086398259438603
29.318228598553144,29.268646304715446,29.443895592195247,29.01649134352702,28.826787225958622,28.413764889143906,27.729857263913296,26.515471187459397,25.822167071339145,25.086411801669083
29.319658490758414,29.26914127845961,29.44455306768195,29.01836436810674,28.82939905489108,28.415013511159216,27.7302216954002,26.51572569667711,25.823376681956674,25.087056787552587
29.320687730346986,29.27085084654483,29.4449283500165,29.019737458996502,28.828825684728336,28.416257818854454,27.731197916214164,26.517887519812152,25.822860016481954,25.08805900345129
29.32228703313074,29.272385899720284,29.445858808641866,29.020001607308757,28.82962634593384,28.41761248289197,27.733281582416303,26.519356149908848,25.82491664979051,25.08839315004031
29.323099884370173,29.273420064491745,29.447679583431395,29.02169133770564,28.83231159126554,28.41853293282481,27.73411863654466,26.51961219774997,25.825609218226177,25.089522602018445
29.32519985060396,29.27516487926889,29.447872785015736,29.02383961777272,28.833029936401545,28.420454086500655,27.735512492645988,26.521448318239692,25.824781228180154,25.090362083444155
29.327000500699526,29.277236495334922,29.44877031897752,29.024766949194472,28.834182516692223,28.421603589552472,27.737578126569407,26.524027357514267,25.82605263676205,25.090649296861468
29.3279793418506,29.278318090436585,29.449814229392377,29.026649962953137,28.835405538324167,28.422825331718613,27.73710374222919,26.52515008662746,25.827623091939145,25.091883874241596
29.329318505091656,29.27987781471031,29.45080575307083,29.02792984480683,28.836580775916335,28.424435713533818,27.739677817832597,26.526257073785487,25.827590362041818,25.09267650289292
29.330514167386728,29.28170313691136,29.452237386801144,29.02863053266135,28.838288781616637,28.424986800793157,27.741032015697577,26.528058879488448,25.82804046323353,25.092651036407247
29.33232189596525,29.282914482540143,29.45312517485447,29.030067050536257,28.838874224048286,28.42648140500092,27.74214254527677,26.52907676073433,25.830225894799256,25.094002268169803
29.3341016740959,29.28479116411449,29.455091262086057,29.031659328685503,28.840315306299473,28.427116695333613,27.743417449348243,26.53031577555929,25.829749075920017,25.09482959823774
29.33544813336958,29.286363821915337,29.45685078425999,29.03352438715432,28.841213707773555,28.42875531375359,27.744669933751076,26.53158946928507,25.83010878274496,25.0952806015096
29.33706850262583,29.2877240357805,29.457300185949457,29.03437994748272,28.84152985602166,28.430215947340365,27.745364295685036,26.534008683617397,25.831665167786248,25.09672817218997
29.337954105665634,29.288735236608865,29.45767596356344,29.034635573651634,28.843363058077415,28.431764318072823,27.746781256458014,26.53421199603937,25.83197357674969,25.09678034774214
29.340264166105765,29.29067082930617,29.459327606038915,29.036399337096007,28.845058293214116,28.43365387137858,27.747923651747108,26.535224571650048,25.83320498087279,25.097090041349148
29.341489805517114,29.292384330204833,29.46064966045148,29.038673223241407,28.845005396057463,28.434468397641833,27.749997065434414,26.537057763524217,25.833794411077765,25.098857720181833
29.342977347361916,29.293501940121516,29.461714377743927,29.038852210872715,28.846063443373527,28.436098696160293,27.750666647081175,26.537673950439164,25.833747153268583,25.09902992567881
29.344505467517262,29.295548430561414,29.46321323792838,29.039953696622874,28.847508019930174,28.43683499056166,27.752011685197566,26.53953664372805,25.83543432404253,25.09948004966877
29.346148184337245,29.29670905046345,29.464458128364083,29.042146981342057,28.848044163649597,28.438100211249633,27.752952137272167,26.54030052718594,25.836148434086887,25.10145347715886
29.34786919930452,29.297674474225982,29.46595175438061,29.042623695782417,28.84925707113387,28.439882387906955,27.754252209886417,26.54181808186898,25.83646332323331,25.101720171673392
29.348744027810202,29.299312354847675,29.467111862729936,29.04322168929629,28.851230242525766,28.440919288479126,27.755059422670527,26.543712213192315,25.838065021967967,25.1023651659241
29.35025013471801,29.3012782383021,29.468773361572453,29.045117841491685,28.852070213749222,28.44211480001244,27.757106761189135,26.544295671131586,25.837886525708974,25.102446052302717
29.352588835884696,29.301540653364757,29.470269719805774,29.046434514766144,28.852478402461866,28.443183020053894,27.75829031022579,26.545534756709294,25.8390319287738,25.10372274216714
29.353943824425045,29.30373883139053,29.471677731963943,29.04737165792969,28.854185571667447,28.444956298167995,27.75864548981556,26.547143339151788,25.83997463331081,25.105383887322652
29.355547528044077,29.304649561472207,29.473949767775597,29.048500541241637,28.8547773575119,28.44622035333481,27.76087198735926,26.54797496271323,25.84039498035606,25.104233339008037
29.35688221397924,29.305315227320385,29.47519848356452,29.049727894816325,28.85594006606318,28.446767748861078,27.76237953084321,26.55047653379249,25.841348901569553,25.10517839861461
29.358528769208704,29.307366919748507,29.476706702266103,29.051220561704447,28.857861086532353,28.449041646495466,27.763853622020243,26.55154718534248,25.84225536214506,25.10709693944168
29.36044820320102,29.30825513934185,29.47851486269466,29.05291475112788,28.858531661400725,28.450309016579993,27.765250132824868,26.55169069301783,25.84190328249292,25.106163967694396
29.361520852250884,29.309309805852955,29.479394715390185,29.054262387862686,28.85990423135931,28.4521013615003,27.765892078667022,26.55338857386239,25.842524811245575,25.10593103341559
29.362917042726746,29.311393949095205,29.48132932394699,29.055688467053933,28.861120075571655,28.45378046300732,27.767322408941858,26.555890364459653,25.8430250231606,25.108292948572497
29.36489219253164,29.311563960944923,29.48179149227821,29.05639266115532,28.86141632228425,28.45401791083753,27.76892815983807,26.557245532124178,25.843859831056776,25.10675339004787
29.365801036255313,29.31240890664165,29.483435953348295,29.057389222960616,28.86251807707232,28.455531058446514,27.76988297388516,26.558140523138395,25.84467320921773,25.106430636992716
29.366916535213075,29.31487501423384,29.484392320516065,29.0596689634509,28.864339322291425,28.457362503531662,27.77063316655981,26.5593130927574,25.84534346434598,25.109007765840442
29.36846495788984,29.315740808448446,29.48601661235216,29.06079412613534,28.86541128558965,28.458919714041055,27.77206855311304,26.561352510201267,25.84581547137087,25.10852379304913
29.370148986499274,29.31663058144874,29.486983882830916,29.062531703062827,28.86695112098666,28.460015044189355,27.773448437532387,26.562942187470387,25.846277860064934,25.107517165564964
29.37156574588834,29.31783102043343,29.488822957675048,29.06477609269129,28.86781553824668,28.461983249952183,27.77461240341085,26.564005068612527,25.846596995690938,25.109710201220715
29.37281750280728,29.318817806696558,29.48965617614126,29.06525966377231,28.86923661194283,28.463175250097116,27.775349708619924,26.56539125778799,25.84699466046174,25.110602415255375
29.37440742549324,29.319650308725194,29.490387582915986,29.06629837422098,28.870509865016828,28.464651562666546,27.776824559205945,26.5671417859064,25.84776211987947,25.110116254335612
29.375643951580695,29.321713259683637,29.492042753366647,29.06801140822175,28.870807140885756,28.465111457985227,27.779048611287678,26.568838087977586,25.848350507379173,25.110882942406995
29.377745245963713,29.32184918943577,29.49315851521211,29.068223996373035,28.872748931344226,28.46719253922434,27.77966860123,26.568820312542254,25.849732031560567,25.111716698471426
29.378893957088188,29.323021519183563,29.494961949839418,29.069313848653433,28.87364849468419,28.46836731026685,27.780047432446764,26.571062578430528,25.85027109352773,25.11163539275603
29.38031551342884,29.3246475125089,29.496919146145544,29.070601634124465,28.874574818928778,28.469907723227273,27.781809729961484,26.572224285119287,25.85118829060925,25.112600859163564
29.381544917588705,29.325713897200224,29.497814145075058,29.07171395965543,28.876606439745203,28.47149897121573,27.78338990057831,26.57286823608056,25.852152395710544,25.11280546917145
29.38343015197507,29.327479207361726,29.49963819272729,29.073213375996872,28.877569589895135,28.473150556464567,27.783891167433488,26.574586331757317,25.852709647161745,25.113942592515563
29.38454588927657,29.328346507567524,29.501130851626662,29.07472854051118,28.87845716218621,28.473673447703693,27.785548696292782,26.576160545170247,25.85371740337856,25.114779948760393
29.385856847070514,29.3296583009659,29.50264545565846,29.075263033034084,28.880456863313526,28.47543677393319,27.78527472721702,26.577709392224907,25.855133806527864,25.11375770544533
29.38670408780378,29.33130390386834,29.50342612321068,29.076374428009704,28.880570905768806,28.477457806278302,27.78728655036854,26.57838982671977,25.856168083276255,25.116548336594736
29.388043953828213,29.332309855139158,29.50519881670241,29.07769879149879,28.881945906507074,28.478037660295104,27.789049472369534,26.579096061399685,25.85561013127276,25.116973281240362
29.38910236141591,29.33345366218573,29.507122731681253,29.07848844417638,28.884412056336444,28.47955539196839,27.78869933513659,26.580883530065496,25.857158033305907,25.115749933495593
29.390804459188615,29.33419048268685,29.50761679297257,29.079830498152553,28.88503097713095,28.481790906855558,27.790659850509222,26.581736716635227,25.8584359506005,25.117583702298774
29.3914748163101,29.33571355008693,29.509515092261882,29.080650812871095,28.886073481238252,28.48342997064534,27.79165932752115,26.582990587757813,25.85895287779467,25.118723165722155
29.392341316229537,29.3369861866164,29.510836030367194,29.081430162658812,28.887413979407835,28.484162729601913,27.792542277152034,26.5851149322734,25.859745004214403,25.118708427795156
29.39435810102937,29.338768626568093,29.511769001025225,29.083490409927567,28.88821199454092,28.485607134042915,27.793640968853282,26.585622320118407,25.860497025110647,25.118597398989163
29.395992461920724,29.340021713226673,29.512643691179292,29.08452176690909,28.889309357961316,28.487940583087898,27.794648355395832,26.586714265131327,25.860664141434544,25.119501857511445
29.39616503232238,29.34181409383055,29.514429242750033,29.084890473783584,28.89075556200698,28.487959063907084,27.795460723032782,26.587613203583537,25.862461939210366,25.120262960467393
29.397225977768237,29.343061435995644,29.51456061732256,29.086596893448764,28.892076933879196,28.48938623157052,27.795412985515995,26.588622587655507,25.86240850203007,25.120639634715104
29.398523028731187,29.343670169603328,29.516445397491605,29.08822323213501,28.89341463265161,28.491693444647098,27.79752876030831,26.590036481515877,25.862867299503854,25.120498760167184
29.400015674402734,29.345436822655294,29.5171667993389,29.089538342799944,28.895680106415426,28.49249159484922,27.797691946296407,26.590696925212338,25.864015967225285,25.12170044700141
29.401092022394764,29.34687694583338,29.51956497972603,29.091056882590074,28.896084337782394,28.494431056535852,27.7996225348597,26.591673964578753,25.86478507983403,25.12273201352473
29.402404193959892,29.34764250820207,29.519925294163546,29.092347126848587,28.897740923869147,28.495598328568377,27.799052471210793,26.592158694949852,25.865405194734457,25.12252546557621
29.404455724952804,29.349157655184236,29.52079090461639,29.094183769222948,28.899235144177045,28.497200455620437,27.8003854973513,26.592849279762454,25.865885256265987,25.123077923225562
29.405172421187324,29.35009378453802,29.522471763876432,29.095916831336442,28.9002461462985,28.498275733770477,27.801864453342215,26.593959811579488,25.866564857625374,25.12524881961231
29.406120071521897,29.35233523841451,29.5233837546424,29.09687730968589,28.902613274613632,28.50033495658767,27.802157072779742,26.596622632241083,25.8674722153696,25.12516444245112
29.406590819026412,29.353679935275103,29.524534747730293,29.09848588139002,28.903357164566362,28.503413783741696,27.803407551468826,26.597180542454474,25.86839918651201,25.12543166528104
29.408322807441568,29.35504081084703,29.525522833920654,29.100239609857482,28.904684027823944,28.503066905719482,27.804974197102666,26.596899661161018,25.868626564816037,25.127236690697337
29.408068209326075,29.35660357900765,29.526627585613117,29.10155014419189,28.905782095126824,28.50339253133997,27.80427196883839,26.598515842921234,25.870126937789216,25.12675359414656
29.409558853769795,29.357719988696225,29.528245774528234,29.103683174217934,28.907321307728285,28.506144955639122,27.804890725967255,26.600025000277423,25.87116170761885,25.127330128866518
29.41158197052339,29.35914905104387,29.528893658865787,29.105014631566668,28.908358343969084,28.508035017376283,27.80716055313963,26.601094523352764,25.8706107085911,25.128633023804166
29.411424050746476,29.36061320189808,29.53024858052948,29.105868485173367,28.908840518048034,28.509082657815657,27.807959467387498,26.601621613512144,25.87166911967127,25.12954738188013
29.41300734631968,29.36225202091699,29.532487089045446,29.107548571537848,28.910903913411815,28.51123052110576,27.808352075125487,26.603875366047383,25.871733275526125,25.130417207161095
29.41503498282846,29.36346354657417,29.53353881750241,29.109495946150346,28.910799816750043,28.51240783344018,27.810095271667933,26.605430030462507,25.872825651472414,25.13051691132716
29.415390341609815,29.365238455898044,29.534736935139087,29.110683360528718,28.911717461007566,28.513473611668726,27.811896695160982,26.605192223472727,25.87300399188377,25.131238357334254
29.416724744628596,29.365180211446198,29.53612623602747,29.11139764659967,28.913245298265853,28.515220109532716,27.811816781745314,26.606034732312356,25.873057451889714,25.13292763641118
29.41785551914151,29.367594079520245,29.537144443177937,29.113991693236123,28.913905116801434,28.516676952943328,27.813819399877087,26.607708976544195,25.874472717018936,25.132860338657814
29.419257685708196,29.367860747220607,29.539512881114376,29.115013146762145,28.915817173998768,28.51836567114575,27.81504772005501,26.608186588051332,25.874989346483783,25.133091269834694
29.42095048545291,29.368795111655864,29.540583738553114,29.116288302622987,28.91833278395858,28.518831029698525,27.814984260054846,26.61041831988525,25.87480743720831,25.134660583684926
29.422162723734324,29.37147112994225,29.54174284804488,29.117778873701454,28.91893810269518,28.52096530005806,27.816898235080064,26.610836755311936,25.87606891161924,25.135960971024787
29.423445096402542,29.37280688287764,29.543339807089765,29.119036580932853,28.91987962552093,28.521260388359927,27.818174807215645,26.61107114425836,25.876729109319513,25.13623722803016
29.425150985274193,29.373593900775003,29.54422897734048,29.12087274034036,28.92109548698805,28.522260097557286,27.819332844355216,26.612756989338166,25.87658360733421,25.13668237852148
29.426293185019453,29.374737937641626,29.545559136691487,29.122129998644475,28.922641094536875,28.524662875073496,27.82151108792614,26.61258551197958,25.878322856709847,25.137843047849167
29.428416398105362,29.375831984324343,29.546695351112806,29.1238724968551,28.923878131733073,28.52600842125636,27.82122104104946,26.614888880531744,25.879187894463595,25.13853951678061
29.43002347498151,29.377171384718956,29.547949695671186,29.125995370844837,28.925636358289537,28.527307030417802,27.823186385654573,26.61607147745801,25.878167507842402,25.139093962689195
29.431215082501936,29.378877594144477,29.55016020477214,29.12732955363866,28.926193859306327,28.52817461340408,27.822944328660103,26.616099422283433,25.879446901406805,25.140094806963546
29.43233026157936,29.38038107917538,29.5512748867162,29.128104527186256,28.92703137323919,28.52932441245995,27.82295497454788,26.617817316514657,25.880982753558843,25.140519063452835
29.434117818289344,29.38087172047129,29.552105423759457,29.12987414486111,28.928171979770916,28.53008228543424,27.82502846513446,26.618604271589565,25.881080642035506,25.141834570027015
29.43562521937194,29.382390146303948,29.553510868010807,29.131817132578103,28.929728737108835,28.5311210655914,27.825698296475156,26.619851797023628,25.88221954997558,25.141755978712908
29.436696959307717,29.384129801629328,29.554999448822585,29.133883953872232,28.930676228279776,28.53316563896839,27.825521703452665,26.622056779477035,25.88300987186923,25.142368352992285
29.43804375436961,29.38522280977761,29.556759861792614,29.13503644044176,28.93225562003794,28.53474672379297,27.82709455832744,26.622146795324724,25.883547174341587,25.144715349765292
29.439237556499776,29.385857379286612,29.55814117302967,29.136207087672847,28.933866032996054,28.53531072027474,27.828377538739577,26.623640194554863,25.884251024573082,25.143395281984546
29.441470037828417,29.387068374738302,29.55849638345613,29.138260775849673,28.935333559583768,28.536422115411227,27.827403661266082,26.62560181384212,25.88457002478664,25.143044302801968
29.4425854514986,29.38882375109662,29.560415020220102,29.140024106525054,28.937019378225088,28.53850299468288,27.828655297521525,26.625870275406783,25.886603962185895,25.144460972828064
29.444252391249293,29.3909344165928,29.562354820427164,29.1414847651852,28.93771943517583,28.540371550401478,27.83106913063369,26.62659894956751,25.886628116980333,25.142830953739196
29.445566414252745,29.39212674353567,29.563229067943176,29.144102019149372,28.93885827219566,28.541091161896116,27.83097468857608,26.628612515912593,25.886644537350577,25.143929035526664
29.4468423749024,29.39369199476286,29.564838680351016,29.14574681803703,28.94104564807156,28.542686930793664,27.83260857947221,26.629663975576552,25.888160641166312,25.14614876686923
29.44807980371147,29.39516405216624,29.56610384890269,29.146811513526178,28.943027591165148,28.544505118372854,27.832999021633576,26.629361885127466,25.889213800369106,25.14555120056841
29.450137956817763,29.396525275421904,29.56802304664828,29.148926503310534,28.943796871011468,28.545330639443115,27.833422268168455,26.63112223295841,25.889034459497488,25.14525993929916
29.451517817825447,29.397882799403725,29.569639578380222,29.150080568458225,28.94575971249539,28.546781085085414,27.83453927036654,26.633349494626458,25.8905801357907,25.14665579074936
29.453069263304993,29.399888015577304,29.570551596167583,29.152379292223237,28.94651322844892,28.548593014154832,27.835837225129406,26.63283834362792,25.891847387572042,25.147366071910326
29.453749463463474,29.401775119005503,29.57283874596468,29.153559784427703,28.948377916861794,28.55062404605057,27.83701284279482,26.63417697164048,25.891866315457357,25.147399954512014
29.45544236307933,29.403009624455507,29.574372010108156,29.154845297831958,28.950358840729017,28.55164360702505,27.83695053318236,26.63530192849914,25.892840910308333,25.147752172083223
29.456714187956734,29.4049594718576,29.575667903966355,29.156698086228516,28.951558260124028,28.55228401715976,27.837713285082444,26.636307346475114,25.893736442640506,25.149615374320508
29.457897554263127,29.405757401002933,29.57771312226974,29.15835518904658,28.952492361481465,28.55447539097472,27.838628556576737,26.63770599140684,25.89397970083967,25.150893606025978
29.459665451884828,29.407569577605823,29.57904674522581,29.160386029634715,28.954026042091392,28.55582875911874,27.839946955579776,26.637439661109692,25.894564581042584,25.149566490248
29.46152842231845,29.40936337490531,29.58084557542197,29.162299143018316,28.956141923564612,28.556424913067673,27.84069060121634,26.639428821811904,25.89568605776133,25.150446352508737
29.462778176741722,29.410510478837413,29.581852085118612,29.16237790835539,28.956560012893572,28.558325730580435,27.84191970301807,26.641324960008387,25.89782050620887,25.151956865756265
29.464162690866583,29.41259820817331,29.5831425387723,29.16479152835493,28.958100768539442,28.557227563608155,27.843251867838873,26.641421201604892,25.89686339928174,25.15134898294169
29.466245427743253,29.413481237776725,29.584505933206984,29.16541829956337,28.959666174913306,28.558908505663325,27.84499681681321,26.642700348888187,25.897638086173124,25.151522133648765
29.467871892006258,29.415287657539007,29.586137161568466,29.166018281947196,28.9607848416196,28.55952698007462,27.845794717866504,26.643726811686122,25.899171382736576,25.152889901914083
29.46889922393386,29.41697179613829,29.58619947175732,29.16730940929948,28.96184799995222,28.560216123493145,27.84650084275828,26.644959409535332,25.899393066308605,25.153013882275342
29.47117191261176,29.41701421427336,29.587762019224666,29.16749046117697,28.96316552364016,28.561614331807696,27.848073745274334,26.64602377697522,25.90095596717413,25.154061716411803
29.473012617688692,29.418072229594465,29.587541600555213,29.17007805854798,28.964992227017984,28.56208325677575,27.84867149534785,26.645698860122515,25.901420538440743,25.15457799828853
29.474403000516652,29.419191691781826,29.588667526235525,29.171442496594658,28.96520275451678,28.563491751724204,27.850536952893062,26.64764071902453,25.902044858745406,25.154880588639855
29.47574409883768,29.42014821330045,29.588610686883925,29.17180094160755,28.967335378130254,28.564433042679298,27.851841938901636,26.649140970128514,25.9034496516703,25.155863606056535
29.477183925245978,29.421559985288805,29.589480212074754,29.17441018542529,28.969195524479385,28.564844716391498,27.852923798313963,26.65011155095167,25.904351746953594,25.15643094901973
29.478930035145666,29.422322217546387,29.5902925666971,29.175834968453568,28.970201317672903,28.565768357166405,27.85356885252101,26.65017777729635,25.904523012524745,25.15623886609805
29.480032893132964,29.42269768704515,29.59100803726232,29.176326386373894,28.972101043236545,28.567294825435944,27.85536095357584,26.651843305598995,25.905356651841434,25.157747163524196
29.481721332824968,29.424339026748587,29.59182646948848,29.178243940048546,28.97337719580536,28.567798893670716,27.857269389034425,26.652781965216032,25.90673740977025,25.15880144429112
29.48331392429992,29.426152090433355,29.592596786695324,29.179247392385808,28.974370656456358,28.568860110635555,27.856212639827618,26.65404747254709,25.90712420649286,25.158273920887503
29.48503632642824,29.42769069556706,29.593194617313003,29.179678399842544,28.97637318097727,28.570023054523052,27.85848428053146,26.655195775837562,25.907090214636376,25.1588945570536
29.48614650310272,29.42861129554359,29.593908118625013,29.181255569838473,28.97788284532531,28.5716881260889,27.85901793392531,26.65632917832788,25.908294571515516,25.159497867274325
29.48769864969007,29.4301308497406,29.59442807826185,29.18251875796594,28.9791816478711,28.572228130751306,27.86007907023609,26.658222725487235,25.909343965669002,25.160300240057317
29.489769868348958,29.429140302992742,29.59554182457094,29.18361667164003,28.981237248993075,28.573108175754847,27.862152442915267,26.65886726608386,25.909458929955317,25.161045125619466
29.490866330938488,29.429449539751324,29.596869144190315,29.184946888005975,28.98240656927444,28.57397313859871,27.861184794953232,26.65896824193709,25.909620927234528,25.161827638744988
29.492398107865455,29.431723018660175,29.59809547088551,29.185914657204407,28.98402468319372,28.5745579811085,27.86289751841381,26.66105986964861,25.910488628533074,25.16246295743774
29.493811455307505,29.43090206361257,29.598640103482616,29.18755447716961,28.98549899182257,28.575711959879953,27.865218590403348,26.66154835860292,25.912696434470682,25.16275722591029
29.49505849346317,29.430498194948903,29.599943067259346,29.189312253526953,28.987218749779018,28.577014764152494,27.865276666562053,26.662345210822934,25.910888901886352,25.164226948868684
29.496362360001136,29.432408873551886,29.600706803013104,29.190105895523942,28.987844266923663,28.578653440209877,27.867382596553746,26.662727042302276,25.911755683937997,25.16506450570366
29.497746704850325,29.431843693858063,29.6018166335385,29.191284003832116,28.99028361534304,28.57864123324768,27.86762869024287,26.663226029794384,25.913483747829073,25.165012719753406
29.498861114293682,29.43186811155112,29.60342406735854,29.19276311435311,28.99158755073071,28.580235929053988,27.867932777365635,26.666005659732626,25.91333912649312,25.16549189417047
29.500507194306472,29.432818196790148,29.604406900281703,29.193661684453936,28.99225486699914,28.582694761233242,27.86962492887197,26.666003443096894,25.913012515169317,25.166971327818857
29.501601288644853,29.43278519393357,29.605229557421126,29.194853638528,28.993848398104625,28.583538982905917,27.871041422255697,26.666541131373116,25.91434233224589,25.16785501293084
29.503715346833395,29.432782796006588,29.606523542399113,29.19636741305128,28.99528459049561,28.584128092196643,27.87016587079945,26.668082616714234,25.916307694429012,25.16788566050357
29.50386860294281,29.434353670264723,29.60768525626375,29.197677834326292,28.996692505667436,28.585707165391845,27.87187807443143,26.66901508381426,25.91675568314227,25.16916144930734
29.50483860339283,29.435037754707732,29.608922080623017,29.19805339585571,28.997854698493132,28.58771941498121,27.871584825348435,26.67027203055131,25.91638964983815,25.170781698914443
29.505806978895883,29.43536998681683,29.610271111605947,29.199733593791088,28.998914647655013,28.588076932763144,27.871973615729647,26.671964326128126,25.917226117544807,25.17154986113934
29.506818761052827,29.435918385093753,29.611182592906566,29.201140756661935,29.000732307224673,28.58932577274858,27.874183634456436,26.67259201049886,25.918554322976956,25.17148589485729
29.508375276902,29.437356649115614,29.612467955621263,29.20183933905775,29.000508599762238,28.590561792949977,27.875362127935354,26.673805310012394,25.919232263882684,25.17221314229221
29.509785526882162,29.438445518010028,29.613804622110887,29.20311981369084,29.001718575400787,28.592861261599275,27.875601778348408,26.67466139868713,25.91987769218299,25.1730173214207
29.51058681675731,29.438682216240338,29.61436548046068,29.20402634204287,29.00384892017552,28.593356033360855,27.875738217778153,26.675655382398844,25.921152394893817,25.17338041092436
29.512156755274233,29.43919899916581,29.61579931049848,29.20468000710634,29.004437370580632,28.594645352751282,27.87618427908205,26.676978745125144,25.921925278629168,25.175022877479606
29.514271902239273,29.440371305390922,29.616790071313076,29.205872942555487,29.005962335794287,28.596351203263435,27.87672371387998,26.678110855389832,25.922333023888218,25.175007323006632
29.515314786157802,29.44118763461016,29.619005949264245,29.207930544173358,29.006305275972224,28.59750326314831,27.87799274492835,26.679500191767698,25.923936137090855,25.175477964261926
29.515997540994658,29.442192930547748,29.620389923921007,29.20908138903062,29.007095706838705,28.59927317912003,27.87884920022611,26.68061943785866,25.925499545160555,25.176774762286183
29.51789808437363,29.442701840481313,29.620642138542642,29.20992940458785,29.00905556412077,28.600325820594136,27.877926951481776,26.680637240763772,25.926761309474603,25.17670816591638
29.519190884239812,29.443242684082698,29.622244002105834,29.211613778659146,29.010013660941112,28.60138187974817,27.880057033747434,26.682526666620298,25.926533512585415,25.177957462303983
29.520467471362565,29.44438845409183,29.624264381679243,29.21372040653899,29.011278748914222,28.603559127689042,27.88081467448381,26.683735838316164,25.927626453430484,25.17887636752112
29.521734748790788,29.44529718147272,29.62557916242733,29.214595723582327,29.012023473237676,28.604985497682875,27.881031241028676,26.684206279299453,25.929063753292127,25.178443711311846
29.52320480955656,29.446217609852724,29.62750438447008,29.215669364569393,29.014060963688536,28.60623152351546,27.88462880890201,26.68507208207123,25.929005368303613,25.179706422218516
29.524798110723417,29.447502348360047,29.628510127187848,29.216913043264462,29.015236392307386,28.60762088486924,27.884497846554453,26.684914018129522,25.92987184673524,25.180044997667828
29.525938526377338,29.44880416455201,29.630439839404495,29.218193716135666,29.016671877375867,28.6090381137645,27.88405063358813,26.684639392061346,25.93048699280965,25.18067297276464
29.527161400039418,29.45031009073344,29.631679523626833,29.219873237031415,29.01848688500005,28.61067055397712,27.886579123010577,26.685991228296267,25.93066580927129,25.18105928575022
29.527950173479848,29.45131859192277,29.633594844256187,29.220984812513912,29.01945285291707,28.611703021963688,27.887886673617935,26.688134073025857,25.930271612829277,25.181147979014536
29.529603917848682,29.45214834427205,29.635101058604985,29.222618849440778,29.02097931011545,28.613399424202846,27.887565891185258,26.688606949747403,25.931703460530017,25.181835766853055
29.53082746656633,29.45354717166515,29.63662007855667,29.22336759239692,29.022827257817458,28.614726451952816,27.888908033117644,26.688720411803462,25.932096041889476,25.182653035719266
29.5325472543586,29.454553594685446,29.637167059762355,29.225135440151256,29.02367315349219,28.615895107333735,27.88911172393405,26.690554542838967,25.932707011324165,25.182916021698823
29.53429393539546,29.455870200488366,29.639075597073532,29.226756324846956,29.025771713753873,28.617410952267925,27.88993368836154,26.69205615286044,25.93329721180855,25.184513146187776
29.53576933910326,29.457412019730526,29.639454624517025,29.227279862522284,29.026806253999247,28.61908384827607,27.892202532014476,26.692980853055317,25.933199907525953,25.184561691978082
29.536725150157185,29.458638498065245,29.640518002611774,29.228585060646438,29.02842073155755,28.6204066919981,27.89372699951779,26.69410788191518,25.93395251152563,25.18435935467181
29.53729998483341,29.459342921930766,29.642201470539952,29.22991408256348,29.030385612701053,28.621059602674045,27.89421591585218,26.69462262676266,25.934795622856267,25.186259365783776
29.53906889383849,29.460568033457058,29.642917635999137,29.231173058959644,29.030812137885604,28.622253576724862,27.896593063179637,26.695201058953923,25.93478536486384,25.185746555012596
29.538148861824688,29.462323602447373,29.644823850379623,29.232146499309607,29.03216612358652,28.624174441370833,27.896153696512012,26.697158827207925,25.936244564016295,25.186168965582958
29.53817495572622,29.462407214824108,29.64586884816605,29.23341826169225,29.033965311361346,28.624540318802993,27.89758943944594,26.69761342911397,25.936401129749598,25.187891771135305
29.539390870918794,29.4641730934813,29.647480740568717,29.235126190516112,29.03595028437405,28.626257855681743,27.898623598969575,26.69860218799994,25.9361578024117,25.187501018709888
29.53967481581397,29.465188311347678,29.64950055742638,29.236204875072517,29.037001065601764,28.62713797018349,27.900228665978656,26.699567275616445,25.937819491864712,25.186746348187405
29.54058929949428,29.465765266697183,29.65094211743834,29.237706200329146,29.038432751090077,28.628542784777512,27.900200777710683,26.699811856523574,25.937369555464265,25.189280037254868
29.541672057387352,29.467523659757937,29.65224592885548,29.238542094870827,29.03991834018068,28.62971145107675,27.90210111531646,26.701690341828474,25.938259063768555,25.186959245572773
29.542749294716867,29.46919959278118,29.653419955626106,29.239881490687925,29.041455842077617,28.630276656914376,27.903022506371165,26.702390095161537,25.938925534180697,25.18765275892184
29.543787662463878,29.470397001597988,29.655002741771753,29.241581509122657,29.040566636223378,28.631347787734104,27.903503324823163,26.703558587877396,25.939073789084077,25.19010812979818
29.544473403582305,29.47191957552375,29.656212678894306,29.242627514035732,29.04204103614909,28.63246651564959,27.90554704264722,26.70520199461327,25.940209189793837,25.188819484331134
29.54554587412876,29.473217531227483,29.65777219063841,29.243746626529003,29.043224560303848,28.633738116269328,27.90572919633455,26.7047951629046,25.94062853135505,25.188687487826805
29.54708864512865,29.475010713600824,29.65927269543326,29.244401467514777,29.04433263776619,28.63496168128365,27.905670648605813,26.706159330648752,25.941507371936957,25.190349050786036
29.548258038878,29.47604351472979,29.660884372846414,29.245732773214126,29.0463995593083,28.635647743163638,27.90815536169187,26.707588978022724,25.942912468919943,25.19080318311137
29.54911162037004,29.47755909993001,29.662391336077857,29.247087838181784,29.045618321411638,28.63773074453227,27.90857807570515,26.7077114563725,25.941456792887784,25.190553972590845
29.550250964602448,29.479259787284484,29.663352069731168,29.248725847003534,29.045625610364908,28.637790584907364,27.9095864769701,26.709611502949613,25.942519970195864,25.191355128767977
29.551306059037785,29.4800533945726,29.66497708888565,29.24903568970434,29.04738162570714,28.638327040815508,27.910297236026715,26.71095587705326,25.94497903789786,25.191577557494714
29.552258601578536,29.48193831451224,29.666310140558984,29.249862606272224,29.04762400166314,28.64011759370117,27.91008819299027,26.71082103509695,25.943920239846797,25.19224949546561
29.55363388973818,29.483407085788432,29.668707054994698,29.250548308456196,29.04768805968812,28.64052369745267,27.9123247454556,26.711444014567913,25.944591802640772,25.192065491508693
29.554674016147388,29.484323167418403,29.669436919943536,29.25181028397214,29.04915804278895,28.642312525023534,27.91333595104534,26.71296436899852,25.946755914602605,25.191943694653265
29.555994297064725,29.48616886397297,29.670554293760706,29.252313314014664,29.048845937076972,28.643427889626032,27.913878246810174,26.713874144280535,25.945568428707617,25.19298023727937
29.557613653461733,29.488099799667072,29.672762695758102,29.253302852075336,29.049821290162562,28.644657070511386,27.91533741970598,26.715302570982775,25.94598377750488,25.19337712016766
29.558120402266876,29.489119799669986,29.673919146583852,29.254339078291963,29.05099664296557,28.64508998665474,27.91711233309348,26.71526053362077,25.947661118129655,25.19277901294705
29.559238247911132,29.49000765772944,29.67585117220748,29.254564590115816,29.050650827218835,28.646216377419606,27.91767715535962,26.7155443967782,25.9477594095495,25.19399089311117
29.560511123400953,29.490874592643838,29.677095040797706,29.25493315847726,29.051262673119208,28.64497714079139,27.918428149600217,26.717360156477543,25.948179346433378,25.194935851341768
29.56220966102405,29.492573822168573,29.679061408355366,29.255961013645532,29.05317557983457,28.646259214231947,27.920837707543335,26.718486078250518,25.94902540650147,25.194571328071902
29.562717088499877,29.493222950724313,29.680619385019153,29.256800944048965,29.053773965836168,28.64682665373012,27.92184312255953,26.71821767600578,25.948275041381912,25.195514343311824
29.564017454961093,29.49437568513477,29.680929058215078,29.256483780906283,29.055283409690812,28.648465835095603,27.923506370448372,26.719562161826463,25.949225071420038,25.197072448989818
29.56432599735072,29.496109913678588,29.682981619265636,29.25712492581188,29.056036925856045,28.649146299955433,27.924253549279577,26.720794115443802,25.95130656452969,25.197295932302826
29.56561102263774,29.49671780810021,29.682275326489606,29.259710416079624,29.05737315579323,28.649804505866243,27.925634983287516,26.722506297170998,25.950520864283916,25.198331277201103
29.568052011592453,29.498822537850707,29.6823723928263,29.25971879320588,29.05874595861434,28.65175699275911,27.92659949441166,26.722405241465104,25.95116496105934,25.198761107502637
29.568471876027207,29.499305045587903,29.681515837595768,29.259353809636846,29.05984485272267,28.652527177919005,27.928429229692945,26.723113655544783,25.9525431570435,25.199410892489674
29.569164004824362,29.49983135665462,29.68021114303504,29.26139135405706,29.060753148677158,28.65284244715381,27.9299583149467,26.72445082977456,25.95171677474373,25.200460068105166
29.57128721800371,29.501407225516093,29.681199645698403,29.26252183220798,29.062251854616772,28.654303208850926,27.931066263272438,26.726108416243378,25.95343031527872,25.199994825880587
29.571846002191727,29.50313075393702,29.679636948798034,29.2629894744707,29.063146487999106,28.655251908730822,27.931885072411422,26.72543692117084,25.95440180394856,25.201446052325338
29.572621377262216,29.504438276115206,29.67809306628441,29.264435529128114,29.06447576610909,28.655266591211777,27.9332946394551,26.726267558398455,25.95420495585568,25.20324542469879
29.57459353357967,29.505811791871924,29.678592364149686,29.265627561458576,29.065863319001988,28.65641936386509,27.934903203905495,26.72885124764955,25.95558317234799,25.201688966578153
29.57637861181981,29.507634307305768,29.677016003363143,29.26655143176371,29.06693384734906,28.658570239067874,27.936198428667257,26.729032044840228,25.95559032329186,25.203023531684355
29.577233924094593,29.508756769152328,29.67494013600706,29.26769614364138,29.06876097343511,28.660621996343345,27.938257130294755,26.72917808954974,25.956346747063904,25.204379584018177
29.578822690573357,29.50991757886236,29.67447541850479,29.268675098292828,29.069794472948605,28.660835867283794,27.93754737970226,26.730906312265322,25.958386384754156,25.20434471938451
29.580952508988414,29.51159843236338,29.674522622550402,29.27036737571528,29.07123644407021,28.661913458752146,27.939361011451233,26.732651648549187,25.95822108458171,25.205247592409403
29.58196480232377,29.512425853131205,29.67431979146312,29.27185272822498,29.072661724261803,28.66330396326628,27.93938589691922,26.733051589709365,25.95929026849329,25.20560255603932
29.583000742677285,29.51427992173153,29.6734037580614,29.272637944641513,29.073666474797136,28.664431035270958,27.940928367105467,26.733853346569024,25.960719601365234,25.206669452176126
29.5845852718238,29.515828477437786,29.673190217005725,29.27385985868238,29.07527064939792,28.665625463823986,27.9426530601881,26.734506587825337,25.960599134475487,25.20677866611587
29.585907945187977,29.517569219887548,29.673558796633497,29.275288267155332,29.076514762216007,28.666261102594408,27.942867736013326,26.736243585029445,25.961532292498234,25.206383276876963
29.5868381166882,29.518474916767772,29.673189231413467,29.276624098903202,29.077599302007926,28.667492160498647,27.94395309719453,26.73611346126808,25.963037482447415,25.207488133078662
29.58855868621244,29.519756351439014,29.67332792653277,29.27785085643919,29.07881520748163,28.668757672658028,27.944566079513358,26.737386568235245,25.96318068874338,25.207994161824466
29.590400563510855,29.52155133595909,29.674514821202962,29.27903563278442,29.080609566582915,28.66998177991117,27.945458655102406,26.738717628760117,25.96389619125128,25.20871650148038
29.591097908996016,29.522669953539456,29.67511244687116,29.280626884270944,29.08205559023078,28.6714022997996,27.947391449814283,26.740110089584608,25.964435808576148,25.209986185176856
29.59292759261698,29.524125603008834,29.675283440830707,29.28232218291769,29.083282220528943,28.671349819912212,27.94776531062982,26.740627653153023,25.965571435519223,25.210285775717388
29.594883118393604,29.525648764624922,29.675666992458275,29.283438991594902,29.085450575804522,28.67330609383888,27.948986181740196,26.74115321386393,25.9664852706295,25.210601850760504
29.595570908502538,29.526575595837986,29.67610093415505,29.28442152132396,29.086926660356035,28.674804837590635,27.949585830366615,26.74260685045715,25.966878369828276,25.21117828068416
29.597211186609353,29.528031555153873,29.677411752786753,29.28598433920478,29.08847364516938,28.6758513704336,27.951179582226004,26.74332367037679,25.96772588776438,25.212184141046606
29.599335302390514,29.52946733955631,29.678436003132514,29.288463973211655,29.090217083690234,28.6773316586879,27.952574649775755,26.745120628140487,25.96958639128927,25.213002554970902
29.59992066848944,29.530953103331502,29.679159123094458,29.28966966996951,29.091487086249522,28.678984014007153,27.952948802872246,26.744385875719793,25.969458363424252,25.212714800861672
29.601682567903186,29.533044436735658,29.680312656954403,29.290777980794083,29.092550831924974,28.68064946147308,27.953337853094812,26.745926651860486,25.970217718241567,25.213752611408292
29.602410495862767,29.534785521984723,29.68073655641635,29.29206101687622,29.094492381201068,28.681336570662893,27.955470510179126,26.748435483339886,25.971474374644696,25.21546191712485
29.60413965724967,29.535027235917486,29.682657677637838,29.293817496693286,29.09553834059407,28.68280659555971,27.953586633160626,26.74909523815939,25.972530184496495,25.214409840169818
29.605615547508364,29.537528265480457,29.684333706326264,29.295327800314375,29.096986658696228,28.684118143404707,27.95499678768111,26.74989191498628,25.97242646052131,25.215072872764477
29.606687794282955,29.53858007827227,29.684627040806145,29.296372511407224,29.097798057606134,28.685478112705844,27.9567611221076,26.750369336263606,25.973013109677826,25.21657082075533
29.608454392444614,29.539770743496277,29.685535788952514,29.29686098267733,29.09997644411137,28.686178957469398,27.95689620896627,26.751319604676397,25.97371596264191,25.21681831984088
29.60887742375725,29.54091541081375,29.686959224224296,29.29883728656936,29.100642127029232,28.687903366681105,27.958844205711696,26.752229177722366,25.975334008746135,25.217004178442934
29.61043033468573,29.54256378293245,29.688571734497906,29.300472243224476,29.101731002962513,28.689128553622915,27.95932769756728,26.752343118703802,25.975992582638252,25.218156445411157
29.61250681076759,29.543977972572677,29.689766441560764,29.302801951326785,29.102374191823493,28.689782045142408,27.958233785288577,26.753829726135248,25.974706603958396,25.218600861128987
29.61305791900541,29.54545129309214,29.690038632323834,29.304613253275214,29.10436430438987,28.69213213560694,27.960321682972907,26.756031834845444,25.97512112936687,25.21875972654518
29.614271252596946,29.54620459910344,29.69166233412867,29.30470146835033,29.106051740041664,28.69270108658471,27.961260869365926,26.756324388382296,25.977238405826526,25.219253021978552
29.616312644696592,29.547864748405882,29.69244136574683,29.306172691281702,29.106408617497834,28.69421555572447,27.962023238125205,26.757285247785756,25.975880305187715,25.219977063182142
29.618014846605448,29.548124579534164,29.69358052007655,29.307046403840037,29.108524876889625,28.696268242847527,27.962938484642613,26.75718765287868,25.974616699362464,25.220126662606326
29.6186916121777,29.55031220253116,29.69508207564081,29.30855332022496,29.109264324825936,28.69753984025216,27.963915867754267,26.75911264401538,25.976632376204716,25.22163972993461
29.62065857188967,29.551623199842908,29.696499806852724,29.310111780095358,29.110719846116968,28.69817967623755,27.964422282448655,26.76011335656499,25.976743366873198,25.221826836448766
29.62228485963738,29.552002633042683,29.697828830293457,29.311239938851827,29.112901973040618,28.69935197311147,27.96577130305834,26.75928908286384,25.975816684010272,25.221994598186832
29.623000396227038,29.55436579753263,29.69908139387927,29.313116851859252,29.113086258786783,28.70168838260614,27.96717776010118,26.761694727741826,25.976634533631504,25.22353060418235
29.624692283334298,29.556189009470863,29.701190230366528,29.31406009457509,29.11436686401947,28.70298565757222,27.967486414822346,26.761545956706666,25.977535506220658,25.22313368828361
29.6260823824596,29.556751674705524,29.702377703355435,29.315613590037128,29.116302908510768,28.704122966922505,27.968386190309815,26.761644932391842,25.977408390562363,25.22278873687588
29.626912921276393,29.55850186956185,29.703980962823575,29.31677362427645,29.117092966055985,28.706367594992003,27.96966962860781,26.76382187369816,25.977560472671048,25.223297182002554
29.628006134233548,29.55975077920932,29.70581090003828,29.318549554413586,29.11775888208578,28.70769797839115,27.969199840498213,26.763978531174285,25.97789972579495,25.223932912406575
29.628661725506124,29.56072017454938,29.706878327323064,29.319906668183986,29.119820771462624,28.709021478829868,27.970413788811292,26.764856396170522,25.97819384812732,25.223881450942876
29.630393724826554,29.562440364049174,29.708234954646993,29.32104344216618,29.120064670230754,28.709894032815516,27.97182797197899,26.766632192510052,25.97930883604908,25.22267125773963
29.63154519881948,29.56401975589617,29.71082352720802,29.32292456528449,29.121821190225564,28.71169967080018,27.97214480314395,26.766085483516004,25.979060623293307,25.22511541889068
29.63257995355145,29.564771410668765,29.711947002271707,29.324157497751912,29.12372929065761,28.712095409733077,27.973044114541757,26.766919259142835,25.97966665946852,25.224287323893037
29.63385758830696,29.566192046112928,29.713534807569385,29.325229723677857,29.1248640192332,28.713846392951815,27.974459692883062,26.76642510911439,25.98051645039788,25.223697400920596
29.635331163078384,29.56771767372727,29.715214786830124,29.326889624106688,29.12608200947767,28.715213276006324,27.975198251655364,26.767117283890336,25.9804183574416,25.226289729677656
29.636951679660935,29.568370248573757,29.716195672072132,29.328777884022074,29.127793463320415,28.716886322140482,27.97524777633118,26.769775035706203,25.981435443979862,25.226291842185272
29.638532338722147,29.570587114969555,29.71832806946268,29.329842504093513,29.128338120860665,28.717905873491873,27.977683193386458,26.76969919395105,25.980943907426717,25.22508999018772
29.63996841145177,29.57173466424407,29.719053065616563,29.3311704745826,29.129157032526663,28.719884540392563,27.977794804577115,26.769060228172666,25.98154078608505,25.225759547787675
29.64136165936706,29.573196103441582,29.72009701906057,29.332089089293724,29.130896078411812,28.721639543564162,27.978711598361386,26.770399588107882,25.983723252230085,25.22694129653665
29.642824863833628,29.57341040324849,29.72216094745141,29.333826116061886,29.131385996259898,28.722243251236502,27.98067906355014,26.771474951085132,25.983381324032887,25.227077521762578
29.644643028113226,29.574935198690163,29.72329437279545,29.335706346898643,29.132705210812894,28.72379754919323,27.979879270948032,26.772146095927067,25.983526106100538,25.226206176208517
29.646176216151826,29.576917826385454,29.724846679356,29.336412939601203,29.134643028501102,28.72524135657539,27.98093279597742,26.77352484813508,25.98574373527333,25.227623963809194
29.647171563482782,29.578661047178887,29.726103900392587,29.337679020115463,29.134437030513638,28.727088565219812,27.982761946537646,26.774164472073096,25.986026441053415,25.229002066936808
29.64839273670977,29.579228581468506,29.727357548817142,29.3390417799721,29.136228807303105,28.727688900937622,27.983653011806826,26.774849381650117,25.986983493092552,25.22774239238022
29.650209555913094,29.58001337650262,29.72953947044044,29.340931513848872,29.136456812076318,28.729278188648813,27.98525598374588,26.77536961417527,25.988474331324177,25.227178377981474
29.651949326214183,29.582222495551957,29.730746730804086,29.342063712034868,29.13718064759213,28.73120386464071,27.98625659040358,26.776036667530924,25.987970989843436,25.229171453866183
29.65337539262711,29.582196632655666,29.731390081652847,29.343887582115073,29.13904962406052,28.731432868813513,27.987291912717865,26.777576822151048,25.988981348592368,25.229330339162146
29.654578685697874,29.583803413475977,29.733537732084873,29.344983770192904,29.14022857473826,28.73399945792851,27.98814295618395,26.777582376188384,25.989878200039257,25.22948573571757
29.6557774512174,29.58487003664397,29.73440207676694,29.345259908823312,29.141496171398376,28.734468947169383,27.988902884316616,26.77816289942092,25.98982115028974,25.22951515878176
29.65706944040365,29.585039812906846,29.736033294067596,29.34673665858433,29.14293667771295,28.735212906558708,27.98961550588718,26.779695264539022,25.991803922318994,25.230156801843147
29.65831590558096,29.58709085204177,29.738321408228746,29.34860234466003,29.143618195917107,28.737153138058783,27.992348799410536,26.780281692740928,25.991775938001915,25.23092117049316
29.660529555598664,29.588217990250605,29.739546327658367,29.349785562993343,29.14433034789885,28.738209421853604,27.993080928614845,26.780155469801947,25.992289545462228,25.23023547665252
29.660870767844614,29.588417795746146,29.74119398893615,29.350551258112773,29.145031965717894,28.73905862400575,27.992722682794586,26.780383565497626,25.994692407177,25.231233762268527
29.662195672284977,29.58986263026716,29.74331043115974,29.352624369970957,29.147432912068613,28.74044427249541,27.99451734685922,26.782705567045205,25.994847484990167,25.232973911890156
29.663347330495775,29.591414791970088,29.743960875203292,29.35270374606969,29.148860571884004,28.741925013605048,27.996036401029652,26.783861867699894,25.99507633340135,25.232535568498356
29.66447618726489,29.592144622590723,29.745891952744007,29.353553547143324,29.14889207209464,28.743075904666036,27.996008121663493,26.784642703215585,25.99670405397676,25.23224988770918
29.666045000235798,29.592695868707025,29.747359161619677,29.354355220560734,29.150675550787444,28.743869845925577,27.998347227537145,26.78522886212835,25.997154245535874,25.233812779598335
29.6667135874332,29.59514310562117,29.748200463841453,29.35614338477645,29.151998222219166,28.746433808012362,27.997108563109727,26.785357586856776,25.997091613465294,25.234123353262042
29.668584560900342,29.595638312915682,29.749881407389754,29.357501762073387,29.15265174394042,28.74803308165594,27.998073863315824,26.786349988689345,25.998350205708405,25.234535057229408
29.669782895771664,29.596811388366085,29.751829848456822,29.357826219971976,29.15395859821748,28.74845091793684,27.998511328419816,26.78808068745461,25.99876613554434,25.235365299887302
29.67047678633564,29.597548642885336,29.753895763480024,29.35880068031998,29.155649352803096,28.750845654779745,27.99908688844209,26.78855988011601,25.99983426043814,25.236257643054586
29.672176168796774,29.59871670843485,29.75584212176642,29.36096476341492,29.156483058507924,28.751368085473192,28.00140841195458,26.789710861793004,25.99992617643304,25.23688368770369
29.673000441661227,29.59995628324438,29.756944358276478,29.361552403771,29.157105957992577,28.75269671345816,28.001636765871645,26.7901093194939,25.999479678006104,25.236782725272864
29.67430824820198,29.600390223062824,29.75790095703417,29.362961206604172,29.15836856248763,28.753867826708213,28.00039497126472,26.791108063689194,26.00211576271824,25.237663955158606
29.676177989643907,29.600929735867823,29.759520682651967,29.364963083128423,29.157552422614266,28.75549296264307,28.000680996411052,26.79293252887978,26.00239596775916,25.238889428004157
29.67647176636001,29.60208160139231,29.7605775818999,29.365703493358804,29.15951931710523,28.756600031835056,28.003007247246963,26.792212660913194,26.00198436053807,25.238674450810056
29.677163627527833,29.602642159484095,29.762235558680636,29.36689959963172,29.161261013730133,28.757058657331775,28.004048174181584,26.79412966898525,26.003797943652632,25.23909664715099
29.67888679173472,29.60309771243861,29.763701203130655,29.368346251191447,29.16152265983652,28.759010527711947,28.00339389716651,26.794631808419428,26.004400086798913,25.24052310686642
29.68049101470172,29.604006297976785,29.76531938344464,29.370117809972946,29.16337007850054,28.760285305556437,28.00420232372712,26.79535179635672,26.00445015722937,25.24100049622353
29.681212774680358,29.605391229111472,29.767121992617565,29.37042760799665,29.165158127744476,28.76047833839322,28.004391398733336,26.79667890493672,26.00538077137613,25.24091898888029
29.681930362932462,29.606010303437785,29.768203000416833,29.370884201720745,29.165292737784604,28.761878828355407,28.004311719570726,26.79733339552277,26.006439215574538,25.242453904293257
29.684000561735033,29.60716922013557,29.769720748000328,29.372879171564676,29.167149935102167,28.762522521183232,28.00667820302693,26.799285997083814,26.00690007867916,25.242498543697515
29.68577550603385,29.608670117035505,29.772159038862537,29.37419229597291,29.16896698281857,28.76362147985809,28.007402750982845,26.80086153066989,26.006795481158534,25.242208737058334
29.687090584102837,29.610368030943096,29.77280793853225,29.375365897197042,29.169598760444927,28.763751297202248,28.007673370188012,26.80100869623853,26.0086294415491,25.243722325606267
29.688785522052513,29.611043572944624,29.773850896666257,29.376287316640386,29.17027186535561,28.765859188165166,28.009463284841996,26.802228942020694,26.008494684139734,25.24412441560414
29.69090767558336,29.611888156945426,29.775777584685848,29.377767004243076,29.172054120898228,28.767108061464054,28.009823607145144,26.802735726857936,26.008330555382923,25.24478481997719
29.69214658080603,29.613711397489816,29.777398146673157,29.37905052465265,29.174004565088737,28.767391215867168,28.010520945840174,26.80348081569334,26.01065034895054,25.245653216219242
29.693927568788233,29.615536748795463,29.7784971003431,29.38062583073348,29.174034993010135,28.76965281781952,28.011513666688174,26.8044375800375,26.010525754024872,25.245917488899096
29.695259815311033,29.616864980039953,29.77995621044328,29.3814459926058,29.176038382562158,28.770596617367854,28.01291787751512,26.8057064405467,26.010055034382482,25.246880707254892
29.69571304858697,29.617974244758365,29.7821536568676,29.382472510064733,29.176805570445353,28.771096964488848,28.014141212674875,26.806703844711315,26.011557724531894,25.247145103396903
29.69678602858712,29.61879986626121,29.784323469561716,29.38438997444619,29.178732469190173,28.772412625073613,28.014856266720805,26.80784412332461,26.01224509840535,25.248523913760692
29.698538322214514,29.62061969744402,29.785722557865686,29.3853410430235,29.180609213015423,28.77386121011209,28.015494398669798,26.808475061002905,26.0125572601315,25.24838991042557
29.699754998983472,29.622068543851103,29.786768961856055,29.386724439438847,29.180631980075887,28.774493571360836,28.01647494948597,26.80961075143779,26.013611801417053,25.2481233136913
29.701176353405355,29.623152369497454,29.788493535745207,29.387893498621548,29.181684139039064,28.775396613998325,28.018503555425973,26.81043964803234,26.014629461671383,25.250207131054694
29.70265631443339,29.62481600043867,29.790130769245863,29.38932851940266,29.183876585618208,28.77681376256404,28.01836722685348,26.81171290487205,26.0152014355026,25.249653358538716
29.703986274725263,29.6266272379437,29.791909320779865,29.390707068227453,29.183818735212427,28.77820275869857,28.01980253405794,26.81381330168088,26.015443939051302,25.250773482298854
29.704195224279996,29.627180957753726,29.79337241104936,29.391690104547866,29.184205810309983,28.779416669421067,28.02126142085119,26.8140224252725,26.01582708379317,25.25165498584153
29.705236238888105,29.62903776951281,29.794511924905173,29.393358660624944,29.186284372834635,28.7804691349739,28.021799441695798,26.81522050757212,26.017454627277345,25.25174583610334
29.707050529307104,29.628358150043404,29.796393569941323,29.39486912427808,29.187375462088138,28.78253380661544,28.02363277971137,26.816130114389793,26.01769258444596,25.252789162080166
29.70787721734256,29.629363707706723,29.797138844249048,29.3957629400684,29.188928876560073,28.783386242075174,28.02559552424823,26.81717354806995,26.01781510679708,25.252186399175653
29.709388449138107,29.630894498700776,29.797838941316268,29.396885437741716,29.190474074890304,28.784759626181774,28.026387281061588,26.81748396440029,26.019482255247688,25.254544072014994
29.710244869308102,29.629764842649436,29.800196463560006,29.399228753448654,29.19115023405996,28.786402030451104,28.02790136224794,26.81892239016129,26.02038725037717,25.25500496762044
29.71101129257935,29.631109375851995,29.79881002046765,29.399712213556192,29.19180664522267,28.787371253111832,28.029122212736574,26.819020012927524,26.019921043261782,25.254675964427427
29.711773088776106,29.632653596837052,29.799888961880487,29.4008234543486,29.19387316884901,28.788337709133028,28.03023832380823,26.819173978401384,26.021551616698375,25.255581021816262
29.71296218529202,29.63284574846032,29.80189866167285,29.402244444288073,29.195525974770046,28.790374565824337,28.030915919520684,26.821176342490535,26.02242151741159,25.255505611722032
29.715219711852207,29.632664673280537,29.801388460764468,29.403447850506662,29.19583340094549,28.7897831675409,28.033124142527935,26.821126683090213,26.022617929394947,25.255436311174662
29.715789113664282,29.63457943314687,29.802721069616357,29.405238812821928,29.196668597894096,28.791402453658115,28.033205582581083,26.820969153319115,26.02327440638268,25.256382008787423
29.716719441201562,29.63529209566588,29.80393703081632,29.406440035448806,29.199226547287864,28.793719712516058,28.034462036052815,26.82288056942817,26.024464908222214,25.25511850657386
29.7184518295097,29.635410454207864,29.8033199952603,29.407653419031234,29.199109660985172,28.79449362226998,28.034237208816585,26.823051533082914,26.024078704430536,25.25563522476853
29.719578711613288,29.63761508068969,29.804800334529805,29.40891074477879,29.200288479487547,28.79539156647509,28.03566759955541,26.823216663710546,26.02557175780604,25.257253214884535
29.720709657545292,29.638077278660976,29.807290437665973,29.40977287564341,29.202288524312976,28.796676655348342,28.03561543129634,26.82312519747591,26.025635149149785,25.25614991444661
29.721018016619002,29.63812459702494,29.806467305657062,29.411471196856965,29.202694094408468,28.79916444125263,28.037024926890513,26.824943985594093,26.02624269617393,25.255920883870445
29.72235003357422,29.639883357107454,29.807795577213604,29.4131129350366,29.20373619753228,28.79966786080695,28.038361564398603,26.82611267990703,26.027607167221973,25.25712622982917
29.724668574832194,29.64064815892752,29.80884002697514,29.41439829604097,29.205301602316737,28.801083650186456,28.038242698755553,26.825103124792765,26.02828351866764,25.256518097318654
29.724710618590898,29.640933234327925,29.809066226841768,29.41625546472579,29.205586895455518,28.801820666391006,28.03936356951432,26.82707282924089,26.028616834494112,25.257403950438313
29.725205516881278,29.642508903925577,29.810789341945735,29.418021675740533,29.207295509536138,28.803632731234543,28.04054587206644,26.828836395333408,26.029521104145694,25.25708147616883
29.72697644461117,29.643451024454,29.81133428804401,29.41853832275114,29.208290914871657,28.803828456292486,28.039837618918135,26.827883605960913,26.030070239761294,25.256962792841634
29.72850732384181,29.6439892199871,29.811815561228094,29.42082970200673,29.2092939778383,28.804693140567935,28.040787170409622,26.828670036661176,26.030506215840745,25.258529382482678
29.72935150890968,29.64430243965392,29.813024695930412,29.42176956310241,29.211095331072443,28.806400895010952,28.04204904073292,26.82966103821096,26.03140781745413,25.257678811430395
29.730408863259004,29.64576580041237,29.81410565625383,29.422998421775514,29.211621487503365,28.807282429917795,28.043655022116344,26.829967418856562,26.032196287512598,25.258307570672986
29.73192520663269,29.64684132364838,29.81494602029524,29.425167499562743,29.21301368212495,28.80854088002725,28.044562051090924,26.831141259238507,26.033049977635937,25.25966486787668
29.733458891186743,29.647640459723096,29.817046231590897,29.42601673566651,29.21384456097392,28.810408691640443,28.045054186365963,26.830878248856557,26.033853031968533,25.258917081576364
29.73417730284755,29.649049847268273,29.818056071946796,29.428162490081625,29.214159694893116,28.811637825243128,28.04641258644743,26.831816754767228,26.034224063054324,25.2592996754819
29.735232174990767,29.651082363406687,29.818364777535514,29.428016002783217,29.215926928374575,28.812197587439385,28.046786150095887,26.832828204607317,26.035650160355537,25.2612620708027
29.736687612582358,29.652172135588867,29.820555098496634,29.42955821233868,29.21685590206794,28.81296688251572,28.047701724161374,26.833487983028025,26.03626422231743,25.260619292580863
29.737910578524705,29.6536701119988,29.820882896885085,29.431239338285703,29.218938961608863,28.814189680739986,28.050396959669275,26.83437041308498,26.03633016879293,25.260959812252054
29.739043641074304,29.655150993034564,29.82153126231156,29.431865241640516,29.220569530251858,28.816171827082467,28.048950434716488,26.834922753130957,26.038706529708143,25.26227359520535
29.740604140648124,29.655939960017967,29.822575220061253,29.43356906540673,29.22133579197224,28.81705202539988,28.050341288887928,26.835401962339333,26.03849416625406,25.262194225213342
29.742378255857034,29.65699210908644,29.823624304355924,29.43531868755813,29.222808961540096,28.817919975036297,28.05206713375195,26.837765749846888,26.038633028432514,25.263321608131257
29.743689471171557,29.65870017556409,29.825456495761134,29.435975659690598,29.22447498202277,28.819502139090652,28.05129659853957,26.83836169194602,26.04022054305636,25.263484918418506
29.745322811050954,29.660579408574318,29.82653259003527,29.436744928032006,29.224890971632497,28.81996941090714,28.053333764773658,26.838624010562782,26.041006808045104,25.26306997824001
29.74724612008196,29.661387792322564,29.82709243329473,29.438071974690487,29.226425360941064,28.821552182156527,28.054153339680006,26.838660189953238,26.04142817552104,25.264711317786166
29.748254991326494,29.66392820740535,29.827962755254593,29.439589010300622,29.228431062552218,28.821716576149594,28.054258651658067,26.839345704705863,26.04115681577994,25.26548335522972
29.749352344173662,29.665372169603067,29.829334437025206,29.441362601239284,29.228129632469546,28.823849415621176,28.05548291484138,26.84072792938942,26.04351176637932,25.265385070019363
29.750581566904685,29.666808835379925,29.83063003131811,29.44174246740402,29.22903332589861,28.825039418645645,28.055817183350847,26.839910146384472,26.043597794338265,25.265897900381603
29.752004775019515,29.66829563711411,29.831839330828217,29.44346689566074,29.230127636524035,28.82568842623446,28.056459714503582,26.841293888274986,26.04381734133593,25.26704361754073
29.75299440351098,29.669573816661785,29.83324965956585,29.444874009621916,29.231148670825313,28.82750595810301,28.058220059652843,26.842804939673805,26.04547530770224,25.267929815789483
29.754817869891987,29.67056875658706,29.834571618941194,29.446185867564793,29.231951105761432,28.8281621593333,28.05905396837025,26.84398388883514,26.04577243409001,25.268167865017332
29.75538640296144,29.67187057083621,29.83648643996741,29.44717240614785,29.232545227763715,28.82922854742263,28.05935351678024,26.84519315063867,26.04665195469562,25.268706850133157
29.75620095633582,29.673911648866152,29.837493448653433,29.448641228388148,29.233926741626377,28.829881709000237,28.061056243875598,26.845040771732638,26.047186069073156,25.269356688911873
29.7578846641321,29.67495026326521,29.838389653377178,29.449930175200553,29.23617390113189,28.83137201658611,28.061185938287213,26.84607914884886,26.048018019358743,25.271066494289634
29.760158449952353,29.67653475413315,29.839760337928624,29.451652717260703,29.237196202026002,28.832314373207538,28.062805925285865,26.846738070596988,26.04927924109146,25.270134041482958
29.761353352581303,29.677375229458733,29.841038037877716,29.453003534085465,29.238022386821264,28.83310164549185,28.064074385578866,26.846109534595847,26.050071931969292,25.270479872204188
29.76288823004274,29.679083110428497,29.84228925274287,29.453308032492508,29.238897083600726,28.834461760549253,28.063432413508387,26.848231756108603,26.050741922894357,25.272242025079606
29.76451096372299,29.68067355612836,29.84462434593688,29.454468499156082,29.239472233237684,28.83530496523923,28.064956844514622,26.849958135882098,26.05160645645217,25.27130836613537
29.766091227290588,29.681996272711146,29.846859061606885,29.456524859354673,29.24191921150282,28.836532925387957,28.066610209510003,26.849181504077876,26.052512010668213,25.271766795345094
29.767239874496312,29.683805519724608,29.848237731661893,29.458049545222316,29.242500461291737,28.83715990233819,28.067134465553558,26.85110990084187,26.053532914869663,25.27342091001826
29.7685989180388,29.684795798710084,29.849993672177764,29.457966577075602,29.24281399840214,28.838627115815136,28.067354316615955,26.8515433731257,26.054662343725003,25.27292043783853
29.770413555315223,29.686793989090607,29.85093242033614,29.459593492165936,29.244085014175496,28.83979565381948,28.069798610631715,26.852251195772837,26.05540540352662,25.274236156719535
29.77104885312484,29.687744638203544,29.852721202400648,29.460728364983932,29.245301221547596,28.84045293469385,28.07017097702524,26.853676649363507,26.056257530639826,25.274395372618876
29.77216457615156,29.68823722444885,29.8544989495644,29.461864681064725,29.24683648676035,28.840843487280786,28.071184199215544,26.85414374578213,26.0573525066388,25.274351752030398
29.77325302531485,29.690295071888855,29.85506182495122,29.462637627680863,29.24794229962965,28.842623351090904,28.071847211993763,26.855580350502407,26.05750346240989,25.275716284575253
29.775364450196058,29.691220080736823,29.85647491057643,29.46355437334587,29.248904180914792,28.84465628594387,28.072618274826876,26.85738003373109,26.058453635051634,25.276439370640247
29.77651211754623,29.691559913884575,29.857937563743246,29.464127306253896,29.24952567353276,28.845066536154246,28.074355128427307,26.857194001206047,26.060348290798593,25.276739591494625
29.77705644405051,29.6923810865552,29.859376540649535,29.465057042247622,29.25102557120561,28.84583449867324,28.075548044912285,26.858167637684534,26.060288774232916,25.277070215408195
29.778520034474212,29.693176677089053,29.86125392973286,29.46646782839455,29.252238724590004,28.848123379935984,28.076976126184817,26.85870550865323,26.06132772047487,25.27878933457003
29.77997529423738,29.69375843725985,29.86130693408761,29.467386366006565,29.252826986137833,28.84916556162564,28.077196272014007,26.859781317527496,26.062264159097836,25.27951198438483
29.780299808732735,29.693809967886388,29.8634059170689,29.46819706107934,29.253495084362456,28.850172460447894,28.078921707339703,26.860915113158548,26.063225305783394,25.279692751804458
29.781842219359717,29.695058675066083,29.865238972519215,29.46983694883916,29.255350705037056,28.85156440427587,28.07856933960439,26.8613248757989,26.064451347255286,25.280350080927118
29.782793185339894,29.696680067730444,29.866137143441968,29.470447461803786,29.256711256677654,28.85325167238188,28.080684269186406,26.861891569459235,26.06460020559559,25.280540086887356
29.784201254717203,29.69727590513596,29.867831613974726,29.471552772373784,29.257603869354874,28.854213776027976,28.082114137124044,26.863544302432935,26.065504170037535,25.281568283472424
29.784004472770533,29.698426977244917,29.86917008533088,29.47249683636057,29.259354174421325,28.854503455720042,28.082401155262268,26.864244528909765,26.067285603926017,25.281152184643773
29.78509575621206,29.69911728244705,29.869930251914507,29.472198726256078,29.260398450211873,28.85674894534641,28.084775761551235,26.86490177008913,26.065993745953747,25.281723137423278
29.78679474249087,29.69977788677334,29.87105889519698,29.474440208287206,29.26232391278119,28.856555646949754,28.084852839322426,26.865972540660763,26.06701707450774,25.284145167888884
29.786571634668494,29.701102436562444,29.872230204762747,29.47499183867688,29.263850966501902,28.858166485816376,28.085797012155002,26.8666467820036,26.068165707034435,25.28329217444329
29.787357649862262,29.702285337420022,29.873563626051105,29.47542990274607,29.265500139897192,28.860180595953334,28.087135557208057,26.86759319090909,26.06844750917635,25.282933769259678
29.78839890672258,29.703581463177752,29.87507770688975,29.47716347397399,29.267666505919678,28.86105351682726,28.087003742173412,26.86770467102508,26.07045757565718,25.284979366143187
29.789364934598687,29.70516341344326,29.876664349555092,29.477989888208207,29.268113561726835,28.862802790587835,28.08852045103194,26.86883243510178,26.068574168815832,25.28434762194323
29.790421169333925,29.70639673454012,29.87779930815162,29.479443022991934,29.269706825570548,28.864429706817344,28.08987141371155,26.869360543766096,26.06844411713336,25.28398765579752
29.791275445985875,29.707839492447484,29.879436333618052,29.480864378773212,29.270338276661892,28.86514836531702,28.090774570130495,26.87037371500026,26.070854750909866,25.28606340264965
29.792060178132186,29.709211157766333,29.880815860077142,29.48096236049559,29.271748307160877,28.866370697267687,28.09246699962662,26.872221741482278,26.067912206403324,25.28619577183182
29.793331764055505,29.710972382351457,29.88178938550407,29.482837823381338,29.2731283904139,28.867357136657283,28.093502879274666,26.87154840901833,26.068124703190648,25.28623254896666
29.794663002506454,29.71259991872731,29.883090926669006,29.483687713822697,29.274398255556275,28.869354560629475,28.095413310969914,26.87221151732541,26.071467600561466,25.286897933884408
29.795776411210227,29.713090978923464,29.88388377917532,29.484683474668536,29.276274747798688,28.86946199032745,28.095772233629233,26.8722126530009,26.070476940201313,25.28743951929676
29.796821030795805,29.71510327156455,29.885825044661733,29.486599106316987,29.27730832962935,28.870814125089574,28.097001054026954,26.872372112217143,26.070534509209015,25.287877302027027
29.79783453171327,29.715748469438267,29.886985000376146,29.48651563589268,29.278766932120888,28.872996426298965,28.09851961443809,26.873809544753612,26.071603607838302,25.288915530095856
29.799304898217542,29.716709628085987,29.888029933277643,29.48692647922703,29.279532736939444,28.872984453766158,28.099274275920784,26.873480967209726,26.07086197618322,25.289792240352355
29.800886312247783,29.71816343496867,29.890098722958143,29.48847760701438,29.28124094723952,28.87494814483285,28.099928258214906,26.875063426105235,26.071769615356057,25.290312993024475
29.802177112995487,29.71948778825316,29.89096689973477,29.489382904447915,29.283281369173622,28.87572801041959,28.10188770604266,26.875783039124283,26.071664452387793,25.290264903620393
29.802860879123024,29.721472293264277,29.89236088569259,29.491202357009016,29.283346949980128,28.87665729591437,28.10269462055764,26.87472649058965,26.072156181510234,25.291403627465257
29.80449829266209,29.722746711913196,29.893650962101063,29.492366277732003,29.284763730811456,28.878589307397636,28.10497790032101,26.87660878423052,26.072790449120568,25.29187485920595
29.804929892535252,29.724519776679234,29.894358524651246,29.4928609624883,29.286635264597088,28.879248713178658,28.105135097184135,26.877530481705723,26.07186039045586,25.292266565266033
29.80652322439219,29.725202557147597,29.896249502238938,29.49480141200333,29.28755556482223,28.88023631682712,28.106529665941856,26.87728536730099,26.07217240038542,25.292970322922944
29.80739349399844,29.72628643651449,29.8966347594722,29.496502009677116,29.289061795243665,28.88140787892742,28.10827476394321,26.87846129543052,26.07396058689369,25.29292154402806
29.808691236289206,29.72825402094752,29.897648479352853,29.497514878742763,29.2906705357088,28.88229563259746,28.10861063645877,26.878804609661007,26.073564391064966,25.293708031709187
29.80987948917037,29.729139157825827,29.898526669427874,29.498359654707585,29.292248778359536,28.88376905845684,28.110665967602337,26.87983116643286,26.073860749324812,25.295091557780335
29.81085503461589,29.729968987199655,29.899455252200436,29.500241599279203,29.293531193717296,28.884012796320327,28.111355597913384,26.880987729619633,26.075170983224535,25.294668044926
29.81201592923075,29.731125587747155,29.900429013327926,29.50176530727932,29.2942933875715,28.88616937090234,28.113560059974837,26.88083270626143,26.07564478873126,25.295198904678813
29.812627886566222,29.731598803749307,29.901510390193454,29.502781739154912,29.294943593936694,28.886361034564054,28.114019164640442,26.882589864967528,26.075441226385045,25.29656235903647
29.81413242302231,29.73230382957385,29.90183168490092,29.504252451194326,29.29642495956227,28.887672638215545,28.114626840585895,26.88366149923389,26.07659492747862,25.296654047975924
29.814897389546164,29.734009719391278,29.903340173032728,29.50484238420041,29.298666864075635,28.888621143657787,28.116586828088444,26.88287924229293,26.07715646026716,25.296978941271846
29.815529588038274,29.73472234815256,29.90500936177712,29.506505242900882,29.297754131991717,28.88933555956163,28.118194087825017,26.884557891831356,26.077036276653807,25.298325845502156
29.81701356635,29.735756377513066,29.905708453758333,29.50837121505801,29.298826704846878,28.890864428699317,28.1183750254003,26.885544204941866,26.077695669854165,25.29877377935754
29.81809813878882,29.736830252673997,29.907124196206777,29.51021955427421,29.300303657284722,28.892320037458944,28.119549049265842,26.886093651840216,26.07789747014018,25.29939291288791
29.81914481375354,29.738300698521588,29.908507722253482,29.5118259040111,29.3008827279369,28.891505495991048,28.121039077768284,26.887103286552396,26.078667171621728,25.300083282027956
29.82033310935477,29.73939010275864,29.909500570334217,29.512791097651395,29.303234060151517,28.893044249832656,28.12163450908117,26.887878732663744,26.079106183627193,25.300369533036466
29.8214571407288,29.739954030778073,29.91042723766975,29.51333934587744,29.30418900761471,28.895273238700348,28.123354059323482,26.888804438423772,26.07951002500089,25.30107770521209
29.822964677080673,29.74211039543963,29.912422622846577,29.515352350083916,29.304723290004695,28.89553242695996,28.123031518130173,26.891063199842257,26.079987604976274,25.30107631969789
29.824446267508293,29.743584268434052,29.914357184739977,29.515739176176776,29.306678568468854,28.89660119405894,28.12458699362039,26.89122046246599,26.080028003248877,25.302091946722427
29.825401124094615,29.743724591558276,29.914776976047172,29.51657567574141,29.306759086001133,28.898190651361997,28.126035802436604,26.89245284395244,26.081753827886587,25.302583653843147
29.82672119607717,29.745490448137062,29.91573418834755,29.517537093332393,29.30808584853533,28.898914526180967,28.127766242799822,26.893540457867612,26.081737096151535,25.302721667272408
29.828341115268028,29.745917056077534,29.916377514419253,29.518627267725286,29.309977550805854,28.90043012969266,28.128691130037865,26.893168881701225,26.081837882051605,25.303789582892037
29.82936524019729,29.7478352249261,29.917843521613857,29.520578052927398,29.31037071832563,28.900439689485896,28.12811918052948,26.895120306004934,26.082931221223586,25.304279568894636
29.830507968414683,29.748447783030393,29.91909952090397,29.521710845051917,29.311322306407654,28.902103300169436,28.128550820531775,26.895544569254323,26.083985159615626,25.30358728874209
29.831763011631956,29.749684746627445,29.919928016745672,29.522469771432725,29.312699374218717,28.902599100086185,28.130396399295353,26.895424481339113,26.08378428168956,25.304408703999993
29.833131842237457,29.750563078259205,29.921837431278398,29.524401814111876,29.313242343579248,28.903471909282406,28.13080425431506,26.897502547974938,26.086007344574448,25.30618559127383
29.834846716059072,29.751617345285503,29.921936995882493,29.52569707727665,29.31414803307588,28.90431571794448,28.132730011422588,26.899155753052376,26.08546998703836,25.304826826760674
29.8365508722667,29.75329222368343,29.92322517708077,29.5267780184535,29.31600351844438,28.90539331736177,28.13286190850514,26.89846321403742,26.085370279169645,25.304623149270423
29.836995792464766,29.754004551879905,29.92419566144259,29.528496316780828,29.317259979591558,28.90684662797,28.133323958001938,26.899578869875672,26.087101917596428,25.30610371417285
29.83850635954279,29.7550323397191,29.9256196963422,29.529708794437465,29.31692789027472,28.907694766068396,28.134709773697818,26.90074986260157,26.086496704748654,25.306128729093604
29.839438634445795,29.757042313817404,29.927234945672623,29.53009903300059,29.31873012861446,28.90894645990308,28.136309557440114,26.90137156555312,26.0874463220823,25.30648463665265
29.84077324229269,29.75793304349018,29.92837018296543,29.531667426856405,29.319491871898883,28.909109599769522,28.13666767431735,26.902326872823302,26.08779866655449,25.306758939170177
29.841532497554848,29.75888465354432,29.92962756954597,29.53210895581623,29.32068300312754,28.910776965333426,28.138061038370278,26.903239391619103,26.087620888455305,25.307605336151934
29.84333751969853,29.75996198413704,29.93126187397762,29.53312097125968,29.32237733389282,28.91224826787447,28.13895782892409,26.90400638539725,26.08809464411302,25.309037111571854
29.844848888079195,29.76038008535092,29.9320139857685,29.534836919902983,29.323458777034563,28.912201998381803,28.14142775162977,26.905418695525047,26.08937140141888,25.30845001162612
29.846014527523344,29.762921133386676,29.93371263013564,29.535225915404887,29.32533280190363,28.91311956105085,28.141094152602534,26.907163686799702,26.089209215719478,25.309011476123054
29.84688457500429,29.76388852589325,29.93454032522884,29.53551128768407,29.325389960806845,28.91475660237696,28.142095623536658,26.90710479069684,26.089895622289422,25.3104699345681
29.84797498618889,29.76510169862526,29.935512529780233,29.536943780384295,29.32672439397471,28.9164351937216,28.14205447372368,26.90819997595383,26.091366766705537,25.310060799198975
29.84981310931921,29.765844950673028,29.93705710757468,29.537470122471184,29.32880947696276,28.91612933729374,28.142266548922095,26.909428522664,26.09151471328662,25.30981613581682
29.8513641204609,29.76727936045597,29.93784280320927,29.537804147446604,29.329283541094075,28.917227817824834,28.14359393711936,26.90954360132195,26.091748098735707,25.310516008741352
29.852093774505832,29.7685692249269,29.939041435433825,29.538775124256812,29.32982083473685,28.919184835527254,28.145716455396013,26.9103700737581,26.092857606091712,25.311828681487818
29.853306575729576,29.769681451950806,29.939691243594023,29.539918747866814,29.3310793630148,28.918943150004228,28.145295529068793,26.91204410328905,26.092991679135253,25.312633475058618
29.85451783304944,29.771106821418385,29.941574405990647,29.54064927093514,29.331855825748008,28.92101150603927,28.145226357105667,26.913196571451685,26.094212589791685,25.312482372528166
29.85595084049614,29.772831322004976,29.942906235527005,29.540850828032596,29.333575986440753,28.9221138638584,28.1471176415066,26.913622329234986,26.095126068933908,25.31337810218368
29.856304852233077,29.77359462157537,29.944194024329747,29.541960313413412,29.33465202479855,28.922975733579616,28.145984048307202,26.914230434124377,26.09614579438785,25.314301459053294
29.857376846973132,29.774900652817923,29.9454850154145,29.543859992170333,29.33553565430703,28.921709375085225,28.1474181204447,26.916371707243954,26.097404196159136,25.31501241886818
29.857695634161935,29.776075609480248,29.946386389137537,29.54454587515617,29.3374282084362,28.92365641615358,28.149619591563773,26.916158694428198,26.097800530538372,25.314710451182258
29.8595059418675,29.777536951870683,29.947666000491253,29.545832570227937,29.3374398294552,28.920945157978537,28.148351353351156,26.91758233530221,26.098051430579332,25.31637478635082
29.86098736837482,29.77848070730683,29.949404510886737,29.547563254108628,29.338494641528847,28.919538035893847,28.150356311423543,26.91850054122287,26.099157190692598,25.317489313595516
29.86110334873485,29.779316724049888,29.95044305759313,29.548762102787567,29.340654211359457,28.918408577599802,28.150495984957864,26.919384218371153,26.10033271424896,25.316765639914035
29.861870259018133,29.781435981576042,29.95219577545383,29.549669778877657,29.34136868986338,28.919307423037846,28.150833325646172,26.920140216523084,26.100918550407766,25.318483176224603
29.861742293528977,29.782665410759932,29.952791296971295,29.551298005423483,29.34236968131945,28.918305053639457,28.1527465137748,26.921532591857567,26.101277907053255,25.319210837796863
29.862466701258818,29.783073103887723,29.95351845876891,29.552231023180596,29.343443357110583,28.918883488116123,28.152341863518167,26.92229452212232,26.102439476538297,25.319399546370022
29.86354937181241,29.783717092662574,29.954716132556083,29.55277334285658,29.344541620965604,28.919821127606372,28.152661923116717,26.92265057855574,26.103007683380902,25.320093162966387
29.8639453118167,29.78528449688063,29.95527176523253,29.5544475532042,29.34514112118608,28.919319309862466,28.154200946739586,26.924127939057605,26.104551206557332,25.321492489736677
29.864077433462626,29.787114985453165,29.956185934011955,29.555623702574785,29.346364695032424,28.919588022501173,28.154401039967183,26.924773306440674,26.10285114111122,25.322189805224568
29.86481470002842,29.788770257896143,29.95758600246784,29.556453908308683,29.346727381335562,28.920349332188163,28.156519600950993,26.925645129748304,26.10303024191408,25.32245111455708
29.86583029554389,29.790230552422155,29.957828105396295,29.55718011339822,29.34741819902783,28.92111148396699,28.157804129100995,26.926943694379165,26.10519009850904,25.322790773279372
29.866188999867596,29.790807133786785,29.959579195399485,29.559651055028905,29.348872308939555,28.921069916449873,28.15762134007103,26.928631613393364,26.10455846893168,25.325002810679152
29.866668800678625,29.792372067840198,29.960035860886705,29.56111940940978,29.349472383834147,28.921704810368833,28.157626016890433,26.92929839703915,26.106252937133085,25.323982140915508
29.868336402931245,29.794362170563502,29.960879565653464,29.56200387546588,29.35104592552889,28.92323215376496,28.1594200300399,26.928784629511636,26.105352490037887,25.32381142039963
29.869455033283288,29.795582917099864,29.961480609638812,29.56330460983555,29.352512898514416,28.923669286421063,28.160643857936847,26.93026015239507,26.10422627921889,25.327037870252212
29.870379339658104,29.79727201281395,29.962192197239045,29.56481462542036,29.352281674071993,28.92337715587894,28.161141838661642,26.932111612238884,26.107244415593954,25.32524438410183
29.871398457509134,29.798202693256304,29.964284409527213,29.56710274380752,29.3527230791451,28.92435365641187,28.16327166104727,26.931520852765864,26.10632949330785,25.32571785448973
29.873091569258435,29.800085157118698,29.964989900090618,29.5675141135727,29.354480939701475,28.92573408401416,28.163440882373358,26.93308766170352,26.105577213640817,25.327216381964142
29.87362298935836,29.800667958377737,29.965852099134306,29.568683495284816,29.355340099917214,28.926764429359906,28.16378601740528,26.934294462738183,26.108226019454772,25.326582018968008
29.87398975502564,29.801837228073186,29.968128188312026,29.570526758434966,29.35696634673188,28.92762127292517,28.16575760428242,26.934283129130108,26.108092041330664,25.32773629095093
29.874920672218753,29.80226816403772,29.969018009754894,29.571518146318585,29.35803424011853,28.92939227244318,28.166185706505182,26.935268022453016,26.106961567849517,25.32696323872356
29.876250252077234,29.803567627337447,29.97008534132113,29.572824204877474,29.357990133060458,28.93061281693403,28.167034756378907,26.935545419495703,26.109190944641504,25.3277776111501
29.877809569273552,29.805007175218826,29.971422880811055,29.573648412904475,29.359501525322994,28.931215166296617,28.16781934571292,26.937414209299885,26.109365480937537,25.329177725598598
29.877950017464986,29.805731115349133,29.97203047842976,29.5750620451617,29.360988821890004,28.933114916285618,28.16888285415207,26.937068238815588,26.10972825879243,25.329526037807515
29.878967323416358,29.805784494860227,29.973294238297576,29.576806017739443,29.361021606364535,28.93425986607835,28.170352582135976,26.937409954111295,26.110852397003335,25.329281421805774
29.880122413959516,29.80716064550584,29.974463149172802,29.578495758766334,29.36225955762488,28.935508785298065,28.17138507653949,26.939499370938012,26.110721311274197,25.330201865567187
29.881008325324213,29.80856925968017,29.975661340031948,29.58017657949282,29.36386633971693,28.936561955565114,28.17202998757429,26.939501535008255,26.112018408877965,25.331374234101848
29.882148545038497,29.809295858860168,29.976907672101227,29.58192236626353,29.3656742581612,28.937587969781596,28.173760447073825,26.939961345222105,26.112939763440046,25.330522179124415
29.8834322068474,29.81018981255631,29.97810422536795,29.583327252601997,29.365701095380924,28.938815693805545,28.174677241662977,26.941617378335266,26.112511933012435,25.33100289354087
29.88531091302533,29.810477872630653,29.97965960830429,29.584258692384005,29.36629971514078,28.940299778618108,28.175408069376108,26.94158534229796,26.11407223978965,25.332692115109854
29.88582083020471,29.81149531532239,29.980294748052913,29.58562873875399,29.367952484115424,28.942009867185753,28.176605321048527,26.942422197607208,26.11559780357124,25.33227458614105
29.88716157439361,29.812685787570462,29.981818851895113,29.58768170903447,29.368874609821166,28.943124672331194,28.178838430526064,26.94332802354191,26.11462115045977,25.332663647883415
29.88859765601795,29.81388510511789,29.983733715911196,29.58881875700504,29.370334357003756,28.944435917273914,28.178929452652454,26.943682474050135,26.115889335916876,25.334130230018353
29.889550922259815,29.81507124911282,29.98461061049829,29.589126058693896,29.371449798586646,28.94593080747949,28.180252561828105,26.944418145910586,26.117307336467515,25.33480113083385
29.890807109819647,29.815811141007636,29.986227824993957,29.591149959365257,29.37295379228341,28.947304760027272,28.1814713174624,26.945942726268974,26.117188880981743,25.335301129607856
29.891714248585785,29.81709340778977,29.987629421918815,29.591890734376037,29.37330793663595,28.948699757147832,28.182357137082317,26.946575880805298,26.117222454931376,25.33566277638776
29.892914393367896,29.818728282382455,29.988988297630982,29.593655452359272,29.373751843580877,28.94987642782769,28.18332047442269,26.947391971477934,26.11878227941055,25.33663697774273
29.894115223172555,29.819864961148674,29.990305167115498,29.59404815919353,29.37544674125578,28.951178167888045,28.18495182847165,26.948520012400724,26.119577310064134,25.3371206647167
29.894350515730366,29.820565995139205,29.991219792258295,29.594697780358125,29.37639421401929,28.95288694996183,28.1847726821478,26.948250155955996,26.11996977222596,25.337022707129577
29.896252812569166,29.82273966860566,29.993578082152297,29.59631136511153,29.377017833450623,28.953226390495143,28.186696272425902,26.949374504245913,26.121218015482256,25.338799779807903
29.89777177149733,29.82294087191308,29.99415111025662,29.597165860293227,29.378864783178038,28.955591604043303,28.187286618357874,26.949936564538135,26.122213668416514,25.33860720114781
29.898646246637682,29.825142070718293,29.9954387935267,29.598143191618554,29.37902202300535,28.956962763229775,28.188175202936712,26.95128609727877,26.122945441493613,25.339332394762483
29.89933421951139,29.82649530536804,29.996189340007568,29.599228621291928,29.379866638727083,28.958114935315095,28.189092993702207,26.952598848665332,26.12360814705569,25.341104553936745
29.90022574828358,29.826566402344795,29.998851960983686,29.59965270426656,29.38159210687551,28.959903173608307,28.19012983122168,26.9520556394024,26.124694335537654,25.34108378861157
29.90234962911812,29.828528890885142,29.99875716278234,29.60070657924508,29.382990194216475,28.960710586676008,28.190038213557905,26.95289261805655,26.125352646078216,25.339914634403712
29.903336678576924,29.829688578201754,29.99856005920111,29.601043930928622,29.384055171058698,28.96260719082425,28.19175686578429,26.9517628244701,26.126167649022413,25.34182254035833
29.903989279890958,29.83047267411149,29.999375518486087,29.602590244465357,29.385147419128405,28.96391739274145,28.193536564356467,26.95224237542492,26.1269998758228,25.341567992828903
29.90533370349271,29.83253163098818,29.998954682657548,29.604665035198195,29.38598414437539,28.96551987215343,28.192770665691697,26.95400352716771,26.12740224330233,25.3412729413893
29.906534570190008,29.83277757581147,29.999925607947343,29.60524217371929,29.38757124946296,28.966659279144903,28.194875417344324,26.953546806217496,26.12849803431184,25.341383222436352
29.907792542063362,29.833960224594748,29.999261519356544,29.60527378879117,29.388785523615528,28.96757125724999,28.194640282875596,26.955027758770797,26.128340924359847,25.34207339118644
29.909462296234594,29.836166805257744,29.999529820069817,29.60623439467174,29.390282948467465,28.96996050375394,28.19628717589184,26.956647569655054,26.128749228846537,25.342065076130016
29.910505443418618,29.83680960493028,30.00027255779318,29.607049611122,29.391128292408997,28.971667319224892,28.197859445027685,26.956136285399683,26.129982129972742,25.341324740080186
29.911952708538045,29.838206447210922,29.999469558674225,29.607401620392938,29.393056822155454,28.97213376165295,28.196972910836852,26.957147766604344,26.129815100069976,25.342814694506586
29.913329023682294,29.838203329049225,29.999672999693594,29.60903420581222,29.393905621782643,28.974291943824127,28.19889356454576,26.957505055697872,26.130753228939003,25.34353557290676
29.91404895360226,29.83961401717588,30.00189472565523,29.609317138669887,29.39481905145556,28.975450602295005,28.20061988087117,26.95841565721142,26.129465269438093,25.34331835259148
29.915413508306827,29.840402862848055,30.00153986328371,29.610518870757502,29.396165031821525,28.976154394941886,28.200037482347312,26.9599079386054,26.127585273694258,25.34356447230936
29.91675271214813,29.840882925125683,30.002298857706148,29.61113664396011,29.39819636985392,28.97846194862027,28.201190920552385,26.95982167520862,26.1288502437461,25.34330569027954
29.917779241834168,29.842243955336023,30.00292346916224,29.611524363199372,29.3995399095347,28.980188684521803,28.20238134268927,26.960737696722244,26.129758785540147,25.343701246374735
29.91845668887979,29.84395996191133,30.003051632149354,29.613110107493593,29.400999811300718,28.981144228541474,28.20271083430502,26.96143343727544,26.127345280979704,25.3448548919315
29.91958987681015,29.845159094762785,30.005017210178323,29.613736762065894,29.402359909691814,28.981875145611696,28.204116697535945,26.961501118124353,26.12789593757075,25.343032401922272
29.921459334583886,29.845967892936045,30.005551971708407,29.615428515389,29.40410225074708,28.984263385366784,28.205257223299263,26.9637650311453,26.12754435772976,25.34338814672969
29.922101408920575,29.846885494657627,30.00610867229241,29.61621918910567,29.404515892095734,28.985362043374458,28.20616616504399,26.964423226055366,26.12782791484299,25.346246919514627
29.923242735301557,29.8477432227163,30.00751406480464,29.616504035899972,29.4058821197535,28.98634026116585,28.20697427228403,26.964715233890217,26.128267094127562,25.343842219001335
29.925007798511697,29.84897861311078,30.00756521829953,29.618088869524065,29.407045851764725,28.987831931861802,28.208778162476822,26.966372047229,26.126950674005194,25.342636312948304
29.9257368132591,29.84964520841246,30.00908474290881,29.620123813268858,29.40833876660854,28.9888006904267,28.207450757388763,26.967287897175645,26.1270575576075,25.344473256749673
29.926730944777034,29.850683881440695,30.01050380268127,29.62072981785912,29.409608667705086,28.987738465745917,28.209761949454414,26.965900383663293,26.128387127922693,25.343990012227017
29.92820289239388,29.85178470395872,30.010210451254622,29.621687487391306,29.40891286977884,28.99033467953075,28.209504817589067,26.966638594202795,26.127694062507967,25.34323713376752
29.929113663753945,29.853159874243325,30.011117705493554,29.623152174725345,29.4108769629499,28.991552741731567,28.210288602876638,26.967765734461505,26.126927304987735,25.34422602257798
29.930651809775057,29.85472556052306,30.012380238060977,29.624330180055992,29.4126147270417,28.991552748848264,28.21055737053846,26.96888982994908,26.1274855325337,25.345122084593502
29.931836135815665,29.854502725843975,30.012823747913053,29.625733048263715,29.413275257410007,28.99274851013783,28.211394110067705,26.967826319757748,26.128301520692318,25.34492997388306
29.93264671991353,29.856038842949694,30.01418247117154,29.626476420050246,29.415480148502198,28.99407629783827,28.211827747472785,26.96846295859735,26.12851373400398,25.34530669910174
29.933770372810294,29.85824400105418,30.0150868519162,29.627389784821943,29.416369941726504,28.994823922658174,28.212286146412122,26.971006089105813,26.129025139995797,25.34548614991273
29.935691207108327,29.858671042797372,30.01616915176683,29.62885202640419,29.41723354141451,28.996197988088447,28.21402866542797,26.971525713297886,26.129479337542357,25.34623448555528
29.93719098688502,29.859581824693684,30.017775768629093,29.629595680054663,29.418778219496843,28.995775942201227,28.21347727890156,26.97256714261706,26.129715505023935,25.346903232140896
29.937764402667,29.860721796681347,30.017803169116032,29.631372993620786,29.42008862855713,28.997400436191345,28.213944177258252,26.97339435281611,26.12992283033134,25.347112716848148
29.938676218422756,29.86166340498173,30.019303564941108,29.632356257646787,29.421428905283477,28.997704460313585,28.215308991815814,26.972766472900005,26.13096510700734,25.348480524489112
29.939198827243956,29.863161226758265,30.02115763607451,29.633498539549624,29.42276814996971,28.997993549849326,28.216409752003063,26.974599075565916,26.132351627356446,25.348809801812877
29.940814913071627,29.86439928545646,30.022328926469353,29.63418723700918,29.424055617331128,28.99930195689262,28.216269044033837,26.976046820661345,26.131829036363904,25.348389026634127
29.941330746587226,29.865356159894713,30.023595831735786,29.635318573001474,29.424541416592835,29.00036685469866,28.216634671200154,26.975827295383453,26.13200484735493,25.349382039183837
29.941719662049827,29.866129737047036,30.02484209257183,29.636509009770677,29.425970543002997,29.000598968845928,28.216537299967648,26.97733126412265,26.13418799324503,25.349521704154245
29.94211346667825,29.86801619425433,30.026891130780108,29.63756002737724,29.426659628757324,29.00266136309789,28.21718306907128,26.977845295791923,26.134677956778138,25.349467549522085
29.94322777882627,29.868851103129167,30.028424216661254,29.639567932638194,29.427973460012677,29.003725343268826,28.219187931637055,26.978618891235293,26.134009838031375,25.351551496608046
29.94525597436453,29.870392494457995,30.029562314903306,29.63970634484182,29.429510743167157,29.004565760176536,28.21755282363629,26.979724024217543,26.1358059197306,25.351761381662186
29.945682596009128,29.870942442825324,30.030901876845277,29.64035303447033,29.42967712820979,29.00627759026189,28.218776941289562,26.98041033649573,26.13666735305944,25.350894804438504
29.94662266728558,29.87197853373612,30.03157216149376,29.64174937041502,29.431761517490433,29.006842541328844,28.21876970343404,26.981905122688904,26.13699726565833,25.353370912215194
29.948167103703568,29.87309820341072,30.032862527293695,29.642997370707445,29.433177391332276,29.007846109933944,28.219688562557575,26.98227271854173,26.138407862481973,25.3533937760918
29.949614714513526,29.87425391502276,30.034464969238392,29.643684092182983,29.43372241872506,29.008943837313915,28.222049156368296,26.98214577905723,26.138966461038876,25.352650210927745
29.94956643903487,29.875044556412004,30.03594627906173,29.644482720323147,29.43634191527662,29.00974488918412,28.221525949798565,26.98340306550286,26.139302202399204,25.3538136783883
29.950376631218884,29.875093603010164,30.03757451280055,29.64641935817033,29.43703113983026,29.01134608974158,28.221531843567774,26.985189014114273,26.140729238833423,25.35473284987942
29.95155979067426,29.876454545884556,30.038543000450694,29.647606518297174,29.43787582454064,29.011928431078854,28.2227383634924,26.98487185001252,26.14159050136271,25.355112109239762
29.952513023245242,29.87746793480476,30.039429724077063,29.64901065512877,29.440205977969555,29.01268918137493,28.22381270019616,26.98601005988326,26.142120060115737,25.35505744025603
29.953670932034953,29.87841766017141,30.04080306555747,29.649994662591183,29.440568901926216,29.014022594356746,28.224387499549778,26.986818370938316,26.14347944589126,25.356536108551335
29.954636602868145,29.879366824143982,30.04066146105382,29.65099234166628,29.441929435755583,29.015627403704066,28.22451592752862,26.988072350127403,26.143932516735255,25.357602108233962
29.95575234278478,29.879493038355168,30.042118891307346,29.652391637838154,29.442861571150345,29.017098722724384,28.22562256000074,26.988382865180846,26.144798911207747,25.35775660169619
29.957945351195015,29.879877708315057,30.04337465676679,29.652873677664505,29.443462108301265,29.01724617084648,28.226542531663302,26.988575800837896,26.145165878455554,25.358603393816797
29.959060459589946,29.880650957088015,30.043736340769698,29.65448719087179,29.444220461450147,29.01878590294875,28.227662555351444,26.989782912570632,26.145696347896497,25.359529554604812
29.95984879336956,29.881893620895607,30.04461831473111,29.65494549877514,29.44527090291953,29.01948301669137,28.229160696630107,26.991035258004104,26.14760653644688,25.35944526110505
29.960864494564806,29.881907525775404,30.0463498541967,29.655992153714532,29.445373092713346,29.020525500619165,28.229976431242335,26.991703573776856,26.1479062523051,25.360016183427344
29.962455161336482,29.882654310388517,30.047410732345877,29.658620103689003,29.44595084275236,29.022174756588473,28.23053580000529,26.99224056288118,26.147780956694554,25.361910622970846
29.964303594782074,29.88287296952673,30.048348178827986,29.658380964963072,29.44676433245926,29.022792980556854,28.2320557933036,26.99390297888285,26.150602245706025,25.36176106846074
29.965336178511713,29.883780938233457,30.048643320808903,29.659321538815103,29.447123028136907,29.023086911889287,28.233755479436304,26.99457650852591,26.150557217989892,25.362209614578223
29.96594020198593,29.885088864824784,30.04968448225355,29.661208408251373,29.449072487997142,29.024054108703275,28.234532558996133,26.995359486390615,26.150365804413212,25.363464419622535
29.96787809482152,29.885163616535664,30.05057503119683,29.661728885634187,29.447891201939257,29.026311410365516,28.23554718273662,26.99607073328831,26.151384444971903,25.36414486681254
29.969021037012617,29.885861763559834,30.051978919625842,29.662935866487317,29.448065006563958,29.02812565886964,28.23706106752219,26.996352985488762,26.152316369459363,25.364328871670185
29.970304621687617,29.887711976269728,30.052460306851053,29.663640243648093,29.44935727222979,29.028465480158122,28.237190425362023,26.997454015623727,26.152939721450878,25.365448787191163
29.971744485225837,29.88712357263054,30.052413374999286,29.664246318489816,29.450223778376227,29.03058117669913,28.23907237571994,26.997717784731798,26.153609456713994,25.366266482103086
29.97292165021051,29.888100494448402,30.053845048365293,29.665238640610024,29.450484551106882,29.03157843943379,28.238826057441727,26.998062245133703,26.154542525033982,25.365831800763495
29.974098682810776,29.88975534899131,30.054505158714917,29.66570389786712,29.451830407622804,29.03203063187803,28.240405176422897,27.000477421361303,26.154995992475808,25.367314394304664
29.975460573617116,29.89022709317596,30.05575461145157,29.666536444296135,29.45267426410755,29.03308947989133,28.241709041222474,26.999018201774227,26.1554269382478,25.367769890005988
29.976826117162517,29.891136328487903,30.05638723317614,29.668064943847227,29.452808226651047,29.035248268114955,28.242819665434954,27.000506377934773,26.156167436394302,25.36836182456681
29.976819872039453,29.891743477789788,30.05720869360365,29.667508213568205,29.45436037775975,29.035906169682434,28.244036079877453,27.00238253606633,26.157764874854735,25.36933190534651
29.9782023197601,29.892765429088453,30.058482558719938,29.668079493665832,29.455947660602995,29.03607714001417,28.24547683664552,27.002272735640066,26.158387636164026,25.36935511945837
29.97903829003928,29.893925593118958,30.05891106433382,29.669542862843006,29.45617582374695,29.037718214991944,28.246190186162067,27.003343163341196,26.15890739550812,25.369449584153717
29.97999828045886,29.895692916075266,30.060506125937813,29.670005745485692,29.457669006359602,29.039531268649515,28.24726188663896,27.004803998732747,26.159413697631834,25.37103317369734
29.98097759934938,29.897023382838142,30.061464779535143,29.671382248761525,29.45853857123161,29.040931128027264,28.248952033965736,27.00522565053317,26.16014045644265,25.37141096297837
29.982298140411586,29.897827867444796,30.062117253518327,29.672150271729357,29.459689502815788,29.041672983606954,28.249390369643933,27.006333862951916,26.160618079196997,25.370918752370144
29.983549784919973,29.898971713558527,30.063609556767666,29.67225558285797,29.46160776666082,29.04303694014657,28.251467732465784,27.007945800239984,26.162443296923467,25.37143095357747
29.98446498021066,29.899747336977505,30.064938523624534,29.67368955723874,29.46242683443291,29.044863762738995,28.251923581784094,27.00747306703449,26.16294813123998,25.37229600885204
29.98552256357289,29.900380524046856,30.065944131634442,29.67479026743885,29.462745160929785,29.04554654354344,28.253698314008098,27.007698523143585,26.163138057079102,25.372319822302337
29.986452803480535,29.901785569504963,30.066795356369514,29.675449121542712,29.464431051443768,29.046307325854634,28.25389700288039,27.008859275074506,26.163806895253035,25.37223579509304
29.98848874073627,29.90300433979168,30.067402182987916,29.676626569605034,29.466731162060213,29.047998926109333,28.255666562225134,27.010073531523172,26.164584617676212,25.373553818763668
29.989148045176336,29.90450690121513,30.06896307524332,29.67832946668541,29.467559042476296,29.04987398738448,28.256801961750657,27.01090990729511,26.16476131882109,25.37387486121064
29.989601720487503,29.90587082837567,30.069180007818783,29.678964841569663,29.467633588108253,29.05003791215863,28.257142203073492,27.0111902744703,26.16525113337671,25.373590097294567
29.991126843321986,29.906750442566015,30.070030479107732,29.67990558442768,29.469715795993032,29.05186871947317,28.259032728048687,27.012514454329736,26.1662012305224,25.374218729849996
29.99318596818572,29.908622037709826,30.070635971115873,29.68096224480487,29.46963079725496,29.05309898978817,28.259867558786517,27.01325231794161,26.16739478479389,25.37556653315577
29.993924525905285,29.90869060675458,30.072214994832052,29.68220091748911,29.471565979882982,29.054411317586705,28.261333775704074,27.013513339500808,26.167782306891144,25.37591472061928
29.994134165597032,29.910238983473164,30.072510667732576,29.683416783353188,29.473286292486275,29.056158738536592,28.262288909670414,27.01411040826768,26.16788445616145,25.37537235116409
29.995533388388978,29.911434841300167,30.073413971296603,29.6843984865704,29.472338170443816,29.056889176413776,28.264218386724885,27.016180716887924,26.16908030112493,25.37696795209067
29.997579167515408,29.912185332626958,30.075147888015415,29.685895322595343,29.47432899755094,29.058411669769363,28.26505375598706,27.016261882870634,26.169364639950597,25.37670357106103
29.998329848101427,29.91342270972064,30.075878213584872,29.687446049310793,29.475644077467567,29.05954308948179,28.26558338818911,27.016520319491754,26.170488131203342,25.376594494621457
29.999256642748048,29.914305639708033,30.076887621827773,29.68914229892626,29.47621563016639,29.06123025861159,28.26812845034179,27.017732498481823,26.17098910372455,25.378606348591877
30.000516114862556,29.915461938629903,30.0777537555797,29.690764381937655,29.477744359520578,29.06258532101349,28.267666945772127,27.01948875319122,26.17079154528657,25.378155556102264
30.00212997975272,29.916397317033766,30.078753731804827,29.6922121313168,29.47831695078378,29.06387222289257,28.268822895675633,27.020053058438688,26.172154946176477,25.37905401376133
30.003016412059424,29.918668304220834,30.079976453627665,29.693447137261447,29.478919506053746,29.06579913393987,28.269757985001142,27.020370243397164,26.171918753642508,25.37970885908297
30.004198377132436,29.918829823025455,30.081922743014612,29.695230744897035,29.48114167554396,29.06615434274859,28.270674363820856,27.021951779884592,26.172759212403783,25.378506212334592
30.005214019701206,29.91964825576411,30.08298986755484,29.696479659095722,29.482000049575284,29.0686351881235,28.26991860386184,27.023420086049292,26.17450067581383,25.380180402452854
30.00634443669581,29.920505533922714,30.084308754520784,29.696967773937896,29.48286160999931,29.068352818956804,28.271429269110474,27.023873314600877,26.17398887923145,25.380410015976416
30.00710748042909,29.921150973578463,30.085705202824254,29.69882577928663,29.484357612215447,29.06997282688731,28.271835838092144,27.025131959461703,26.174406726817423,25.38000000334687
30.008239722603673,29.921930296042945,30.086678489877684,29.700276619626713,29.48534343318805,29.070153776790235,28.272214944925487,27.026306281425747,26.175843736932705,25.381449154490273
30.008931546411944,29.92239817855851,30.088086409325058,29.701339358623343,29.48607335643988,29.070505915449296,28.273581211480987,27.02689459444906,26.174862028769464,25.38152476936706
30.010220910348302,29.923541956258532,30.0892543117582,29.702737894358155,29.486748811272715,29.072396875907867,28.274030647379607,27.028390644174202,26.17528601378233,25.3816599214904
30.011092263038677,29.92523045354939,30.090547748292632,29.703479505055697,29.48815165828249,29.073050422146952,28.274662315527983,27.028148924721958,26.177621519305706,25.383093468503017
30.01230402765117,29.925629450142125,30.091749051179573,29.705518134313735,29.48917640969828,29.074182229559046,28.274353968027476,27.02999631989842,26.177373926145762,25.382422553127668
30.0137705716882,29.92711590810626,30.092628908371903,29.70687409326626,29.48996706031078,29.07543094343265,28.274724510404997,27.030452025290046,26.17749180126459,25.38335261478609
30.0146768358892,29.928158435721826,30.09431045214641,29.707808508923943,29.491531878198984,29.07629540474393,28.27672120306069,27.031485486188704,26.178598721641663,25.384639060300223
30.015441012798902,29.929110077266724,30.094881865732866,29.70940046827831,29.49245939845213,29.077722635116157,28.275219618441938,27.032384938398092,26.17926532742097,25.38340511842378
30.01636659714826,29.930180611538425,30.096826556835467,29.71082848685016,29.493140677308155,29.07842777381438,28.27656474031738,27.03335116699805,26.179755123634763,25.384516305759593
30.017735960050874,29.931549774406797,30.09826916267049,29.712247081773192,29.494960950316035,29.07921376176924,28.278067975274418,27.03531896722797,26.180457482128787,25.385287213478435
30.018445645492335,29.93285610644062,30.100002936961165,29.7136520122209,29.49525730759786,29.080773023270652,28.277342377026407,27.03570216907908,26.1805988593187,25.38516109795252
30.01939909671288,29.933838341608595,30.100972078961345,29.715071018550322,29.496995051034986,29.082123182046054,28.277845578565554,27.037237342845945,26.182689468667647,25.386857988103863
30.02055749715099,29.935328831743192,30.10191685591,29.716464843677763,29.49816072097049,29.08283592267385,28.27929280169034,27.036204633062102,26.182660644345223,25.386731731456557
30.021840574777126,29.936873057385757,30.103456175988722,29.717633229794057,29.49844494886314,29.084693635851853,28.278535818427457,27.035778552070873,26.182765541066757,25.38740250901514
30.022219321851658,29.937008499137086,30.10468054692985,29.719369229994893,29.499496995086815,29.085815643969035,28.27947444223017,27.037098202194848,26.184604932042763,25.387960231261992
30.023906972017222,29.938561281832786,30.106122064093206,29.720607465287024,29.501435269210944,29.08698120330341,28.280816704090217,27.037117159714334,26.184381335962193,25.387629927104904
30.02439528574701,29.9400131318948,30.108064245149517,29.72169599917396,29.502023416451838,29.088465222972047,28.28050557177796,27.038328447103524,26.185042866557286,25.388838085710287
30.02568443967652,29.941043116838955,30.10939659160058,29.72221767374655,29.502972403279998,29.08901409446614,28.281536500875085,27.038480738591268,26.186061471448095,25.38947746801368
30.02657838107143,29.942030424998933,30.110518831662013,29.724005924227093,29.50481480733297,29.09034572420447,28.282454205273524,27.03970490098908,26.18654109510638,25.390244953303394
30.027594580400656,29.94327312003024,30.111830864605395,29.726031746574936,29.504189737996306,29.091974147670058,28.28434263441845,27.040534098833348,26.187087351347685,25.390596054851606
30.02877612122863,29.943697179151904,30.111932348137028,29.727030861738747,29.505483082580326,29.093028108653016,28.284995271167187,27.04004001975185,26.187293557801837,25.391247192643156
30.029628996083776,29.94600642300201,30.11378079322494,29.72865276340494,29.50763739722328,29.094823915940932,28.285425942704542,27.04131031317666,26.188603534844447,25.39232770014071
30.03134641576239,29.946754745476056,30.113923366490663,29.72973692477961,29.508692831781033,29.096033384037298,28.286749351593556,27.041172026259638,26.18846539931358,25.392534306733378
30.032466142507968,29.947912465368045,30.11567650125736,29.731020246358245,29.50945620500932,29.097671578391093,28.28778063577392,27.04073583634645,26.18794488104428,25.392549905352553
30.033565074600826,29.949089459964764,30.116676859662803,29.731159293742706,29.510115853464796,29.09909681825866,28.28901335852807,27.042932076479197,26.190296445619552,25.394221567589042
30.035264604346388,29.94983110372084,30.11749990880218,29.732569131168397,29.511770195806477,29.101047009990857,28.291147926751616,27.043115255459433,26.19111627567447,25.39375434024229
30.03690347074588,29.950164056132607,30.11935724800008,29.733410131077317,29.51237001258489,29.103303691668707,28.29062458712814,27.04354648428124,26.190603598862236,25.394608988360716
30.038224367751326,29.952432543035844,30.120147250438414,29.73355286014479,29.513882534298457,29.103637411743396,28.292709534735593,27.0445171129758,26.192518180704482,25.395416523961583
30.038823788727925,29.95332052991952,30.121854581558637,29.735315437807103,29.516100210265233,29.10552999463878,28.292774158260265,27.044386997830493,26.19330812772217,25.395386927949165
30.040453947215898,29.9545824955883,30.122235343192155,29.736192671580334,29.516847848062078,29.10654331578447,28.29437555802876,27.044920881891027,26.191906194371818,25.396891280880816
30.041830406825373,29.95556240121712,30.12339428990595,29.736731023060837,29.51779651694546,29.107367932565204,28.29516962841417,27.04635325671791,26.192983787859898,25.39730371211332
30.042677122107374,29.95592594332114,30.12521501217009,29.738333698535115,29.519776415926945,29.109161155064925,28.29530132967161,27.04649209771417,26.19507098252553,25.39791500305007
30.044061389620413,29.957023977279647,30.125832387740623,29.739536020912087,29.521260475168788,29.11075439220335,28.296714594573263,27.046912469057915,26.19456604221764,25.39888831147278
30.045475540405235,29.957909792197746,30.127264345053092,29.740766760843705,29.522003850919702,29.1115064345735,28.29726999248782,27.048014745798486,26.194918528416103,25.398983788286536
30.046962914876985,29.959006532337913,30.128882701133982,29.74157075969139,29.522914390151204,29.112031969050676,28.297542852447208,27.049266055422457,26.1961651959302,25.399974311191826
30.047883827564505,29.958977628796625,30.12980659064063,29.742873080097972,29.52329982600262,29.11458124347419,28.300702674696847,27.049380479047137,26.196252539048746,25.400140053184433
30.049659540105328,29.96014889234985,30.13124380071577,29.74459395925232,29.52496047980329,29.114842742776723,28.300508653246546,27.050913508767856,26.195694231741022,25.400457302045318
30.04948476158337,29.961662431246832,30.13259719726124,29.74502804633147,29.526035565209575,29.115916927389016,28.30030289275621,27.05193454421202,26.19691247068472,25.401329346637556
30.050915423578346,29.96139408551741,30.133157750756535,29.746555695183833,29.526660869556128,29.118403853072387,28.302658352145286,27.051007983442314,26.19942055089691,25.402455874303605
30.051941000724515,29.96278247501385,30.134429590407102,29.748307295882398,29.5276746469669,29.118328593385392,28.303440043899982,27.051248840122387,26.198082699432792,25.40197249744449
30.05279298318237,29.963927422397493,30.13532130143846,29.74946464726939,29.529896302082804,29.119186960214467,28.304121301895243,27.053526947088105,26.198337186478867,25.401939607817575
30.05358968890289,29.965083827344337,30.13566547897112,29.750645932874345,29.530004343343812,29.120126838065513,28.30431953290658,27.054398025087583,26.200649943464825,25.40343644980326
30.05443072062583,29.966378463060632,30.136790241147445,29.752496419124906,29.53010615710192,29.12210408643993,28.305587116968272,27.054438342714615,26.200039554187377,25.403738875348836
30.055832683909493,29.966814512151124,30.137757329691222,29.753466345246892,29.53228865902402,29.12224246280919,28.305970423069958,27.055645719580927,26.20063864904121,25.404290030884074
30.056566779388586,29.968155686662804,30.138872666609284,29.755177442883465,29.532155334102406,29.12336930777245,28.30744992554875,27.05545013577354,26.202846962620804,25.404113494070284
30.056861183361043,29.96891979949475,30.14011690336958,29.75607228615505,29.533043830314696,29.12562882574855,28.30875088588543,27.055452360576886,26.202618449175397,25.404879124668227
30.05794741267952,29.970454561587438,30.14080130157702,29.757106567897473,29.5344806060332,29.126130570671013,28.309136848156733,27.057596329140292,26.20412480164553,25.405043094904528
30.058711703631573,29.972401049709507,30.142241652411954,29.758503150567698,29.536093204938332,29.12672832681021,28.31038299312118,27.058173886548662,26.204697402739043,25.405411620675377
30.060128403574513,29.973402424983682,30.14299053731232,29.759666256895517,29.537326455128564,29.128847640840085,28.31110446791199,27.058723642756377,26.205500645127128,25.406231581205653
30.06148898350389,29.975037173513925,30.143411069553206,29.760933904862892,29.539111605213527,29.128992599213355,28.31187928257647,27.058505845595388,26.205148955309625,25.406976013851484
30.062230107977754,29.975011670585662,30.145180227155898,29.762445416663788,29.53928806836519,29.129706492358135,28.314827527174323,27.06052419764417,26.205538515745076,25.407412333604157
30.06370112679361,29.97604131475459,30.146131431562324,29.76290097655965,29.540773216378216,29.131492511185822,28.31446892377295,27.06078921385281,26.205850862111642,25.40859423517688
30.0650113922271,29.977248371447374,30.147182462253966,29.76492515455224,29.54286977520852,29.13101997076311,28.31524847284325,27.060945361422352,26.206952531013037,25.408189937718674
30.06640556463775,29.978584296052723,30.148690237128708,29.766513442078608,29.54233095522671,29.131885787036275,28.315876285373726,27.063196687637664,26.207589862923463,25.408805111153264
30.067266002430216,29.97933373375655,30.148424643538124,29.76732460973713,29.543141098532463,29.13356524659747,28.31654360816517,27.062985221659055,26.206237577414818,25.409838783627293
30.06842626531798,29.980943217500638,30.150372937870195,29.768737062005265,29.54363250814368,29.13435108959682,28.318603998963855,27.06435130355262,26.207308827037338,25.41042538137086
30.06952817210065,29.982345409231552,30.15136306193202,29.770188862742696,29.54475493722289,29.134031164431153,28.31894267803339,27.06439408609908,26.20805028322198,25.41083311384871
30.07038415254724,29.983317212260513,30.152063023355375,29.771103911711574,29.545174991605897,29.13620897023073,28.320062028595277,27.064937030439495,26.207921061819945,25.411233784348696
30.072048180420108,29.984250776699874,30.153095621003967,29.77220151538321,29.546624952893733,29.136678858580293,28.321102646255966,27.067137690281932,26.209151474956602,25.4121125439152
30.072749142972445,29.9855815946216,30.154338642696217,29.77287927436977,29.547505014929037,29.136675979785608,28.322708790922107,27.066400474902267,26.20982346100679,25.412663968804054
30.073837216104007,29.98691330025443,30.15581575575395,29.774863518776243,29.54771047404168,29.13732721310161,28.32412930364724,27.067300441829154,26.209780127299865,25.41307843735757
30.074378125145273,29.988676350880578,30.156857816300846,29.77484183385201,29.54917110187939,29.139612808982793,28.32408980907202,27.06883467025009,26.210376821574187,25.41349731453146
30.07529553405901,29.98963972022438,30.15777757675332,29.775752484334312,29.550927526141123,29.139510652961928,28.324749961180654,27.06875879526539,26.211240185233777,25.41434689563239
30.07691050918657,29.991029652100497,30.15777550014509,29.776349280761494,29.550836263442598,29.139862773854,28.32662860062989,27.07030522141563,26.21243368051486,25.415063398538113
30.07735586293654,29.991882438776916,30.15897253471674,29.777439104110215,29.55192176816343,29.141874678739526,28.327652063876023,27.07049633280114,26.213050719392953,25.41567880121135
30.078599944220507,29.99370153794444,30.16043483332396,29.778779271005167,29.553752024129842,29.143348305068866,28.328621767870665,27.070724291850524,26.2136158664512,25.416533243313914
30.078832697303447,29.99428094436551,30.159938635592702,29.779496186009556,29.553766196232974,29.143072648231616,28.3288769068604,27.072004227207522,26.214781719896525,25.417125082566802
30.080341005563206,29.995822532102608,30.16098400114654,29.78071874026583,29.554758339623763,29.14488914475919,28.330668121112424,27.072534597753094,26.215553313269503,25.41756279698284
30.082215034117215,29.997276112990477,30.161804857443553,29.781323408750065,29.55575851821928,29.145905493417384,28.3318951552797,27.073865609670747,26.216552316696593,25.418423963398663
30.082206891907518,29.998539344494564,30.16305214207081,29.781713731241496,29.556597568507144,29.146378484385956,28.332859490698205,27.0748601945914,26.216710280781804,25.41836511871748
30.083430142375317,30.00038959018547,30.16323852387975,29.78318940365242,29.558615953644008,29.147148554852595,28.333172578151785,27.07571670902749,26.218200321182557,25.419581163223796
30.08538521760901,30.000377990668248,30.164255344461928,29.78430574536329,29.559402466699932,29.148569168457694,28.33509518171229,27.076406735902694,26.218995301757595,25.41996588790941
30.08586093605395,30.00080906656744,30.165646144024294,29.784907524091704,29.560331834060957,29.149992117801418,28.334678934616328,27.07703063269421,26.219146117442264,25.42017697725283
30.086431437841654,30.002062890427183,30.165864249629088,29.785646244691453,29.560579025956514,29.15055665578876,28.336201167145116,27.078910326133734,26.220173536322804,25.420846717568022
30.087450732130048,30.002406829414937,30.167146021972723,29.78606663417084,29.56301983337022,29.152322820704015,28.336024620370527,27.078931447880564,26.221541651819066,25.42160221565474
30.08874926385139,30.00354820138908,30.168421069014556,29.78723914686869,29.56357279185818,29.153911553378258,28.336449562277238,27.07902414524571,26.221720054054693,25.422224948452275
30.08935670938444,30.003537563924137,30.16860033016988,29.78897373605487,29.564592783330326,29.153613950513883,28.337661632516117,27.080484906208106,26.22347893329666,25.423033554869786
30.09017095214777,30.004300499047595,30.17023247922402,29.78974057373489,29.566005696110146,29.155984500989447,28.338267260154986,27.083015916295402,26.222979122654266,25.423516415442812
30.091569250053002,30.005457459037935,30.17083288010841,29.790301186304777,29.56654945574217,29.157033404348773,28.339181824301214,27.08089094116677,26.224903989700316,25.423838036238216
30.09288533605025,30.005655438752967,30.17161522812597,29.791843768584855,29.567420539828596,29.158667504032437,28.340261664703927,27.08147825604459,26.22484949219078,25.42534002871079
30.0945992161521,30.007294060210654,30.171892424548293,29.792603044990187,29.5688678514386,29.15881146473252,28.3398200847093,27.082303985521314,26.22384127536521,25.423955120585973
30.095574638710474,30.00836485579889,30.1733851824471,29.793452539671392,29.570466316941427,29.159613901876327,28.342135207597856,27.080788406573365,26.226209225795152,25.425864056746658
30.09696610470192,30.00887425324969,30.174285845376858,29.794803964970136,29.570611122046863,29.161648387296182,28.342854769259866,27.078890059663912,26.225904069695304,25.42555530729235
30.098339071414145,30.010381517389085,30.17519075472378,29.794997632137058,29.572226249891006,29.162077654346803,28.34255818548457,27.07977340541966,26.225597038535284,25.424625832871328
30.099869255407633,30.01108395925194,30.17681110259591,29.795539162919702,29.573840666201,29.163119330903942,28.34432949159264,27.079547737478297,26.227279789961816,25.426447119831632
30.100696616297256,30.012556248692228,30.177534270656807,29.796802452891438,29.57398875820516,29.165154896983584,28.34563389571386,27.07597517619419,26.22727052310829,25.425534257369314
30.102001574409485,30.013647251329584,30.17857495688229,29.797591635178385,29.575125892045357,29.165887864293882,28.346009565980104,27.072049595884558,26.227213441561595,25.42669814240655
30.103561465034936,30.014700386550427,30.179572920557586,29.798050753425255,29.57583180363057,29.166996820734955,28.347617319159607,27.072771650574015,26.228708445551607,25.42647827022695
30.105034069283718,30.016342129094426,30.18113795277959,29.799807312613584,29.577015168049634,29.168716800080873,28.34873603671346,27.068809174952374,26.228201644726393,25.426050823788387
30.10539555925529,30.016328617705167,30.181988119109285,29.800425886926654,29.577540255800745,29.170276019648398,28.349439594056612,27.06387930121683,26.229449461118097,25.428199065785
30.106533250214603,30.017001507037747,30.182929595268,29.801910406333366,29.579071854217702,29.17102068337634,28.350736806148156,27.061992399558164,26.22877518387517,25.42715258647337
30.10777070790231,30.018490020075397,30.18365221210933,29.80239728490971,29.58077309025025,29.17251586728099,28.351778875902248,27.059086883519058,26.229209577338818,25.427023303091467
30.109327228985045,30.01966596248228,30.185096891946444,29.803108241835318,29.58111165458253,29.17259101869053,28.35304002439568,27.058096495991443,26.23096334184142,25.428898312074608
30.1101244912139,30.020955780600783,30.186080636242032,29.80503429406443,29.583167775729414,29.1739585868085,28.353539500225764,27.05823296248345,26.23064610589916,25.42876750051192
30.11136482678481,30.021568922035122,30.18636413681962,29.8066389928988,29.584652300301094,29.17517580172412,28.35532347706044,27.05588632891381,26.229315727862268,25.428206144117915
30.11352108310797,30.022378974848504,30.187823611777127,29.807274885663347,29.58574120498799,29.176614406539,28.354183257518937,27.05427661694813,26.23092544638249,25.42970120399832
30.11464924428529,30.02412420825951,30.188495722232794,29.808867090705277,29.58723058301088,29.17673998642576,28.356520495991617,27.053936141839042,26.23082439902052,25.429390259490717
30.115548722567812,30.024543625754,30.190105812396773,29.80855736867991,29.588460379400075,29.179177453047558,28.357178930379927,27.053811553208668,26.230539585202255,25.42998517131274
30.117192916155467,30.025724129040185,30.191323533727843,29.810278827156623,29.59021906950996,29.179750997401793,28.357396185529844,27.05346566618752,26.232555777860785,25.430983388391617
30.117980739658,30.02657637922674,30.19161537731557,29.811007869890563,29.590745961336907,29.18039199843077,28.358563968841327,27.052537826319224,26.23272047820852,25.43062549618063
30.11899316694197,30.027802186274485,30.193756704103922,29.810856183684713,29.5921413627247,29.18205827288144,28.35768861009597,27.05176113878998,26.233311318577442,25.430906192557078
30.11985757839011,30.029314005437094,30.193976871057878,29.812096047185523,29.593949705503956,29.182201093951118,28.358746427066947,27.051704094801835,26.233634351812224,25.432255312013634
30.121139197597245,30.03087633228673,30.195416311634006,29.813886874468253,29.595451178710242,29.183819793499893,28.358901798899705,27.05171116324411,26.23425183178693,25.43146645324105
30.12246370775268,30.031224490062172,30.196827957570616,29.813805312387444,29.5964417633256,29.18440941576137,28.359170622752718,27.052426710938686,26.235261239801012,25.431381285196043
30.123425896367642,30.033197527908083,30.197450233690724,29.81530918116882,29.597191006780776,29.185732865823745,28.35995714963949,27.052199487730096,26.235129741950015,25.432980130758096
30.124640009429587,30.03317965458031,30.19758242711104,29.81768118995207,29.598785102166097,29.185854449442814,28.361418233992865,27.052039634898545,26.235985713431216,25.43226814004301
30.12623879063517,30.034794908257467,30.199185835032377,29.817617298065386,29.59928264718834,29.186587036922596,28.360534653342132,27.052575708274986,26.23631532151146,25.433479738064175
30.12784933302527,30.03541265497268,30.19985579703423,29.818637352205158,29.600739976823025,29.18835971777746,28.36170522119048,27.052060689949936,26.235812681022125,25.43399617712105
30.128254557670623,30.03609706135898,30.200688294747152,29.818942570189037,29.602023552448774,29.18921682894865,28.364062852753147,27.05100374526545,26.237575313401802,25.433760458660743
30.130068631510724,30.03791965342442,30.20223104839952,29.820422321205584,29.60293462085113,29.190442365474674,28.364069237839587,27.052618800782465,26.23842443055492,25.4350356923775
30.13145138622821,30.03803258441492,30.203209596270977,29.822065961040103,29.604257578085026,29.190744536375973,28.365836337989453,27.053574996688944,26.238473397943494,25.43527279074651
30.132130807829927,30.03899291725802,30.204290229846467,29.822454889099173,29.605675592107836,29.191717076422808,28.36550638887354,27.052459013115886,26.24014886316533,25.435421277150194
30.13272297021759,30.04064802640911,30.205006923225216,29.824053913596337,29.606949164433676,29.192885897151513,28.365844306261554,27.0539145205501,26.240402508313522,25.435892518130498
30.134265530455412,30.041314880880925,30.206554686175412,29.824462634115324,29.60856701562936,29.194201190334894,28.368988129590342,27.054782670332507,26.240379536830925,25.43760606117938
30.134853298867313,30.042310510777167,30.208160211537944,29.825593275228602,29.610059545603576,29.195222789420207,28.368372433719955,27.054775341268183,26.24190940027884,25.43789526326712
30.136364791154236,30.04360140502227,30.2081243707968,29.82724510138963,29.611027594990258,29.197106163710423,28.368971621028724,27.05662021598237,26.24223541932016,25.43801524753093
30.13690333015347,30.04489126457491,30.209638468048947,29.828190619515095,29.612515011485417,29.197085018627952,28.371091556848533,27.05715106991072,26.242422642295477,25.438927394948617
30.137745251381908,30.046335057357744,30.210381593231777,29.828113767307407,29.612516874424657,29.198060447123346,28.370456521175203,27.056350814608486,26.244677196933065,25.439138840793056
30.139898217390147,30.0468967012525,30.211766192862484,29.829135148727566,29.614119696100726,29.19952645667216,28.371820577935424,27.05786819792116,26.245221696991443,25.439750685881567
30.140891463486565,30.048533765426505,30.21299830020686,29.830315421394133,29.61504320112534,29.20046724444211,28.37240512613655,27.059244191536106,26.244999537465578,25.439831092832968
30.141851445599105,30.049186284591954,30.213529325425647,29.83083397431045,29.615912583997304,29.200908248250098,28.373181714632175,27.059958781533076,26.24635055335212,25.441409016397017
30.14277488839605,30.050429442858814,30.214578144279702,29.831677640561022,29.618133126926686,29.202258309455857,28.37474302893829,27.061111377392614,26.246266795258055,25.442789310876435
30.144144567250073,30.05158478604634,30.216265674748776,29.832360219784494,29.618342703913104,29.204084736160233,28.375113729695684,27.061432954188895,26.24701861003969,25.44153727946396
30.145355762587545,30.052989777632952,30.217217246193204,29.83317642876129,29.619471576353153,29.204626660014906,28.375852851039262,27.06215892466873,26.248407577021883,25.443238988833485
30.14512859491202,30.054193049091324,30.218199427062014,29.833576777269425,29.6199254404751,29.206324048996144,28.375855452091443,27.063981870154187,26.248026906524252,25.443537082384573
30.14690687985261,30.055627833597832,30.218856583776738,29.835091861851733,29.620620272374964,29.207369931207552,28.377970807857892,27.065092920654905,26.248797682325407,25.444056182664117
30.147114841752046,30.05692493691531,30.220497919719413,29.836425123073763,29.621744016698063,29.208608455538318,28.376207381709616,27.065928113165082,26.251068577428146,25.445233680536962
30.147483653424082,30.05810812383713,30.22142129113586,29.836534361749656,29.621855212244842,29.209119697675973,28.376525915397927,27.066777662999435,26.24989157266785,25.44496311026762
30.148558361958784,30.059409378831752,30.22201799533692,29.837314471754183,29.6227429834114,29.211012158035384,28.378598570696276,27.067672867199217,26.250403879071893,25.445497203253037
30.149794658544486,30.060898143194905,30.223370669072587,29.838841383158407,29.624054140824164,29.21207852475922,28.37806969806887,27.068522130882254,26.251983962617878,25.445911863818434
30.15074540902495,30.062741207571506,30.224740606916622,29.83963262743537,29.624500403106456,29.213336691097943,28.3793103531714,27.069007658027967,26.25221218828079,25.44699566062766
30.15173032229237,30.063490642367043,30.22613199143276,29.84110043793684,29.62621299566328,29.214617432760186,28.379135117327774,27.070840593644743,26.252104229368758,25.447153888999278
30.153186777834907,30.064531792959137,30.226788722770024,29.841937569037036,29.627264604811874,29.21623512478151,28.38023891585133,27.072122257728605,26.2526386976632,25.448143484167684
30.153612509618505,30.065924829780943,30.22780029242558,29.842869315933797,29.627989864382464,29.21751070615324,28.380642746712446,27.0724062003038,26.25328558366534,25.44871704348867
30.15454850802395,30.067270016110687,30.229208514674134,29.844325031688253,29.62947261348812,29.21916822599104,28.381040861244998,27.0744428052925,26.252990939860137,25.44868212133869
30.15654191474696,30.06782254646421,30.230085667221868,29.84522127910299,29.62976574938821,29.22044321007445,28.38211922721536,27.075194361719586,26.25335362079249,25.44777683075702
30.157115059241015,30.069479790518656,30.23114018152452,29.846115551444598,29.63058524015168,29.22136504886847,28.38284452934236,27.075770935320534,26.25492422642735,25.449948500370986
30.15774914373096,30.070557538812803,30.23240901032072,29.847173536830155,29.6311617916786,29.22166038431456,28.38263902458173,27.07743464871507,26.25457562137043,25.449455069997896
30.159883170175654,30.07204061158385,30.23348272013116,29.847857531686962,29.632209494188984,29.22352757481638,28.383250897249038,27.07802442259799,26.255019017486376,25.4490732970606
30.160700302608863,30.073177468514807,30.235148428191927,29.848618743521524,29.63319917592564,29.22481987784448,28.384883929790735,27.079515059546402,26.256119160698695,25.450227499943008
30.16134458637211,30.074329789578208,30.235882131716973,29.849421958279272,29.633437629957797,29.226116560380895,28.385080330475994,27.080508667409333,26.256354300554136,25.450324080683245
30.162160605388326,30.07561280300007,30.237090140102193,29.850393196190467,29.635167903032944,29.227331539771356,28.385919352172508,27.082011499562228,26.256530081363184,25.450074853180737
30.163947563906763,30.076196770844806,30.23821711422847,29.85166761751259,29.636495086403613,29.228535553143672,28.38627381572089,27.083884743141905,26.258546528893536,25.450749423034065
30.165440736248755,30.07750504422581,30.238977701337685,29.85290105144218,29.636130006757533,29.228936948170933,28.386549103869456,27.08436440076916,26.25946746045102,25.451268704328392
30.166172019735924,30.07781343432338,30.239921811587926,29.854473661663718,29.637231321219218,29.231694557526865,28.387441347546215,27.085279251773716,26.257735647057387,25.4520229587299
30.167126429198238,30.079967753566343,30.2403814308026,29.855328566670632,29.639514271048263,29.231022771291457,28.388808162553886,27.08774396707174,26.25927122444368,25.451021913351948
30.16845803174096,30.08032496602944,30.241491324935392,29.85693108409277,29.637712100546807,29.231529859091726,28.388710561182183,27.087924880683584,26.260472669578505,25.452015078806667
30.16909327033272,30.08131100264826,30.24072534620553,29.858239728101495,29.637738115246112,29.232520900274896,28.389749047157174,27.088906703929922,26.260161810004313,25.45283398589225
30.169776435353526,30.082624482684924,30.24132212608145,29.85928876683279,29.6393648421885,29.2345578564182,28.391289727749264,27.090425540383258,26.26032468690799,25.452673325135272
30.171620020065333,30.083556072691596,30.241383160713863,29.859748527383513,29.639365136011957,29.235027110883657,28.39205036674283,27.09230248982514,26.26069338935409,25.45372787625024
30.171809236239145,30.08339264579297,30.242418233666044,29.860204529838942,29.640717627451416,29.23500078897206,28.392844575354847,27.091966386300335,26.261234418653085,25.4535529395176
30.173555681898605,30.085136669532332,30.242614173741558,29.861489071941108,29.64181962032656,29.23678091496364,28.394558726195367,27.093096567178442,26.261522027429223,25.45394414317599
30.173527304290914,30.083502504275966,30.242573380131166,29.862971551163284,29.6421077371131,29.236638025618195,28.394433712847412,27.095321694590908,26.260833279314276,25.455124485931883
30.174332541463155,30.08319713124652,30.243816320823406,29.862778056695678,29.64364825004757,29.23774332617855,28.395287101597493,27.095271191860682,26.262609855714935,25.454946743458716
30.17603692449372,30.084746555744744,30.244632237770716,29.862958647154404,29.644639910412366,29.238166576601298,28.397205085253802,27.096132816984703,26.262165690729248,25.45568981980844
30.177106951794347,30.08244240066217,30.24519976442297,29.864988677352713,29.64490360947614,29.237369178318964,28.396388876689432,27.09771217286804,26.261092067639392,25.455657625186916
30.1781699153481,30.078317403018158,30.246376498720743,29.865397111744834,29.64630024218145,29.23941006781575,28.398522546907095,27.098787745225952,26.263117721538855,25.455721897693945
30.17920524665776,30.07548038041788,30.247190291671103,29.8656714986273,29.647484581398377,29.239662758576785,28.399503005865935,27.100065322373254,26.262747178982373,25.457930176196975
30.18010582404999,30.07241321242639,30.247915285552658,29.8674172507757,29.648125377350926,29.240067739848246,28.40016267608215,27.100993498488645,26.262155981866748,25.456167601199216
30.18152243417127,30.063941492480744,30.249173076933438,29.868343784314575,29.649165238325878,29.241437104421323,28.401909076526636,27.102842271182382,26.26402836680213,25.4569743541849
30.182629926775114,30.053760576970152,30.24975760027938,29.869070708831103,29.650520787760875,29.24178213756702,28.403188462630222,27.104684979608912,26.264720182669244,25.459066167075072
30.18330926028744,30.047295814777478,30.250397108244236,29.86995707280758,29.65170947124038,29.242284448111178,28.403431535905973,27.104555913493492,26.264978416253633,25.45739435409006
30.18450462672487,30.035940887151853,30.251367742684433,29.87121336244766,29.65275257998183,29.24273855220111,28.40597093393669,27.107056115417233,26.266004321284832,25.457489991556198
30.18621585815332,30.02379216411887,30.252099058336142,29.87302416888889,29.653464776903,29.243914463232407,28.406001603601272,27.107584941964472,26.265760876830484,25.459244810652166
30.187507519274032,30.013907269604463,30.253183586310847,29.873871913645576,29.655126570178872,29.24469343173543,28.406614881697514,27.10860835221867,26.266356594779204,25.459123957496605
30.18843252521937,30.003643001197542,30.25427026796355,29.87503329280849,29.65576232171246,29.245461491189207,28.408710311579295,27.10961037694487,26.268144518345476,25.45964998318987
30.18924994239073,29.994595151512048,30.255014557132792,29.87636618553092,29.656365567196417,29.246733675484762,28.41010651824865,27.110698898584353,26.268644694820594,25.45992765312957
30.190584748209595,29.985383779003243,30.255904748516436,29.877835753286558,29.657553169559925,29.247738248244094,28.411217812551335,27.112139735096846,26.268720963167965,25.459974701934
30.19100249384148,29.97552968214256,30.256391308788096,29.879522283317552,29.65823921759145,29.248353362102556,28.412536865401883,27.11290491602329,26.269015784007625,25.460740886776545
30.191235367355816,29.965875013682833,30.257320704998904,29.881309359774058,29.65946580081617,29.24922095460504,28.41287364254082,27.11411877843403,26.2699627716537,25.46023841286571
30.192807263648472,29.95726420460533,30.25816952901844,29.88150442657298,29.660183288512325,29.25004407437388,28.414974298253085,27.114885183319878,26.27103856011905,25.461085498354308
30.193513034310037,29.950394559362334,30.258596986957702,29.882591148271224,29.66172308211522,29.250289158256564,28.414570168909222,27.11554631839306,26.27089450762197,25.46139647578366
30.19439850559513,29.94354117531597,30.260486913402232,29.884012408983345,29.661902233459614,29.251159520302636,28.416023442644075,27.117415179846933,26.27215605889189,25.462640375069434
30.195030245122627,29.93663370680462,30.26116862051365,29.885501419127035,29.663050750354483,29.252436285603988,28.41739554154828,27.11680751305031,26.273750906515833,25.462901760158324
30.195825977207864,29.930121354438985,30.262152153800383,29.886524695138156,29.66488393834851,29.25411785756402,28.41690355382688,27.118141209192117,26.27265036999072,25.463617722694572
30.19679378127004,29.924192674716164,30.26394181031652,29.887797419154644,29.665349960124985,29.25432842501842,28.41979554870302,27.12030222264569,26.27412144177031,25.464231343212123
30.19779862690858,29.917776576870196,30.26434406940976,29.8884448309084,29.667524100714424,29.25496997457315,28.420118361537877,27.120203480253586,26.275616943531283,25.465232322063635
30.198881585934245,29.912256047440522,30.26581406178604,29.890300669821176,29.667592793527398,29.25559944706384,28.420693231453345,27.121396184166887,26.274590600486892,25.46579973596304
30.19963909626888,29.907977772272236,30.267167398251658,29.89148838487378,29.668111380512773,29.25685569947664,28.42216492307295,27.122077940606996,26.276888308153538,25.465927105856156
30.200793219693484,29.903812352692732,30.267987756234707,29.892766130226427,29.670011561248838,29.258415064634825,28.42203229656961,27.123176774395063,26.277490691081333,25.466962879600764
30.20159726751843,29.8993954250868,30.269263800605167,29.895172613043574,29.67050472640456,29.259826214163482,28.424194483499356,27.124581457950846,26.277039979648254,25.46739128144063
30.202653366656943,29.89507535338424,30.270789463573976,29.89459521570598,29.671102626735397,29.260417461216672,28.425397028819038,27.12491256173681,26.27867834464769,25.4665678774327
30.203513383567042,29.890482790086494,30.27205542233024,29.896433490681808,29.67352628743532,29.26179905973667,28.42489870381796,27.12603838511955,26.279377137503847,25.467259694867224
30.204040351193697,29.88589215605493,30.272699453004105,29.898850543398403,29.67325842354952,29.263196337870095,28.427365486226783,27.12751675906306,26.279209298436406,25.468454597525852
30.205882401275215,29.881909543856132,30.27442253792507,29.89879081173519,29.673888159308504,29.26382811338428,28.42704322534598,27.12788786816236,26.280903018935426,25.46783309866436
30.207564933986507,29.8796892936323,30.27509472001826,29.90002718753467,29.675608406731318,29.265728047364075,28.42848456093458,27.12974883436953,26.28190624133893,25.469731094458442
30.2081444282283,29.877660843811753,30.27624273040101,29.901283941932398,29.67573858903586,29.264813387309356,28.42863074098126,27.13097471692796,26.28192319394167,25.470012258295892
30.2094106376609,29.875191908039834,30.27733259844243,29.902040676615126,29.676671418240574,29.265959101229893,28.429801093396733,27.13101048251024,26.282614864051776,25.469378570704933
30.20948712698275,29.87186442184975,30.278816820355342,29.90199168783157,29.678471498884903,29.26645136452769,28.43003651571843,27.13305980871707,26.283671894620618,25.47071390831252
30.21060119551889,29.868702382709188,30.2801684734788,29.9038000540529,29.67899689427909,29.267166467565644,28.431327020724208,27.133000872873396,26.284440252440483,25.470814074278863
30.211841631843534,29.866406196583583,30.280495785840063,29.90451383055259,29.680173791661755,29.267973280485013,28.433138302659962,27.134034059251235,26.28471677733597,25.469913037064845
30.21275594012767,29.86493483484481,30.281492060274616,29.905387294032593,29.681617201815648,29.267788977484116,28.431778374141096,27.136861933498494,26.285272944131236,25.47081298376144
30.213659777704667,29.863678533023258,30.282062261970353,29.905855391669157,29.681908962977317,29.268346308119128,28.433223738531805,27.13619412355001,26.28643428960701,25.471332844870748
30.2151177582855,29.86263060696107,30.282993395695897,29.90793644980303,29.68306596101712,29.269233434588426,28.433785772528747,27.137735970841025,26.285991657088246,25.471797409281642
30.2148971784178,29.860956449908826,30.284671724288824,29.908507181243955,29.684005568777103,29.270613085089792,28.434849377343177,27.13930873799489,26.287299350589667,25.471850538205718
30.216046707057828,29.859607523200143,30.286269501606384,29.909039629480397,29.684526797004903,29.271314163735447,28.435632831535067,27.13830231621545,26.28955512043808,25.472226162842027
30.217090219281275,29.859287662708116,30.286957790320102,29.91047649936284,29.68548558959786,29.271737108574495,28.435404641931576,27.140704165264438,26.28884160434439,25.473648525489185
30.217833056629274,29.85885414636487,30.288675054415826,29.91204772024603,29.68691851537929,29.27251051997104,28.43655173949184,27.142518101335003,26.289056056536225,25.47298082012481
30.21739367150691,29.857847978247264,30.290360337157285,29.913304277593397,29.687777821968453,29.273814886769408,28.436405474805817,27.14226993180716,26.29187407015951,25.472545427616854
30.218635281030632,29.857477670727278,30.291232472414276,29.914397029976403,29.68783235536332,29.273777526999083,28.43823278836181,27.14384902420771,26.28975992660233,25.474648095699276
30.21982099781811,29.857429312675954,30.292367927916395,29.91607477582198,29.689309747618747,29.275284024186128,28.440692052338157,27.143854673255458,26.289462706367388,25.47404511923061
30.219950517878324,29.85721088912433,30.292932568204055,29.917101785905803,29.689667080196788,29.276776727426533,28.439408712682205,27.144394254187393,26.29154167107711,25.475384730701837
30.22112684498683,29.85712789534173,30.294534687089417,29.91760007731855,29.690477638486822,29.277234520802562,28.440979869521662,27.146022043483637,26.29096187940201,25.475015821772832
30.222694085129223,29.857272228122294,30.295670856114114,29.91841423627975,29.691144451430603,29.27826242746004,28.441325958543423,27.146021146923147,26.29144649242462,25.475634861513093
30.223122655031208,29.85761554959865,30.29694137939557,29.919363452612497,29.692529195165992,29.278633462569687,28.442870255829106,27.147255225402883,26.2922448424945,25.47676824084974
30.224007291027934,29.85810172975274,30.298312654733323,29.920130572969477,29.693782381983883,29.28010735528708,28.444118432327052,27.14821656835597,26.292680521430675,25.476102187891353
30.225302726821305,29.858893625287813,30.299844464184822,29.921141038764002,29.6946996216457,29.280844332716633,28.44468338154979,27.148645651601306,26.293896950189314,25.476856430503993
30.225461921681696,29.85937670218618,30.301358441824707,29.922693524727897,29.69704556840368,29.28159952413962,28.444965595861184,27.151121780246367,26.293290880487994,25.47857289596663
30.226650123972775,29.8599174824796,30.302431145621362,29.924127559032677,29.697606496923207,29.28340596172861,28.447196876465718,27.149960628714673,26.292912247587033,25.478808313049434
30.22811150110487,29.860851053843245,30.30416704805642,29.925221236176434,29.698099933175236,29.28464360381969,28.446573902577835,27.150097626053935,26.29500521029554,25.479002733692283
30.22820377071731,29.861467525536654,30.30552741519786,29.9266428120084,29.69982496526969,29.285006067738863,28.448666199971004,27.15189636545754,26.294954063811105,25.47967053938883
30.228709292198875,29.862190913398116,30.305965493367538,29.92774191501107,29.701136963543,29.2859058464949,28.448918530964995,27.15192722676417,26.29466453691446,25.48014829953782
30.230269814803677,29.863303015731585,30.308233917483104,29.928909011775904,29.701937805015692,29.287569343625833,28.44957184493274,27.152008847332123,26.295865243697012,25.480340508214443
30.231048520153895,29.86472808868318,30.30829189359972,29.929483079674736,29.70351234995009,29.289083113229818,28.451703741188243,27.153832088685377,26.296166038187355,25.481115908316543
30.23113215752022,29.866345923350593,30.308662509112207,29.9310533977064,29.704175493368012,29.289466506550845,28.452452752432315,27.15466547558488,26.296253044106294,25.482600256216266
30.23320468338291,29.86772142229251,30.308230287010915,29.931688251117883,29.7059298058017,29.289973098003138,28.45304623341484,27.15410106755939,26.2977200748802,25.481762566171753
30.233487071782456,29.869107047974225,30.308029813195173,29.93383273072306,29.7075389369226,29.291523212135612,28.453842936164776,27.154852626617064,26.29772348572338,25.482229298826976
30.234689995613195,29.870204840894452,30.308876957856327,29.934984286606856,29.707677953456425,29.293304908926558,28.45521616444172,27.1562053011009,26.298695886438992,25.483655729695194
30.236267445813844,29.871789621905855,30.307749178076847,29.936224553037427,29.70948526232805,29.294039065481048,28.453849185943895,27.15691567055928,26.299189148939725,25.483877842816874
30.236555928226274,29.87378203465813,30.30822054366628,29.938067918376138,29.70993369599467,29.29482407519042,28.455986340774537,27.156822610931833,26.2992627386759,25.48452369010546
30.237182119151882,29.875646469212732,30.307477330446023,29.938448480639668,29.71116335598518,29.29660581876654,28.45733827381139,27.158826294725735,26.300415796963705,25.485160439426764
30.238520823007878,29.877413388546735,30.308266612282626,29.94069526237873,29.71199957925868,29.298156130515864,28.456503425330617,27.160123018261885,26.300670459693272,25.48557413259225
30.239646415465998,29.879173459147914,30.308014644947733,29.94116533701268,29.71258801522955,29.298232790182695,28.457352375557452,27.159780079026167,26.300338678934573,25.48505783960985
30.240046134137902,29.881156387417565,30.30676030972903,29.94194922766642,29.713832939188002,29.29934893720326,28.45820978085573,27.159618092354073,26.301717743154708,25.485525707615942
30.241645877437755,29.883393214902377,30.307113668784194,29.9436609280404,29.714491330804563,29.30072999555343,28.45889028557126,27.16031106208428,26.303198723959134,25.486836441934546
30.2431502386297,29.884929940457575,30.307324838961172,29.943977480970744,29.715646677049165,29.301684719557073,28.459841794757217,27.161466949625215,26.302997079139526,25.48682361935302
30.24361351803396,29.886914810494623,30.306870425077335,29.94555016299731,29.716429261240794,29.30250155813841,28.460037472314298,27.163088673649124,26.30372443277715,25.48740649744183
30.245143402861835,29.88941681316765,30.306922828938255,29.947339729168206,29.717178234949024,29.304146140114533,28.460861329549818,27.16324160800848,26.305087311804805,25.488512049610478
30.24659851299011,29.891479721472983,30.30736479522701,29.947161886889063,29.718493786920416,29.30443199083213,28.463001543261804,27.164094946113522,26.30453844370754,25.48806274309029
30.24769667901916,29.893488690006205,30.30733134953769,29.948240859965832,29.71953926442389,29.30530378754929,28.463236367618002,27.165292374222393,26.305403112918317,25.4883984776112
30.24855056210018,29.89594856124636,30.306979218469557,29.94879084344717,29.719876461306658,29.306618255643766,28.46460600789364,27.16485584647652,26.306316458939154,25.488274352056578
30.25013112603251,29.89775045339023,30.308206643755394,29.949921658303587,29.721220201101367,29.307369709425032,28.464465154769787,27.167539775708306,26.307131723430572,25.49016950819357
30.25127606257729,29.899966603626208,30.30917753838809,29.951245598031086,29.722338648290375,29.30885305650715,28.466193998145357,27.167197532041293,26.306237828891827,25.49055806911609
30.252083364725237,29.902479339236002,30.309193307804204,29.95134694232531,29.722891423508845,29.30925414111135,28.467250485004474,27.167820498939438,26.306692663939117,25.489656139116104
30.25319376736693,29.90458173130635,30.30990001231331,29.95328917596455,29.723772954565728,29.3104113775378,28.46795101416997,27.170011176792507,26.30831703028031,25.491363519693955
30.25472195855287,29.90673332165549,30.310387911375727,29.954357203013867,29.72454753890926,29.311559116941602,28.4692531666861,27.169658273407585,26.308140404552212,25.49121337327535
30.25588099918256,29.909203083404666,30.31126793442777,29.95469122980742,29.725437265889205,29.312972645758,28.47031716363272,27.16903942343241,26.30841385436256,25.49167079526344
30.257564931728847,29.911603647106602,30.31201115872859,29.95580155347951,29.725126171133493,29.314587555732476,28.47123970033088,27.171171171956967,26.308913591935962,25.493195967634243
30.258489566372056,29.91460229270092,30.31192375717135,29.958223863105676,29.727022730348608,29.314491586759004,28.47339715302042,27.171466564632254,26.30955385635417,25.493237214337455
30.259651992567903,29.917000410029054,30.312897535638378,29.95837323746472,29.727137882748686,29.316531197697365,28.47336910828591,27.171921284321115,26.30945308017796,25.49410983985969
30.261662699932828,29.91923121281975,30.313285882988037,29.959972028892928,29.727512501065757,29.31705599690162,28.47506995890132,27.17371919793099,26.30971066318851,25.494685546610015
30.262744402542076,29.922070404328558,30.314515754954456,29.961031374088027,29.729325497111677,29.318434399613025,28.47626057375531,27.17499870915895,26.311353895772783,25.49444795391228
30.263701986593148,29.923858558741244,30.31630136364059,29.96138189535531,29.729260594411123,29.32010624199505,28.47702875169647,27.175313807882972,26.31163955696277,25.49487532308912
30.26463887674433,29.925713985068025,30.316462138843846,29.963627309502087,29.730262918116654,29.321105080048525,28.47929052730081,27.175578656802834,26.311868923987852,25.49604384011556
30.266004570698414,29.92827651508037,30.317890954066044,29.964323951379512,29.730697207785358,29.32200331742132,28.479077966410323,27.17618013000225,26.313151070399602,25.496349456971032
30.266783039787054,29.930943771365826,30.31886486865359,29.964489783119056,29.7317433924699,29.322831541141788,28.480896043608865,27.17725848463738,26.313900945263867,25.496725912360937
30.267766629290378,29.933690153987442,30.320481402874705,29.966409024612688,29.732679275524617,29.32421571958634,28.48147542524083,27.177102316550222,26.314232439751347,25.498014705573677
30.2670083597681,29.936617245013704,30.32158005958212,29.966703807654476,29.73233006360786,29.324438893353385,28.482119159396056,27.17866241249809,26.31549059841746,25.49730280694025
30.26866730983596,29.9393701921367,30.322534619743514,29.96772961955353,29.733681604563294,29.327105909240075,28.482330315598645,27.179673470462767,26.315945279627385,25.498175719337436
30.27032312996427,29.9417446222629,30.323996029428542,29.96883322981104,29.735107015933565,29.327277097902,28.484588101960767,27.179749792806494,26.316790487063855,25.497728735769968
30.27035366885189,29.94435158418492,30.324858158904,29.969344603539074,29.73592017582638,29.327720664992523,28.483661183395736,27.18106707637377,26.317352729097454,25.498796009213855
30.271532139313866,29.947404182836475,30.32603643690548,29.97063021604685,29.736067024449998,29.329287436857552,28.484285044835772,27.181243608526877,26.31820765317158,25.499369840556273
30.272858653496016,29.950286203834217,30.32707972328152,29.970753781325918,29.73657989924446,29.33006475981308,28.483993277412285,27.181851330883863,26.319221103960846,25.499449825374572
30.273803588542453,29.952625529696423,30.3277618535314,29.972292871948877,29.73866368622396,29.331329826389112,28.484256388842795,27.183037204690585,26.31910550892937,25.50033642632051
30.274426708163542,29.955210404589927,30.329042329945924,29.973292059684855,29.739374186371215,29.33211785888888,28.485094186969132,27.183824180426743,26.31979877086334,25.500170305261154
30.27522229976565,29.957970328706462,30.329469745506582,29.973016572572885,29.739407890432528,29.333694915016277,28.48612393976741,27.184898947262003,26.320308513671705,25.500280742520328
30.275787978908916,29.960313314178944,30.330977580392492,29.973506583635604,29.74093749933678,29.334187924794193,28.485686801011312,27.184233270628823,26.32044322797924,25.501047781512334
30.276483796153638,29.96349000773889,30.33273231068908,29.975189334454324,29.741879198801765,29.334358473020817,28.486346297474476,27.18623125194818,26.321508723829513,25.50095133183185
30.278293757863416,29.966243672459655,30.333628251716757,29.975575771845918,29.742612671550344,29.336973760355278,28.48773798919087,27.187902505804708,26.322345217762408,25.502621011770277
30.278366847100045,29.968723712198567,30.334312209534005,29.97567209283806,29.74421841335003,29.338175686274546,28.486960879736564,27.18756679314901,26.32177259207201,25.50302113460433
30.278998910062967,29.971221306054538,30.334733932307856,29.977373345570925,29.745263006463844,29.33833805280051,28.488833674574767,27.18876189894448,26.323422917058984,25.502628391970717
30.28008910666812,29.97335800519114,30.33545842639386,29.977950686891056,29.746731541316418,29.339771975119994,28.48720419602682,27.189902203342285,26.323547315844532,25.50382806706784
30.28093230443671,29.976418848805007,30.336115995369592,29.97927995776674,29.74801549845172,29.340667999957187,28.489343560315138,27.191241315466435,26.323596274583817,25.503698452249196
30.281853907705816,29.979087742318438,30.337046783718286,29.97973790962344,29.748876082039068,29.34149432537029,28.490963726741736,27.19168517154071,26.32575753119361,25.504516043164976
30.28272013190429,29.981413006334247,30.33865259063781,29.980834690379496,29.750697622682956,29.341786677692404,28.489981019804127,27.19262733608177,26.324444447390434,25.50530046489078
30.284416285334167,29.984289567708224,30.339692323993145,29.982106718067843,29.752123402501237,29.343919482672565,28.491263259358966,27.193793821435403,26.32472072195528,25.505404779943998
30.28502003160927,29.98712933422889,30.340070806787157,29.983058890233423,29.753127252037306,29.3454126649329,28.492543889378265,27.194257175600818,26.327216528631983,25.506193000357342
30.286076106432542,29.98946593814612,30.34200121407485,29.983848094816288,29.7553671275659,29.34582354943747,28.49301561534093,27.19554201730416,26.327264228007824,25.50651939428091
30.286975211187986,29.992282228831,30.342787742376082,29.98501296444118,29.755566800305825,29.348082583396792,28.494020174666712,27.196235154229967,26.32770630959691,25.506459799076623
30.287316812373987,29.99461572782503,30.343890269226044,29.986076278705948,29.756235446077525,29.34799402516799,28.49494695488226,27.19790028497365,26.32859836402943,25.507316013514973
30.28783710945918,29.99690182858915,30.344805623092054,29.987061552855245,29.7582856468145,29.34819153955631,28.495832797686752,27.198436830124834,26.32922815308152,25.50737556490802
30.289228512472896,29.9995944763665,30.346058201824967,29.98794212817262,29.758109123949268,29.351003701114102,28.49588182521577,27.19892951169015,26.32905583467916,25.508378012857435
30.289750447673217,30.001648449949705,30.347128863827656,29.988950873293135,29.759806990387755,29.350472134848104,28.49703670345874,27.200296183152453,26.329922647053678,25.5086070900173
30.290256313408108,30.00366343013063,30.347852231503317,29.990053786465918,29.76127708118924,29.351595108859758,28.49812204888524,27.20080153939129,26.331472054435746,25.5088543540559
30.29196745222496,30.006299231392756,30.34938847425971,29.991363168627917,29.762145459431864,29.35324350727416,28.49959863097083,27.202850656390495,26.331000633662253,25.510569130769642
30.292483435182092,30.008763450420183,30.350658136347523,29.992416775358443,29.763180323971387,29.353855303227164,28.500655494412985,27.203609660493555,26.33196639498741,25.50894276762768
30.292934079661187,30.011202466830078,30.350688174093552,29.994191044116846,29.763797746302586,29.35412417910319,28.501263051661763,27.20437461041646,26.332648619887813,25.509580169651226
30.293599029554382,30.013662947486857,30.352282635149027,29.994623575059865,29.765380174605834,29.355682249803536,28.502409653182617,27.20430130666231,26.332190212850676,25.510716950856896
30.295292838900924,30.015985203451446,30.353654160461048,29.995892019537102,29.76678847215038,29.35685144283322,28.50137789273365,27.205129739041926,26.33383620361777,25.509511295259948
30.295999576289077,30.018163762146578,30.354649640876236,29.996504993342267,29.766468898943835,29.35737090375152,28.50430047432819,27.207005100711793,26.334820986829712,25.510413614308654
30.296590678337665,30.02046663737662,30.356045154762693,29.997610234499284,29.768014175954143,29.359056749072696,28.50342322436079,27.207654842334268,26.3346152509739,25.510256687825517
30.298150809510528,30.02328018785704,30.357253128541313,29.99886981911056,29.769515286821996,29.3603061905393,28.50450951672943,27.20771012253284,26.33544141103995,25.509984949283357
30.29875010310478,30.025531642312536,30.358569781751218,29.999322642320298,29.76961086041048,29.36032075010559,28.505127142567268,27.208769832805007,26.337058424278432,25.510575910918053
30.299745298622568,30.027645598094356,30.360027720378362,30.000632238607846,29.76936994215344,29.361045675905206,28.504405949037974,27.210257943924077,26.33728722796072,25.510846553411582
30.300858117781573,30.030809215525025,30.3607601765278,30.00170376245366,29.771448287731587,29.363258154404043,28.50646719141762,27.210727168699997,26.337151873865103,25.512085403084832
30.30143602130272,30.03353840556629,30.362345746737198,30.00330785663025,29.772275356017186,29.363354126536887,28.504855587770976,27.211216856464347,26.338752274507694,25.512306169639718
30.301740445641947,30.036018601721388,30.363155135120373,30.00366625964913,29.772809003330607,29.36379465420044,28.506426128049952,27.213007114894484,26.34029710039991,25.511175517712896
30.302795338083016,30.03808216241646,30.364334028155913,30.003823190161437,29.77400267270189,29.366193789135938,28.50727333933239,27.213614835510963,26.339172512587737,25.51241005003748
30.303465763485708,30.040013058884362,30.36536911518596,30.005758417480788,29.774566529136063,29.367631646144975,28.505379614698207,27.21459282741155,26.341093904604065,25.512609973626805
30.30445185596991,30.042710375455165,30.365897657289768,30.006154843108,29.775506786646243,29.36780397872053,28.507512451941516,27.214145825270588,26.342156314385832,25.511764008346223
30.304511248677297,30.04494461478892,30.366955694500696,30.00759395392449,29.77720528780367,29.369609421442803,28.5093887306244,27.21560352132986,26.341978940481813,25.512876688998453
30.30582530316618,30.047533510835347,30.368007274146006,30.00790354645669,29.778091559584606,29.37132550179349,28.508205134214105,27.216063729337662,26.342540930427617,25.513932706517725
30.307164073051727,30.049536726873555,30.369374656928546,30.00839628256696,29.778463582797304,29.371793044216723,28.508526611733455,27.217774923384216,26.343848917990442,25.513028014009432
30.30767378995669,30.05143840945436,30.370621088040583,30.010119813772217,29.779791643959868,29.37250888231408,28.509139389231578,27.217045771824722,26.343966868002873,25.513808498766522
30.30871668861383,30.053703483759612,30.371252128392182,30.01045502222801,29.781365833778924,29.374139708510626,28.5090525743871,27.217956257846613,26.34536646522529,25.513345335668014
30.30954183555086,30.056564856698987,30.372353803003076,30.01152573460015,29.780828402492233,29.37446118473856,28.509826416521324,27.219849795914307,26.345579059097094,25.51420765373247
30.31083781080527,30.058806027843126,30.373255842468957,30.01197183969132,29.782693043612145,29.375781755224676,28.510527868728133,27.219607186477287,26.345946381080783,25.51511243289857
30.311588774008882,30.061203616409248,30.374369816670026,30.012916324722163,29.783967593306286,29.377152749637606,28.51043276147267,27.220346715960275,26.345759726040985,25.515334533415444
30.312330647501273,30.06384841782595,30.375659857837434,30.013958820138896,29.784307477798766,29.378423893011394,28.51201833771796,27.22042723484259,26.34693650522466,25.51574707479473
30.31401439724793,30.065325498916486,30.376376569669716,30.014517564720407,29.78589123404361,29.378183592001545,28.510749753598745,27.221616348594484,26.34843317752035,25.516236230118217
30.31538037964443,30.067625515207634,30.377869675111448,30.016191469736,29.786713281063577,29.380651714515423,28.512111414346112,27.222644624981882,26.348080653823033,25.516933621529454
30.316090892182256,30.06998927324783,30.378253236795352,30.01695103520072,29.78730724427045,29.38082214158003,28.51206793458289,27.222025789075666,26.349801886166077,25.517506496594482
30.31644445459837,30.07174097988804,30.37933662729625,30.017893662785617,29.787611428684574,29.380915048806212,28.512048129824908,27.225026498204386,26.35100882733515,25.517868421662065
30.317655237226276,30.07448817720043,30.381039327088306,30.01929753213746,29.788614277014833,29.382352217236875,28.513149478018466,27.224660708106438,26.350461977000748,25.518830652643302
30.31893518789641,30.07708585652098,30.3815596589971,30.020146085082228,29.789203664877185,29.383632215853112,28.512439280170582,27.22538168295245,26.351786422795662,25.519031387592918
30.319368619817627,30.079459355297313,30.38285217669732,30.020841419621025,29.790427771643614,29.384253065805392,28.51199087678603,27.227964359457935,26.352764820547364,25.51949982637303
30.319912300591064,30.081030503299395,30.38326330286567,30.021921771911405,29.790337638320082,29.384934941074604,28.512435320656007,27.226843336349923,26.352603881405496,25.520997587239485
30.320174414987203,30.084076187891714,30.384573661826227,30.02268994845664,29.791055110341414,29.38630483402751,28.512112401231178,27.227969107184848,26.3535974122116,25.521255450681647
30.320791411082205,30.086140584879494,30.386150340308433,30.023394286896533,29.791903935132087,29.386780370741505,28.51284617144923,27.22870040239386,26.354509811970846,25.521307285551018
30.320230078082304,30.08764199704698,30.38572687177318,30.02463114979254,29.792711945926115,29.38828760540021,28.513749774748064,27.228694240149007,26.354153595533163,25.52289128110158
30.320773135749256,30.089982000720536,30.38714973712691,30.026164683226682,29.79465564377196,29.388947169376447,28.513002586494526,27.229337635154582,26.355532857487447,25.523293152670533
30.322304640728905,30.0920343224899,30.388854698344318,30.02729173866547,29.794188602164873,29.39009537092644,28.514706460340342,27.22958956606261,26.356522092907166,25.52329951554092
30.321887253303647,30.09376662497852,30.389682871591877,30.02832279883103,29.795273080857754,29.390939961850858,28.516121133454952,27.231428561530514,26.356383445221354,25.524132898434885
30.322891672743843,30.095648851540957,30.39058784016166,30.029567849364103,29.79580600601487,29.391995928662595,28.515498190146353,27.230766207702878,26.356358996085007,25.525287048990684
30.324451939395406,30.097339475919735,30.391716161355177,30.030736814403028,29.79723921300333,29.392509121785274,28.51747027493682,27.231406987942353,26.359115209032346,25.525481253858775
30.324649359907482,30.099260458630646,30.39348197074906,30.032300919777654,29.799511061127667,29.394365217915816,28.517418192053135,27.232411476604202,26.35607434958883,25.52662888258719
30.324904956115212,30.100845979932362,30.394187211476627,30.032540423391616,29.799925346112946,29.394762852421614,28.517879621256057,27.232412043176662,26.355039531285847,25.527132804485795
30.32626396562511,30.1035616345072,30.395297649730743,30.03381205073904,29.801535480045217,29.3958440986933,28.51891551708302,27.233568372498482,26.35779701895377,25.52762218435072
30.327324076355175,30.106137666223415,30.39702151542873,30.03541138938498,29.80325137357172,29.39608574696117,28.51937278444252,27.233986331221338,26.356104295182337,25.52743098117991
30.328137530180094,30.107324177522102,30.396886386009093,30.036605967788944,29.804261712643495,29.397503985019398,28.520828074715872,27.23429273561326,26.354918705744268,25.526457683638974
30.328715351882188,30.10912237047404,30.398439421349643,30.03725752852231,29.804822761429467,29.39823043166387,28.52110596316885,27.235797047250315,26.35519707467658,25.527696599372245
30.32979663396064,30.111353891135586,30.39905206624907,30.038474785223748,29.80567812775204,29.40015379659404,28.52092462027317,27.2367437262287,26.355667029244458,25.528697556398264
30.330907612332354,30.113782365521956,30.40096432658851,30.039865241792963,29.806553137520332,29.401054852711184,28.523594575909215,27.237834997026702,26.354040429943307,25.526817513743726
30.332304166797876,30.115550510631305,30.400852786702494,30.040665689793627,29.807189767330375,29.401773592095438,28.523226978316245,27.238282630146642,26.35298196683759,25.528365515558022
30.33305764085131,30.117918924881273,30.401838935697395,30.042253908571382,29.807757990746538,29.40328963576288,28.523769019522668,27.23869181949236,26.355777616244293,25.527671646672342
30.333831463653368,30.119633759080354,30.40234415265619,30.042497013027926,29.809459186798797,29.405301177457133,28.525568654536954,27.24065720812481,26.355428746087455,25.52773127871187
30.335008515071515,30.122145411172557,30.402533916203993,30.044108102284376,29.8102023102253,29.405295678077326,28.526935128034722,27.242266310273003,26.35402378625585,25.529062831255487
30.33573091888732,30.124421365336854,30.403863986523834,30.044113844944004,29.810282407099713,29.4060942211488,28.527668983343343,27.242027245374697,26.35554970846573,25.52716986748736
30.336851565885393,30.12609945813475,30.40461291350117,30.044009305396123,29.81203285430687,29.407917313027024,28.529167278945295,27.242795434747666,26.35499176802273,25.52768062029857
30.337513002903158,30.128649209897663,30.406159426884763,30.045912496819184,29.813777824636997,29.409091215692314,28.530493522710465,27.244654532977442,26.354102175833155,25.529243261596115
30.33872254189535,30.130109264079547,30.40726023264037,30.046028188778884,29.814249201255,29.409749812725764,28.531206325619507,27.244402959833927,26.353982605080294,25.527288492619853
30.339597394589628,30.13207045807544,30.408624079940378,30.04739569531484,29.8152789835164,29.4117825849119,28.5326494129566,27.24479358383878,26.354835773360033,25.52802243083779
30.34028549780498,30.133718219503386,30.410515617410994,30.047650179812344,29.815960668986726,29.413301206683208,28.5343223691019,27.245895485868452,26.355759967878324,25.52983518748416
30.340514070274423,30.135679853451705,30.410957738604573,30.048176606362343,29.817261252391173,29.414213298638305,28.53541356874256,27.24787743265975,26.35433736894268,25.5283377039537
30.342022176099892,30.138461503663706,30.41224265866415,30.049507579402274,29.817069744731285,29.415798839450527,28.535771894462634,27.249181979306524,26.354807860136997,25.528612648005957
30.343593709175927,30.14016554326259,30.41327589880593,30.049852435416412,29.81769763541477,29.41588681969007,28.537660352188105,27.2486791685336,26.355287233593202,25.530016669957433
30.344186674891734,30.141869243285633,30.414313975794684,30.050334040891443,29.81962942113806,29.417572216537422,28.53862923525989,27.249626662592192,26.354396470017978,25.528710308382973
30.34501124992847,30.144132307343575,30.415384499590612,30.05169620680593,29.819774883986163,29.41707860505385,28.539383914268704,27.250480964658095,26.355484339270433,25.52759219187189
30.3464938285624,30.14602433046621,30.415151506140482,30.05244216065062,29.820610775008326,29.41786951677819,28.54092635468609,27.250360517534,26.356517189656987,25.530136523942613
30.34796909377534,30.14780788893978,30.415695107715415,30.05316805107153,29.821175977018193,29.418411596194076,28.541436640545275,27.251895012602905,26.356194608918365,25.52966366279128
30.348866042804623,30.1502119543574,30.417000130257023,30.053801192716058,29.822104811045893,29.419563053650847,28.543303717214737,27.2516021084512,26.356865875804843,25.527995667552293
30.34929461885447,30.15185079370575,30.41780519268514,30.054630744952185,29.823607424769193,29.420482756551124,28.544335705779574,27.25206756292572,26.358040636589216,25.53059911429001
30.350596087137525,30.15399788223327,30.41880239291009,30.056243879834778,29.82398714538775,29.41975328305265,28.545383935858297,27.25362171927639,26.35851451035141,25.53021366345017
30.3519694552971,30.155804819655593,30.419743548201748,30.056210976644415,29.825393015838266,29.422288568000006,28.545613845573573,27.253902102486904,26.358251592080766,25.5286830573811
30.353179265973814,30.15790302095617,30.42069276122907,30.057428062880916,29.826581588235793,29.42289144006532,28.546879074959964,27.255450357216418,26.35918998329142,25.529523973158557
30.353580362724788,30.159314719373388,30.421541655294334,30.058473416657883,29.827301547644346,29.422967229662277,28.547881987398878,27.25615120564686,26.360767646894484,25.53057615349016
30.35465892069485,30.161888936328776,30.421930825162207,30.05883940935096,29.828927799548413,29.424280855957896,28.550362825459494,27.256097073376928,26.360717891472646,25.530412912796187
30.355762526184,30.163604289384793,30.42349595515053,30.060673149256857,29.830248047285476,29.42537178694479,28.549370919630448,27.258632177384015,26.361144121389554,25.529051359291874
30.357413975600895,30.165259473752336,30.424435670923692,30.061740215286967,29.83025679377125,29.42575188053357,28.551506656280235,27.257874685341193,26.36276535385668,25.53034554886534
30.358253201690225,30.167149579568843,30.425672412385744,30.0627365315612,29.8318438796832,29.427219397511173,28.54975906703808,27.258756710429246,26.361943286938963,25.53180465951992
30.35921863149838,30.1686348487549,30.426252675815455,30.06355217281571,29.832541796670085,29.427905265881567,28.549682207268958,27.260279404859308,26.36280749080254,25.5304596846172
30.36044222345573,30.170792447648278,30.427497333903858,30.064600948759068,29.833649934463704,29.428636981074973,28.55375283595331,27.260296671146836,26.36415216394503,25.531971386704143
30.36084172879115,30.172320192490933,30.42806295173967,30.06670467215592,29.835490131997386,29.429868989484405,28.552131830040146,27.261551486389337,26.364168311133348,25.533278591176156
30.362131706221916,30.174797022457653,30.429280224949128,30.066811664607723,29.83599092049872,29.431230552367502,28.552803872212294,27.261748164897366,26.36533325390699,25.53312517435603
30.362129613868042,30.176487594006133,30.429856537646597,30.06827274051361,29.837028168061558,29.43247177394314,28.553511754274943,27.26249957703311,26.36539046984116,25.532674885228914
30.363589362478116,30.178635378461284,30.43068028028457,30.07031160190282,29.83847147781358,29.43227703858931,28.552941581358642,27.263714916805082,26.36606951172604,25.533719558427133
30.36474044593938,30.179831146767114,30.43220583654732,30.070672129163075,29.839628368617074,29.433217825731713,28.555949066371525,27.26322044764425,26.3673327671546,25.535499370557034
30.365385632627447,30.18200278368934,30.432259969736663,30.07159610298605,29.84095451458206,29.434481487977276,28.555941653677035,27.263797572913905,26.367191922081542,25.533858546178976
30.36634233853289,30.183925570646664,30.433470531196175,30.073182193136162,29.84114215896357,29.43487120899883,28.55547270801967,27.265200889631135,26.368133182726588,25.534910152056625
30.367659748447334,30.18490555659828,30.434349395561217,30.074194359157556,29.842302816970836,29.436389657295233,28.556589836164893,27.26580014683231,26.369771255630695,25.53684898451058
30.36863472161653,30.186900285635694,30.434691432611736,30.074991566527387,29.843799809982485,29.437614603236977,28.55756605693401,27.266837050421884,26.370078694433868,25.53608929377432
30.369576407144706,30.188403729098763,30.43575632974502,30.076869034471194,29.84584783458812,29.43809149800242,28.55802346067959,27.26696678207044,26.371154399141652,25.537165558802183
30.37082641753144,30.190120121814083,30.436159904619046,30.07846663484802,29.84650987550441,29.439246845990965,28.5597164345298,27.267451562789425,26.372559897130053,25.537550666904178
30.371590706002305,30.191996441855142,30.43703997818873,30.079074304134046,29.847233297595736,29.44044458268998,28.559822786536017,27.26986486615783,26.372001694443647,25.53810444694749
30.372581762627874,30.19375976306307,30.437262035001638,30.080670588142063,29.84864276929633,29.44139880161731,28.560217476431603,27.268013833950423,26.372694814555373,25.538800634489775
30.373751407233826,30.195473762704847,30.43824652302927,30.08131913933333,29.849990813306754,29.442203200439998,28.561301895471072,27.267690435645978,26.373817122515113,25.537966456701852
30.374312325842993,30.196679949522945,30.440056445436547,30.082840004958836,29.850459423103267,29.4431995162724,28.56160613616085,27.27063544528612,26.374835113255656,25.539336194365852
30.37567085900912,30.197986410618324,30.440735458092533,30.084240081814958,29.852235803116724,29.444916767946296,28.562968475811573,27.26913595976271,26.375407516028616,25.540056420777958
30.376954965639214,30.199481823751462,30.44143436021892,30.085222648158727,29.853323020741286,29.44549984679996,28.56424531648621,27.268623746510265,26.375618643138115,25.53800286673305
30.377820899259184,30.200672998646105,30.4423664390734,30.086476951575275,29.854216044711137,29.446003269388257,28.565020204088007,27.269850866706445,26.377275068893024,25.53945571222879
30.378902555088544,30.20302108093273,30.44334333437576,30.087711746792344,29.855326544904326,29.447540099571317,28.565698950782675,27.26957930868918,26.377824877944388,25.541132504922174
30.380619992540723,30.204101361275683,30.444254449533403,30.0898489211847,29.855358890631788,29.44898325987466,28.566221773931378,27.27083938737097,26.377591522834468,25.540058671585577
30.38043328835867,30.205048089292443,30.445062117166195,30.090313611499063,29.857485787135154,29.44919410693025,28.56751170681195,27.271695243056527,26.37876067140604,25.54019439240925
30.38130971333249,30.20722753564701,30.44657894253669,30.091561011734495,29.857207437853166,29.451717076118634,28.569907634878202,27.271556468952333,26.380214112831215,25.541617401833
30.382721791207334,30.20899759570156,30.447176789135156,30.092165644673393,29.859026246566817,29.451522863588803,28.569115488816053,27.273042355154434,26.380215248924664,25.54109345384928
30.383546522465004,30.210147460737737,30.44813907668257,30.09313727597703,29.860145775746556,29.452408422056248,28.5707117946547,27.272716871294623,26.381912170343448,25.54071558373745
30.384579910211848,30.21199110456042,30.44894428126989,30.094052642671627,29.860364704068694,29.45315192027831,28.572050396939122,27.27359770294916,26.381909714031664,25.54193231110155
30.386143423788333,30.21388883515108,30.450055469281985,30.094841638260228,29.86147138688361,29.454748500153364,28.57216128664586,27.27577777565067,26.382984246137756,25.542815213861047
30.386728170680378,30.21539644315468,30.45144464327347,30.096606860238033,29.862776561961994,29.45549252707344,28.573657685930836,27.274211821935168,26.384258735981447,25.542875176740544
30.387543308067325,30.217433105926723,30.452508123816617,30.0975356684241,29.86371943821602,29.456567569593865,28.575352989809527,27.275244897799375,26.38299898567896,25.54332107110948
30.38858826022752,30.2184615126782,30.453732061055074,30.098675184100653,29.865165604762872,29.457920614506406,28.575619772665462,27.27652437511169,26.383528144830386,25.543963854775903
30.390310639522426,30.219961683984963,30.454119414261957,30.09916797163099,29.86548899002333,29.459476403328164,28.577315043699357,27.276201888503667,26.384917319631263,25.544729982972292
30.390561193590983,30.22206600602296,30.45516155087882,30.09961625229049,29.866502486864754,29.46033471025594,28.578055052841123,27.277755590725988,26.384759111382493,25.544582357798475
30.391644248608884,30.22387844928484,30.45602460442874,30.10132594864281,29.86842556263065,29.46110080298638,28.57938349862911,27.278675619823694,26.385598495644274,25.545620196596765
30.393020826516416,30.225080198339867,30.456707456384798,30.10223931958635,29.86947539798694,29.461562343045685,28.58008328470788,27.277991500752307,26.387174271765655,25.547467733342344
30.394256170277995,30.226979268649288,30.45771718319771,30.103787936165194,29.870310882584683,29.46243712145844,28.58195966627934,27.27945119814635,26.38603950476685,25.545801076712486
30.394826410973877,30.22899382352993,30.458318747569457,30.104243301681556,29.87159250762665,29.46414904105327,28.582150209412426,27.281118672587738,26.386693233743614,25.54668471825265
30.396343991518023,30.230175461590832,30.45975361382808,30.104851116671437,29.872822297399647,29.464752549153303,28.584041091865874,27.28144708513561,26.388197541336467,25.548130260713243
30.39758605169059,30.232228178428787,30.459971369083068,30.106481296250895,29.87391510003281,29.465465358929464,28.58321779189891,27.282282889411555,26.388052914474322,25.546546906910017
30.39882443085829,30.233994578299633,30.461838896362735,30.107204006000487,29.875153639162594,29.46765322686359,28.58517390379694,27.282473921694415,26.388006742669802,25.546465728544675
30.40023822594692,30.236104075088768,30.46246868415416,30.108292567461234,29.87645351890434,29.46730439496255,28.585832857640963,27.283198242752814,26.388679512299717,25.548918304156054
30.40076325992882,30.236850595613397,30.46336507353139,30.109418251391244,29.877133406293943,29.46882160429872,28.58718027126594,27.28506481445988,26.389763190481453,25.549254483627095
30.40184120976189,30.239216068646883,30.464407100062196,30.11064208554444,29.878652642886486,29.46919265723329,28.589296658746942,27.285568715552024,26.389451385961674,25.548038002776398
30.40332544947114,30.239936599074216,30.464839498129322,30.111578777904427,29.87989612050121,29.469607075775812,28.588490496274936,27.28649930824256,26.38922324230721,25.54927796724412
30.40485364396111,30.241514522763616,30.46497726083485,30.11256843959358,29.881162385636927,29.46986048288221,28.589876513142958,27.287364615264348,26.390490355918672,25.54993764228818
30.405636763346514,30.24310169004613,30.466540733561178,30.11335375975381,29.882357749974364,29.470759504638885,28.5909031803166,27.287227732751465,26.390694231803423,25.551040724588688
30.406306482921195,30.243979318079596,30.4671843534412,30.11507606692909,29.883947994219923,29.472245415122597,28.591049018033953,27.288361781156393,26.39147780338533,25.550083298666614
30.407790983852617,30.245174512396495,30.468874559252257,30.115912283320544,29.885730447810765,29.472401914060224,28.59330329465649,27.28948166619151,26.39337092060277,25.550909608479017
30.408862078664374,30.247343680749943,30.469553469581335,30.116031274358953,29.88634090329184,29.473296394733364,28.593136819004435,27.28852740441647,26.393349031083847,25.55319453898064
30.40988623795686,30.248009028416718,30.470151680644783,30.117155443394033,29.88816100571997,29.475592253978526,28.593965702026228,27.28905255193613,26.39373139530473,25.551335795829498
30.41070631753362,30.249358610109127,30.470880583286014,30.117886601269337,29.88823178918278,29.475186872550992,28.595864952529674,27.290612744459924,26.393775438878706,25.551810387819074
30.41197486687431,30.24995342478877,30.471822570708014,30.120092799183283,29.889535167640847,29.476182376917347,28.59626001397774,27.291122663710258,26.395008724345384,25.55424187845317
30.412701833962217,30.252050313598154,30.472535748077156,30.1205922822477,29.890919500676915,29.477499163650485,28.59644030966742,27.291475376894986,26.394988564819958,25.55322931947696
30.41421769374115,30.253093156410856,30.47342260666946,30.120548873255608,29.892669378583502,29.478462315021012,28.597629262347787,27.292432931489998,26.39621237171891,25.55241585757595
30.414801090567455,30.25429382569207,30.474623503257252,30.122500378344235,29.892266047220318,29.478992087874346,28.598301363395603,27.292617415158546,26.396415695877412,25.554344471274604
30.415915411067502,30.256395630707086,30.475969873979977,30.122950899676034,29.894320897837293,29.479798895781645,28.60014368758458,27.291998801192246,26.396868261208194,25.554115379361363
30.41703208301376,30.25745539589813,30.47627079499002,30.12403758639063,29.893460037446467,29.48132460466453,28.601117373831116,27.29429141414124,26.397266191729937,25.554052559983095
30.41814168152583,30.259070496575447,30.477806833379848,30.124493780727125,29.893943038976452,29.480920529370806,28.602421749719625,27.295247943061455,26.398319727222095,25.554763638229176
30.419217392973238,30.260424807240057,30.478093631611838,30.12528122345519,29.894823095781003,29.482155124196264,28.60295238499529,27.294307959805582,26.398931316836688,25.555829149448385
30.420708283132036,30.261871607464144,30.47994750773013,30.1266730274626,29.894001594646266,29.484485368687285,28.60445201883207,27.294738318461285,26.39949869088894,25.55611336993151
30.42143340118158,30.263325968114128,30.48069028967474,30.12688039820174,29.89565732970689,29.484506428423707,28.605002797837933,27.295734496535687,26.400080538571935,25.55598239057856
30.421995068464348,30.264814358422836,30.48171686917453,30.127410065192826,29.895912578217924,29.486179466441314,28.606461012317745,27.296460217979046,26.400832019582,25.55688489032141
30.423815119243418,30.265732800308985,30.482521495384923,30.128388136557245,29.896260783677967,29.48624070809725,28.60749629761549,27.297584005588575,26.401631229832617,25.55760970712995
30.42535589947283,30.26708794436408,30.482979327504975,30.128518369905294,29.896350900417104,29.487376788124536,28.60777996680596,27.297411201010053,26.401344595807945,25.55751343182432
30.426107598853495,30.2687141000291,30.484314284728452,30.129557862333485,29.89701353450743,29.487537398245287,28.609650028860635,27.299194142641156,26.402162909790945,25.558375455479275
30.42763527906251,30.270863085687083,30.484904657445067,30.13098158965137,29.898605167073484,29.488450589852818,28.60946449788889,27.300046701990112,26.402800177753697,25.559416486050743
30.428534358748983,30.27199167600362,30.486041629490273,30.13154355214843,29.899226795403404,29.489346742350257,28.611172647092793,27.29895905033761,26.403230366149977,25.55958013517222
30.429961824947355,30.27440054269782,30.487567770181162,30.13261959798589,29.899278410032302,29.490008258765812,28.608919605378425,27.301710866286,26.40431816573252,25.560012113388737
30.431083058911238,30.275525982959444,30.48742731848281,30.133036143154996,29.901334098900044,29.49130130375488,28.61109048510656,27.301565720344417,26.404453221486243,25.561591497182896
30.432475243424317,30.27678962400108,30.489059175307375,30.133378768726548,29.90187591485271,29.491546223360714,28.612975903695762,27.300621944005403,26.404919598086888,25.560649623990123
30.43280523775239,30.27807354525498,30.48995853454144,30.134229617897006,29.901680666069048,29.492200514747346,28.61147367648868,27.303004451231875,26.406264943850633,25.56191316261259
30.43360814656346,30.279377229238733,30.49086582231427,30.135144529734767,29.90294091619804,29.492847758891084,28.612907593859596,27.303006006012218,26.405627345570096,25.562232018322277
30.435236477868173,30.280881873390463,30.49198802466611,30.13471093095079,29.904406394925406,29.49423303232575,28.612825693815516,27.30275584183611,26.40707110577429,25.561804032364996
30.43580230307764,30.282061905006273,30.492309640645963,30.13594074601479,29.904545447375575,29.495246805278054,28.61306815962299,27.30321499596318,26.4082165370453,25.563941643424197
30.437245978691713,30.282983157229108,30.49371807072741,30.136041040968465,29.906087007227494,29.496341706978345,28.61385677762337,27.304194914998593,26.407732614604924,25.563978101387285
30.43837319782969,30.285585213903687,30.49404994447261,30.138083521140032,29.90680123526645,29.497108067132544,28.61424851163115,27.305182370286737,26.40887835111268,25.563612084406255
30.439651248714075,30.28620976314897,30.49556019452817,30.139422120711554,29.906874985277696,29.498203898526498,28.615011375805956,27.30471393631719,26.409202421014513,25.564056369356525
30.439904462735825,30.287835519323586,30.49673201781436,30.138646025055714,29.90794585836764,29.49947971720487,28.614434710936663,27.305301920520325,26.410345590195725,25.56503854749224
30.440540568655035,30.28888911115684,30.496666525691364,30.14042612910247,29.909017390493315,29.50039752724354,28.61611746090525,27.30709676873083,26.41095199469017,25.565432954769648
30.441540361179786,30.29020944941482,30.498139611723445,30.141839396263453,29.910116576777487,29.502256651533507,28.616864374206415,27.30730430937651,26.411933566688163,25.56535820355407
30.442509815713258,30.29190025905306,30.498817517970764,30.14214997891088,29.911708360049225,29.502645083444904,28.616027161382974,27.307025242808148,26.412325626262984,25.566964508715184
30.443146971346955,30.292523809526518,30.49923246566848,30.14326535717881,29.912065850682403,29.503195685449434,28.618769289618115,27.30885432261472,26.412232753810244,25.567290098125916
30.44177604866332,30.294054012277336,30.500156200130967,30.143771764105583,29.912826060648186,29.504570160740858,28.61859306708853,27.30915137715313,26.413148108634097,25.567763946966437
30.441463829799865,30.294518488969416,30.500944939333753,30.144680265040897,29.914605213202137,29.50609016738433,28.617918775208054,27.309760139740803,26.413900397501063,25.56756372768654
30.44334195381405,30.295362222629887,30.50181479646133,30.145646588476968,29.915866777890074,29.50595525228486,28.62056128314674,27.309863252627995,26.413575135793433,25.568985551385026
30.441210872591995,30.29712189198289,30.502308521983252,30.146200312923593,29.915811643857996,29.507930951893698,28.621230454570686,27.309908594954578,26.415060257363272,25.568683104821574
30.439450482943336,30.297663247612043,30.503060642575377,30.146822438330815,29.917384216599885,29.509558911741177,28.62120149781219,27.311535644913334,26.41515964595459,25.569209275982164
30.439324096301128,30.299052691611838,30.50406773892211,30.147388655365468,29.917718327256225,29.51002561728632,28.622657085547758,27.312188146361795,26.414869017110473,25.570550994052795
30.4391470756341,30.30023091556048,30.504203247149135,30.148541472105073,29.91945868948445,29.511886826947304,28.62369335514132,27.312966437207965,26.417175988315353,25.570350208648374
30.43829304499055,30.300996787326,30.505283894751948,30.1497936850869,29.92001893129137,29.51241463436309,28.624928305545893,27.31427699008716,26.416175098312202,25.57069059197805
30.438219858229175,30.302874646045037,30.506342509577987,30.149836496149657,29.92137302541213,29.51387702383837,28.62602171500938,27.314378896428323,26.41612631518056,25.572436475599666
30.438412970346388,30.303836760084103,30.506924222939986,30.150509163327914,29.921684129064445,29.514034084461972,28.627303460825956,27.315085335015816,26.41920300998394,25.571561862940403
30.437854969041812,30.30503478392402,30.507961022447834,30.15207822069472,29.923098213100463,29.515685580654637,28.628941126516715,27.31586958905619,26.417885565902278,25.572733255449883
30.4374492858975,30.306674517513855,30.509001174533577,30.151907100244458,29.923634772460442,29.516914895811194,28.628418866900933,27.317117393452207,26.418573886193816,25.573605204425014
30.437606453067364,30.30810521425432,30.510039978556325,30.15290156515193,29.924831618619123,29.5173980803617,28.62931963540793,27.31781065170407,26.420780813241727,25.573532937940723
30.437424140620376,30.30895312092349,30.510213649194444,30.155145039657132,29.92608480881311,29.51908677516514,28.631352888162187,27.31783522160223,26.419207788994964,25.574830843490307
30.43720545901585,30.310290968720423,30.51193160377906,30.15467854476052,29.926405982229728,29.51839129167231,28.63076866343707,27.31914953702431,26.420235660459298,25.5745530867324
30.438163184667545,30.311309118501335,30.51250125120024,30.1551580496765,29.929102924337325,29.5202712499376,28.632197497712745,27.32058699909013,26.421887839570168,25.575242081078315
30.439104259133675,30.31276163106554,30.51323163188901,30.157095001718034,29.929158210336947,29.521029347338455,28.63314723664867,27.32085413493835,26.421266826449113,25.575854857676312
30.439424208537922,30.313887016961512,30.5139974807543,30.157843395642487,29.930159286429195,29.520490869524878,28.632994799167285,27.321570099748453,26.421426465579692,25.57634264805886
30.44033916456354,30.315231639494268,30.515197636542922,30.158783187509425,29.931847480450585,29.521314361056554,28.6358777275067,27.323077525547145,26.42306065617529,25.5766647432208
30.441362808317454,30.31637387624031,30.516180150359244,30.159223070498456,29.931852803257982,29.52299642396219,28.633932370170847,27.323542880980625,26.42215308481509,25.577690702645747
30.441297521782474,30.31761935123161,30.51655692064855,30.161002363209693,29.93344456196089,29.524018815818142,28.63556758549047,27.323882792491318,26.42374832967146,25.578376026151375
30.44172251539271,30.319025224989083,30.51766064649664,30.161611455329542,29.934290159818634,29.522883846051933,28.637144221673665,27.32466856128304,26.42418750473423,25.57836790437826
30.442587857312013,30.320290996392657,30.5186756159073,30.161735943937437,29.934943276284272,29.523374866796456,28.63656634852774,27.3253758432175,26.42405794411877,25.580060111826157
30.443267298967296,30.321799902941827,30.519628082860486,30.163184045163746,29.936067957207687,29.525436614318174,28.639198551569166,27.32660490874939,26.424329561642157,25.580097416621555
30.444035586803366,30.323236269682432,30.52011868886916,30.164545999157696,29.936714761622476,29.523779870469102,28.63902934087074,27.326910963050786,26.424966908958545,25.579824222539894
30.444715738512613,30.324062280281062,30.521278908491144,30.16528899672243,29.938080427165495,29.525424102274638,28.639044675488755,27.326729844702747,26.425659172938886,25.58078160108939
30.445582954776352,30.32552727210968,30.521914800909453,30.16612020606951,29.94007718787512,29.526801924209853,28.642239597933173,27.327992651941212,26.425659837118474,25.58201705486276
30.446562792128944,30.3267137666246,30.523411018504696,30.167638856975188,29.940159350642816,29.525782820808757,28.64085028259343,27.32961896129384,26.4265861457065,25.581933283020838
30.44726112652617,30.328722430958077,30.524221067081644,30.16893496549867,29.941035194997202,29.52604969681106,28.642645508182607,27.329859330226,26.427192191462737,25.581665214081937
30.449025410742017,30.329633463187037,30.52460507439786,30.17011234379643,29.941652974084928,29.527294550325436,28.6445306000521,27.33161100168801,26.427048551087683,25.58358813020064
30.449967700685878,30.330556218904587,30.526148668644524,30.17135443687067,29.942611860245183,29.527822597158586,28.64323763566588,27.331923060747236,26.428487303538525,25.5830931111506
30.45069126336442,30.331953677854816,30.526600779771318,30.173004502857236,29.943953704072474,29.527556961881913,28.645599593842817,27.332092210701457,26.42907302481905,25.584112955642038
30.45169384222249,30.333225641686482,30.527664374217125,30.174281535527903,29.944492323105155,29.528518831121865,28.646969885555265,27.333018641168103,26.429119929499958,25.58484480377258
30.452628028793924,30.33527608990298,30.527934251543478,30.174458104926014,29.944877426320193,29.530016285593813,28.64669831209062,27.334350319205846,26.430428527086338,25.58518237666768
30.453662288574744,30.335026154891853,30.52863382120083,30.17673981797969,29.94540964107658,29.52975142062003,28.648479418657196,27.33492183670474,26.43067450172719,25.585536395948367
30.454461085217616,30.336296055511923,30.52988665014404,30.1777845439261,29.945737797354184,29.530293949274427,28.64894819399129,27.334723986954856,26.430370878177506,25.585672706819786
30.4561132572697,30.33680346009948,30.53093677552937,30.178792104800852,29.947278994099086,29.53176099704498,28.650231754412182,27.33654337318244,26.431422647058973,25.587332423093237
30.45740702701457,30.337481892169155,30.532168051674024,30.179674996103422,29.94731902670776,29.53228722898678,28.652439087366723,27.33708157297853,26.431489011002753,25.586393939871243
30.458606207898782,30.33908955172384,30.532953394279787,30.180616666001,29.94922030705259,29.53244174844055,28.6524979919216,27.33729112308325,26.431985923475448,25.58659457051267
30.458841955893504,30.33961199974026,30.53370038367468,30.182435308874624,29.94977882174973,29.533592074203867,28.65352869634831,27.3391736283604,26.432882090869608,25.58822551073061
30.45979554716597,30.340115899487277,30.535093946515577,30.183877071603167,29.94960773214084,29.534437208404064,28.654849988398094,27.339307078533768,26.432142773363253,25.587332299617472
30.461399373715977,30.34196217882314,30.535313438601225,30.18435744248206,29.951166976934562,29.53537303158121,28.65515810184073,27.339500660826314,26.432435783480837,25.587871643267004
30.462582376374666,30.342140514172794,30.53644811129835,30.18465581747103,29.95165715829506,29.534912005263458,28.657664200422698,27.3414681214131,26.432292674758834,25.588293890729062
30.463730932740894,30.343390236135974,30.537284468720518,30.185871262966238,29.951448155450635,29.53600950685105,28.6577089123554,27.341672181046647,26.43354008560283,25.588541015097274
30.46462826846424,30.344707594763257,30.53743913941886,30.186814445718543,29.953072713534112,29.53721259708944,28.657943039470275,27.342595367030555,26.434362696292304,25.590256710488614
30.46608702813058,30.345808682178443,30.538144960962235,30.18818438130495,29.953820988833584,29.536977646006694,28.660444556640442,27.343669506453644,26.433720949180156,25.58941251767306
30.467664135838394,30.34616463486655,30.53872084207407,30.188832807465236,29.954605681875293,29.5380809684617,28.660657257908557,27.34421082384378,26.435039263158483,25.589596244477534
30.46913957092284,30.34714606756399,30.538296188676235,30.19003120487813,29.955534959876008,29.538836179402562,28.662234282689933,27.346111398592605,26.434510613728982,25.591267630930517
30.469713423769885,30.34796551172706,30.538944616157522,30.191260768961918,29.955283369235527,29.540165584989833,28.661512658890796,27.346437116018706,26.434365604138293,25.59023418776019
30.470598211140597,30.34840209840855,30.540066120918112,30.192008385243277,29.95717403548658,29.540484405318157,28.661800503455012,27.347558295546612,26.436719110214938,25.59099933597951
30.472680279940544,30.349630614164727,30.541190656108483,30.194282991138778,29.95854916310268,29.541280242298164,28.662513636004,27.34837535399461,26.43561659009221,25.591877703837746
30.47366334064308,30.350276801571013,30.541695473556555,30.194675288609204,29.959359216946318,29.5423512611973,28.66314012205102,27.348319204706577,26.435610750381194,25.59161448215468
30.474523716965145,30.350091591711855,30.542193004437813,30.19561276150697,29.958726975385986,29.542857785859912,28.66403691288579,27.34920981260066,26.43804734976063,25.591892518421883
30.475879195028472,30.35144276988053,30.542979646557566,30.19747725517341,29.960634474156024,29.544066086125426,28.664303583560773,27.350139593279707,26.436055069340046,25.592573273008817
30.47730878116251,30.352028739929082,30.543922408416208,30.197725898963434,29.96162487026524,29.545326195827542,28.664497648943545,27.35203365950548,26.436877909034916,25.59318853924956
30.4786217412465,30.352377494676432,30.544685975716867,30.199170463954104,29.961887000850894,29.54608969999819,28.665411546052646,27.350754195479144,26.438772241365424,25.593519593137234
30.47962733386131,30.353552805861057,30.546405891504147,30.200391431296204,29.963130354104518,29.54763829456394,28.666546259246278,27.351912620867722,26.437953625083665,25.593140153413145
30.480786966482626,30.355167505984983,30.546726156447583,30.20126314561164,29.964651881710527,29.54832464721656,28.666591346922516,27.353629244064024,26.438548846220122,25.594457946996375
30.481988110999158,30.355696123657108,30.548004987298654,30.20235441915809,29.96501074491991,29.549404902075267,28.667358331851496,27.353023222331892,26.440153814636446,25.594250535372755
30.48334051705266,30.35577245834672,30.54897158489151,30.20171643348973,29.966365564650875,29.55024453705276,28.66804402943956,27.354005500117175,26.439258204620888,25.593577316440957
30.48466990913151,30.357122612872956,30.550270349674943,30.20330891407138,29.96765321168923,29.550582047658594,28.6688508111083,27.35489508543001,26.440331146615357,25.59504169760709
30.48510685370621,30.35761049403257,30.550220013645163,30.20406067576976,29.968265233717453,29.552245476568196,28.669481080411234,27.355155231468085,26.440777814758157,25.59408365395231
30.48698217537889,30.359253538006037,30.550805770650733,30.204087598603078,29.96912193847008,29.553001636817598,28.671053220816766,27.356448261570616,26.440673425732314,25.594248857912348
30.487426126609122,30.359940386881625,30.5521133612827,30.205694978187374,29.96987088602622,29.55394463194676,28.670711007509805,27.35773758720031,26.44179851658989,25.596173624861667
30.4884781879314,30.360488509547086,30.552895924759063,30.206194921421012,29.971598439971064,29.555174658098974,28.6719603624225,27.357367303371184,26.4422227616326,25.595620212639556
30.48937512409251,30.361153164147968,30.553508505782677,30.20684394480392,29.97228484452838,29.556773684173514,28.67352146522581,27.357577949560415,26.442461408858826,25.595761977977375
30.490387336835987,30.36239492317147,30.55373581816607,30.207209544023886,29.972203610882367,29.556952846080783,28.673361625420938,27.359301296062704,26.443202560058538,25.59652390905764
30.491791704848282,30.3627294027292,30.55489716821899,30.207664115130886,29.974507293030058,29.55818113097407,28.67448530179915,27.359539035501165,26.44300987966424,25.59637344481545
30.49209386153673,30.364013723952596,30.555516790487076,30.20914539795637,29.975739293388703,29.559936627686728,28.675808166367357,27.358590318044875,26.443574815248244,25.597797484117972
30.49343317971124,30.364832233021396,30.55582922396839,30.209797563476968,29.975669825591172,29.55931435685496,28.675937678438377,27.36075130113939,26.44472175161093,25.59739940448506
30.493613889960727,30.36541400767202,30.556384857217594,30.210792322176662,29.977229530989828,29.560965000694665,28.676950752633203,27.361365043479285,26.44467933245899,25.59759719371303
30.49506414748749,30.36694314062748,30.55682899003326,30.210712318248394,29.978566815565063,29.56217068040656,28.678455777742847,27.359817418918986,26.4452542792592,25.598465797623206
30.496211254747475,30.36740721193908,30.55797809184728,30.210689717809135,29.979084658929864,29.56269979431671,28.67845174140967,27.362017550035663,26.446945379963314,25.598099733487246
30.49666346743258,30.3685325160045,30.558346581213662,30.212308973937905,29.979724760626535,29.563942104248262,28.679667567180186,27.361591848620552,26.44656015064752,25.598212898381682
30.498076157988972,30.369572196403396,30.559303556395065,30.21295972054517,29.98168073652733,29.565190714026848,28.680213332942795,27.361858749722096,26.447837916547993,25.598905487030464
30.49864884880959,30.370323870870834,30.5607100297207,30.21308097169711,29.98194615728842,29.565405594426398,28.681985129831588,27.36329845333913,26.4483260990433,25.59941159395986
30.499714248182276,30.371880381125447,30.560922139301535,30.214737443791545,29.98280849767829,29.56602393438675,28.682189060230773,27.36306087904871,26.44824484140444,25.599691451883217
30.50005533002917,30.372577085223472,30.562163907314105,30.215647928516304,29.984953111854026,29.568000935529145,28.68304177550426,27.365118935209285,26.449437265621654,25.600637487149317
30.500891657463146,30.37377002215421,30.562672117960183,30.216990388528508,29.985106597520492,29.568240182407234,28.683459307659337,27.364806961518127,26.45061894204861,25.60069244374295
30.50224278217746,30.374579977507473,30.56383167937202,30.21758145503576,29.986535995319837,29.56878625863704,28.68412891821763,27.365121969382965,26.450585297699433,25.60078505726129
30.502328506827673,30.374641491294735,30.56511053987032,30.218787717377257,29.98725763991876,29.570375572286977,28.684983137371923,27.36694047887935,26.45134950478324,25.60213319762882
30.503489556707947,30.376278499483192,30.56566558060888,30.220266995867682,29.988462814344537,29.57079984770725,28.686313245461243,27.366732821553494,26.452651716822967,25.60225997862624
30.50477508486731,30.377396802403183,30.567410441039783,30.22075218124082,29.989890943001278,29.571537277744312,28.687062379172268,27.36713778825893,26.45227556111145,25.602469943622694
30.50531637251829,30.378224899592503,30.567857470281695,30.22157858377255,29.990721072539323,29.57388337564335,28.68799054453117,27.36784097519567,26.453962286349725,25.602809510336044
30.505955536233245,30.37991305304613,30.56937770667433,30.223001485539672,29.991966739677267,29.57535809301585,28.689131012448755,27.36941380708426,26.453802960346096,25.604570871953662
30.507017846172847,30.379947095616757,30.56957509241127,30.22417305992812,29.99335483747008,29.575341541471268,28.69054252933701,27.369638546621857,26.45408195276223,25.604241668905296
30.507677225827486,30.381262618295146,30.570417537345037,30.22567995265326,29.99355371700901,29.57696504938841,28.69159348729317,27.37007852725536,26.455320082132282,25.604351247286342
30.509075219787583,30.38248863022288,30.571262291873737,30.226952556026973,29.9950157217893,29.57882199676589,28.691696744608564,27.371453376053513,26.45432187453684,25.605718661081248
30.50999077503915,30.3823268129852,30.57228793084871,30.228376351786995,29.995758892587272,29.578513968877182,28.69362804126027,27.371357009863736,26.45437718709145,25.60589384098805
30.510313352933444,30.38402996803059,30.57314182454199,30.229395533056525,29.99732509674947,29.579901870415405,28.694477947727584,27.371701667820535,26.455504409405854,25.606068202330462
30.511379341241835,30.3850920598064,30.574325629775103,30.230244297012607,29.99914892198977,29.58076622769459,28.694799754569964,27.3722530122351,26.455119000843595,25.60713968969541
30.51329545475432,30.385942617275802,30.574581148895493,30.231115424911202,29.998483494688692,29.5821824502189,28.695751618952915,27.37384239632622,26.455942606253377,25.607896745256088
30.514476982134205,30.38661160151557,30.575198247644124,30.23229588996418,29.999818470930165,29.581620014218192,28.696656793385248,27.373785645674687,26.455295722151945,25.607363967755212
30.515302107789605,30.3877946255336,30.575383890551954,30.233612039948177,30.000498785714917,29.58398541745932,28.698030472029398,27.37413473546793,26.453938962136817,25.60852970146677
30.516608280179792,30.388999453039204,30.576274123942806,30.23454010339229,30.00128304019716,29.584972657080243,28.699343419773633,27.37560338383194,26.454773168426044,25.609118738625938
30.51768282102288,30.38948928780105,30.576353286130853,30.236425332607553,30.002549313002383,29.585264151222624,28.698752849383887,27.375674394572307,26.45568031101599,25.608845217533947
30.518653195667792,30.391037459747608,30.57720429752008,30.23691636966515,30.003237111835155,29.5875851823687,28.699976507032027,27.376115575355726,26.45520619750327,25.610139015321828
30.520171934041507,30.391555470020023,30.577425990565832,30.238252369134074,30.003330693601526,29.58791561871675,28.701979966170555,27.377330275199224,26.454902515299715,25.610288120223593
30.520999871226245,30.39250224858592,30.579043290892116,30.239730484181933,30.005004490775647,29.589158672638472,28.700888393291383,27.37876383044984,26.455013844014843,25.61020967210093
30.522126538351625,30.39390987535291,30.580135365602352,30.24089111292122,30.004494429713024,29.589955126955306,28.703602388475737,27.379606119775147,26.45525729167252,25.610462238811277
30.523368200287294,30.394409552263795,30.580569124409514,30.24283576091703,30.005574010472152,29.590508794210994,28.70114522749472,27.379647607163346,26.45498314480975,25.61124807067069
30.524399426470104,30.3961054881224,30.581388263301207,30.24366689487756,30.00800670729911,29.591966621999156,28.70175462521634,27.380536496890144,26.455496561353296,25.61166456308782
30.52510630101804,30.396750345921888,30.581344519426082,30.244902752360744,30.00808666082895,29.592957488725077,28.70462707904195,27.381108954554968,26.456517807098543,25.611754577675857
30.52606614962011,30.397766557355155,30.58227614938985,30.246914762027153,30.008936466871443,29.594330873602498,28.703320128528595,27.382655659359862,26.457149770941946,25.611879830859998
30.52672323860424,30.39910186666951,30.582272266095224,30.24814759655372,30.009262601602163,29.594514586437658,28.704844452038824,27.382947051918247,26.456069701792387,25.611933667016768
30.527059632993815,30.400366092425774,30.58368803440792,30.24959315425244,30.01076380367595,29.595625660115687,28.704653627337763,27.383549097722387,26.45611660189488,25.612063504718577
30.52783172506541,30.401225425326807,30.58413342242644,30.250134126019795,30.011636316154664,29.596827195441897,28.703561883546087,27.384871461654093,26.457874675084692,25.61330187484122
30.528378274996648,30.402286303651323,30.584351072816546,30.252735181166933,30.012769386545926,29.597715444914808,28.706089015685667,27.384517275917265,26.457706267414668,25.613709408176597
30.528879291631878,30.403272693895996,30.58556252664177,30.25270811707888,30.013499276982213,29.599344241085173,28.705122668768848,27.385147771563677,26.45815157270501,25.61329264239605
30.530132973549104,30.40418940986838,30.586507566683963,30.25342781585657,30.014027482634788,29.600698808346188,28.706062242989088,27.38667797971907,26.458906589472466,25.614449017359135
30.53123996810684,30.405056531516585,30.58699435193436,30.255423241921573,30.014827638498932,29.601672230807253,28.70725216484043,27.38565770109059,26.45903915485297,25.61346647540094
30.531615606359473,30.406882066979627,30.587534571521967,30.2555778900837,30.0155615279801,29.603376603976276,28.70767089378738,27.38659890510561,26.459817777670615,25.6135647714816
30.532095336031148,30.40740602377477,30.589353374832903,30.256706926552972,30.01733510751256,29.60340188900667,28.708892930979232,27.387849226288292,26.460888562712405,25.615416963126187
30.534136482032075,30.40808572193618,30.589849160882487,30.25730223943404,30.017677832449507,29.604864202952935,28.709117517530053,27.389376965377387,26.460925472679268,25.614531361787098
30.533749930369517,30.409411248903943,30.59097771675452,30.257806883041436,30.017673607801974,29.60557543258676,28.709297090887773,27.38940331935432,26.462244659015166,25.614466262696595
30.533946351993766,30.41032805940299,30.592320431066227,30.25888473125226,30.01930100259343,29.606935032276343,28.711039432568324,27.389701151212957,26.461774507865123,25.614603768829014
30.53435539664736,30.411282001471157,30.593520587885635,30.25991703232802,30.020486914433153,29.606584339576266,28.711490171479582,27.390889720901768,26.462853572400313,25.615517347993297
30.53573816321107,30.411557907411332,30.594015585197127,30.26112678322344,30.021008448528693,29.60926663341865,28.711772073838368,27.39032537865625,26.463283413179703,25.616534928287436
30.536313924300554,30.412965901261437,30.595397757451405,30.262134964434573,30.021957969879274,29.610795246241484,28.712459932682624,27.392742406465175,26.463482832940578,25.615585771626087
30.536615619915338,30.414365608455896,30.596688472306333,30.26275348831076,30.02401451019454,29.610953903068086,28.713416338591152,27.39227949862555,26.464457606825853,25.61634243603402
30.53811555081989,30.414891861664998,30.59729686285268,30.263923771812884,30.02449933704518,29.612571897849598,28.714348323927616,27.392624376740674,26.46479117613568,25.619156743698884
30.53858430843498,30.415352490734513,30.59851903832813,30.26511641069167,30.025783857167987,29.613838517545233,28.715216128471344,27.39398322579081,26.464754083607662,25.616459894032722
30.5390830247112,30.417051261670032,30.599102916420577,30.265621846627432,30.026493474471387,29.614955345590932,28.715689793422516,27.393954741363252,26.466339313929517,25.616912506563338
30.54038236149621,30.41862569484249,30.600125613527837,30.266385452176046,30.02742258281892,29.615939283254296,28.716894886974472,27.395476561244713,26.466691344432295,25.618736375156406
30.541449465862918,30.419457739751156,30.60065955197542,30.267216514985734,30.02783072425618,29.617159871562457,28.716959156401423,27.39581583216919,26.46724969659196,25.617795296333217
30.542616422672193,30.42024178685178,30.60187588916606,30.267935636422596,30.0290454725872,29.617791600648978,28.71809189753183,27.394940008753046,26.468186208157405,25.61794986175746
30.5440662243209,30.420974457856502,30.601978483525677,30.26964413564454,30.03003770857091,29.618847441950365,28.71944599514556,27.395708390036827,26.46813770344432,25.618915803716128
30.545129142509317,30.42246544526043,30.602750566303783,30.270418425692363,30.03120880334317,29.620061536206475,28.719975139463635,27.395332681798806,26.46982535735114,25.619162008384446
30.54546907596702,30.42235347822161,30.60364635529613,30.271216795227197,30.031810521561162,29.62051548145602,28.720523414691847,27.39729944960613,26.4702620003332,25.619298096602524
30.5466533152623,30.423999264703866,30.604523759378065,30.271398202691735,30.033609393395597,29.621959334876458,28.72223812525913,27.397937241752807,26.47106793717588,25.6200017719066
30.54744188858914,30.42444443586078,30.604842140118514,30.272470824976345,30.0348958773488,29.6229533839365,28.722646791064076,27.396489879394753,26.471967977804766,25.620714150724307
30.548739820330134,30.424877264474816,30.605951033630944,30.27346160139686,30.035239913529583,29.62425519717231,28.723726087889446,27.398932536130538,26.47236275775733,25.62151481547997
30.550146744966355,30.42620533404543,30.606351581731687,30.27428497267005,30.036276843616854,29.625324638928735,28.72470195137419,27.399334161404447,26.472040967162364,25.621184195333747
30.551406949251128,30.425950801683083,30.607497135769933,30.275646954996343,30.0383305402937,29.62669885331025,28.724372766476897,27.398290269518828,26.473989446617598,25.621869470668575
30.551499119255382,30.42688885469836,30.60754873470175,30.27615669333725,30.03785013514001,29.6275094586765,28.727135620860427,27.39939619239033,26.472849691911403,25.62294305565534
30.552389578214715,30.4281517804961,30.608748982948892,30.276987427049065,30.039292598507437,29.6272954818685,28.727516008236478,27.39952589730551,26.474048154906875,25.622752165585645
30.553614503796652,30.42868368253837,30.609628087129586,30.27850803289672,30.04066268087731,29.6289681172278,28.72839074397376,27.399027908028142,26.47596501548795,25.62383510279404
30.554722477749827,30.430288710988236,30.609868133133887,30.27971711621436,30.040889120336196,29.630085054320368,28.729674078950072,27.39975614596212,26.474448152157436,25.6245797801453
30.555637720194085,30.431907647266918,30.61097403948866,30.280247706198324,30.04224421906958,29.6310739523323,28.72928228532045,27.39955001819146,26.474814924555655,25.624612185534023
30.556874447887438,30.43228479853578,30.611100700823958,30.2816654817515,30.042309292569623,29.631500657205734,28.731252284600856,27.399336504818315,26.47634994519596,25.62478025678906
30.557710218515677,30.433172591048447,30.611804074485423,30.282328342438277,30.043670008368583,29.633520537016157,28.73151445742611,27.40002934164839,26.47528291264521,25.625842321625846
30.559214093708658,30.434423228352394,30.61209078463357,30.283145884093692,30.044916125284708,29.63481924940567,28.732861510173446,27.400412858277498,26.475952551865333,25.626128197107914
30.56043107175085,30.435166297627013,30.613372611409456,30.28405434411697,30.044854593444988,29.635380255329892,28.734263521580978,27.40121711806352,26.476557480932396,25.6267793071493
30.56124800223816,30.43646409669344,30.614350575985693,30.28444932482062,30.04649910635453,29.636832621622887,28.73437460412411,27.401999760259006,26.47623102944138,25.627022683718472
30.562488607359562,30.437492966623026,30.614256316818064,30.286648273907318,30.046786786123548,29.638235393204365,28.736715940281886,27.40133913903021,26.477351780624076,25.627805493630248
30.563857107974798,30.438540727364128,30.615551013134933,30.287229215360018,30.04737062283649,29.638546099483285,28.73589665660305,27.402565091380335,26.477001410459895,25.628322398403533
30.564876032293853,30.43935533087574,30.61634113212105,30.287721222193724,30.04893155207357,29.640312349119064,28.737703131724718,27.403649040605586,26.47732522462791,25.628473784306554
30.565926631333728,30.440459901238114,30.61661050397145,30.28909253575623,30.049046089031965,29.639653300663067,28.738344951682965,27.403401333554328,26.478222672236967,25.629730104231598
30.56673508943124,30.44137341474963,30.617755259997796,30.289570127339587,30.050385836805177,29.64148848207489,28.73861017046776,27.403978943056735,26.4772361435274,25.629819295691313
30.568592421919938,30.44183110885559,30.618521292501832,30.290928203443883,30.050768432134337,29.642108330188336,28.740676064120457,27.405420048791083,26.478238351778835,25.630620597133436
30.568852186076015,30.443386075502197,30.619287451795504,30.29228814363905,30.050474293243326,29.642608549443757,28.74136536872379,27.406111430478006,26.478763277209417,25.631098250919308
30.569611026709254,30.44331936163229,30.619959441545124,30.29293785051207,30.052288609675145,29.642594376605096,28.74222952443953,27.40516800330235,26.47901162749743,25.631936078576018
30.569676862935427,30.444720513959204,30.620863731493785,30.29384667404542,30.053476965026785,29.64402661053569,28.742730507842964,27.406907119534022,26.480008323615873,25.632700836227016
30.57068082730892,30.444821941043195,30.6217946339319,30.294439456480326,30.053473669330685,29.644931851643292,28.743481773595402,27.40726853982872,26.480735937454924,25.632912527133286
30.571669383924664,30.445618168946332,30.62281374203732,30.29650977498069,30.0556768417937,29.64584765433457,28.74496401779835,27.406746518104622,26.48074150129363,25.634116077356563
30.572212339210516,30.446194877916916,30.623891891917737,30.297004142576533,30.055747836601995,29.647013998962642,28.74524426618782,27.408513178757595,26.481786897598212,25.633497817702956
30.57277565002627,30.44661636706342,30.62463148408069,30.298136699082505,30.056310711693456,29.648150074503707,28.747198003935843,27.409899899131812,26.483221638067555,25.634494557579544
30.572569478980004,30.446974668216853,30.626189258313133,30.29952361729692,30.057830178994102,29.648901291874324,28.74657002827025,27.41083967400034,26.483311858103498,25.63577855484755
30.573105332585154,30.447977591692133,30.62725590789924,30.30009398724337,30.057462287306702,29.651121408952736,28.748702353629657,27.411087728700313,26.48365320182227,25.635231542526288
30.573536606428313,30.448493522839403,30.628331145667897,30.30080955917157,30.058330825982328,29.651557211676874,28.74794204041538,27.412272913827206,26.48486393979178,25.63694526317894
30.57465339940688,30.449467060261792,30.629151008030185,30.302545833465942,30.06031334729778,29.65264540396831,28.74888636104348,27.412548795658708,26.48506581344929,25.63739712291887
30.575082144881314,30.45008992487283,30.62929873354575,30.30312625761237,30.060655205324103,29.65452400916355,28.75057400498123,27.414116295268972,26.48549937271057,25.63679338450061
30.576008172790587,30.451431710179534,30.63079505970364,30.303879386204425,30.061525053190138,29.655664463265282,28.75034372834486,27.414051206383814,26.486667041178308,25.638965689889368
30.576412353533513,30.451603338855186,30.63136571998203,30.304867469302703,30.06254298561851,29.656767392490714,28.75196044046218,27.415398253832684,26.48666941777843,25.638151397232246
30.576867238934966,30.452255682940002,30.632235347245675,30.3060599292722,30.063082258871944,29.65788330774641,28.751616468127764,27.41581771505571,26.487023967605037,25.639125050473695
30.577750750063505,30.453881146848715,30.633251770063403,30.30683598823817,30.064182394795687,29.65863985204109,28.753521792125653,27.41648530726114,26.488325033323925,25.639618983203253
30.578304401732368,30.45406663248558,30.634771306618617,30.30720946434062,30.0638551948995,29.66033125103567,28.753571158100826,27.417873737609206,26.489350711291443,25.63915216851359
30.57895107401255,30.455337425304144,30.635490720849003,30.308803877316954,30.065781943675173,29.66094448661576,28.752157185939446,27.417403096041355,26.48996907362841,25.641093739119864
30.579530239229676,30.456115541347792,30.636750856526476,30.310338067354547,30.067084338086076,29.662298770785252,28.75370368015448,27.419599864573804,26.4893287087928,25.639618980080606
30.58073263718874,30.45695709355364,30.63745910436956,30.311175217937908,30.067517196300244,29.662300260342278,28.75258573101515,27.42050603807112,26.49139657080564,25.641183313783383
30.581294076341155,30.4579833975344,30.63856393234536,30.31209667705998,30.068856549429,29.66428441177672,28.75368112431152,27.41942960792287,26.489914612865554,25.6418811337172
30.581797161982394,30.458939925690622,30.63947393352572,30.313216781697115,30.070182130592947,29.664814962984384,28.7545790808095,27.420605766689338,26.48878596209409,25.64074411135082
30.582727446911267,30.45963689935821,30.640699131012703,30.313309356096028,30.070982680515467,29.6656912038064,28.753168102297423,27.420359519866526,26.492700666089956,25.64296548322644
30.58355879722845,30.46026703399734,30.641065830838272,30.313884822479874,30.0723723120154,29.666603417764406,28.756442310765106,27.42165182676997,26.49131147304173,25.64168582084107
30.584577756038335,30.46160265217857,30.64206554913593,30.313866497606558,30.072884337195735,29.66814894042347,28.756535662746813,27.421639173011453,26.489830004713433,25.642992896817947
30.58532653191557,30.4631191929537,30.643140466538537,30.315339198289152,30.0742812716951,29.668617087798882,28.754302011470596,27.421744435501644,26.492764973955374,25.643720210637998
30.586078339517115,30.463479588597416,30.644182459294345,30.314610645438922,30.074787024728487,29.67022027008148,28.755583701635196,27.423632466506078,26.492522655947994,25.642128760566546
30.587447964954112,30.4650963008103,30.644882354863462,30.314790933772557,30.07581673757635,29.67088988956712,28.75650278379341,27.422076420109676,26.491746490635286,25.643096489103456
30.588289909973735,30.465995597996375,30.645931244093923,30.316223045256,30.077660759488992,29.67148542005569,28.75661676968182,27.42001832785368,26.49298775687148,25.64331514592015
30.589526787725237,30.467223445995558,30.64748463992631,30.31438742540537,30.07876966029546,29.672637662490455,28.7569834709926,27.423540576004953,26.49389327974864,25.643720657272816
30.59055714692226,30.46815125600776,30.64851348683106,30.31446375336019,30.078315725162142,29.672955628696428,28.75703910104631,27.423303352030032,26.493190182768448,25.644614288665608
30.59169144801887,30.468746793683394,30.648752188688047,30.314758528821386,30.07963230889153,29.67462201171199,28.757983626903318,27.42411058361494,26.493435382186725,25.643917302662818
30.59256199639745,30.469975107543515,30.650244465804125,30.314611332071905,30.081285270467028,29.674957125653272,28.75910118993978,27.424770232154533,26.494008141608827,25.64464422832681
30.594090646021648,30.471060156833346,30.650448494584207,30.315138740857105,30.081604891876268,29.67645236650572,28.758917548017155,27.424530475499402,26.4944091080222,25.645903850383604
30.59535186550321,30.47150526959225,30.652196098082584,30.314824437238453,30.083330545460857,29.67591364910723,28.76036384672345,27.424450965915238,26.492829063984704,25.645576890924197
30.596059794566703,30.47337692764698,30.652743063830123,30.31476114610613,30.08383607526134,29.67798969645189,28.76137356294336,27.423178912717127,26.494595540328998,25.64654738794928
30.596777367181488,30.474842118288606,30.653988127632374,30.315785866772124,30.085519990779982,29.678668209938248,28.761953368625456,27.423580082635993,26.495482455355926,25.64741643002626
30.597815914822924,30.475069400446422,30.654349697361507,30.316018862610562,30.085711062010205,29.678944184382665,28.76274621528353,27.424237391303777,26.495110312685547,25.647508808570677
30.59904879793731,30.47644974213535,30.65548910717454,30.316015294642348,30.086905936375693,29.68051036668392,28.76354005481995,27.42310622659581,26.49501539056775,25.6482813438414
30.59904925180424,30.477163380919304,30.65678954784188,30.316198994955805,30.088225116344468,29.68139232935475,28.76389438352499,27.424093293704832,26.495816348558094,25.648647109959732
30.600514551354543,30.478399452507276,30.657422526568,30.316193875027476,30.089580046774152,29.682539876274674,28.765105971862234,27.42384473604932,26.495511736417757,25.64871434409328
30.60154644930851,30.478335067751672,30.65872471089561,30.316107115810933,30.091046790446793,29.682800870411647,28.765358245922705,27.424366940167587,26.495901222138553,25.65009984925878
30.602776728725644,30.48057649606281,30.660135143689317,30.317834678169433,30.091748933425748,29.683473310131472,28.76641565548813,27.42521017413884,26.496242920321613,25.649024727386024
30.603291482781337,30.48116085204329,30.660188384084428,30.318479091991172,30.093562670970204,29.6848605860068,28.766204284227598,27.425830706233025,26.4972206993168,25.650238588466795
30.604102397103354,30.481800451686098,30.662205420585963,30.318835474466766,30.09425012626273,29.685874307488653,28.767836478968192,27.425244842937495,26.497828996921644,25.651512096496965
30.6048459996328,30.482657590397682,30.66111547338979,30.318914763399523,30.095512084920678,29.687082120669288,28.76859020733017,27.42502105487434,26.498159648004552,25.650469017653514
30.60555186107947,30.483572009591626,30.662808469111752,30.319232847036783,30.096922351374324,29.688122644454875,28.769424201226457,27.426853953467017,26.49856410922668,25.652677243533116
30.605988250976296,30.484521259651117,30.663184591521237,30.320896245506432,30.098101831584806,29.688931987122615,28.77086891404393,27.427409147894394,26.499306778944177,25.652087625555907
30.606918264580223,30.485133898468874,30.66415794152508,30.321326065754647,30.099638953977042,29.68993345987714,28.77097903007388,27.428685449499408,26.498950850708177,25.65198873429848
30.607901745559705,30.486222673321297,30.664148082582937,30.321425110091113,30.100388520056608,29.69161540359735,28.772591118316058,27.429223923141333,26.499402973518084,25.654749089767176
30.608977533898873,30.48694593737448,30.66393320674768,30.32239457319141,30.10184621371451,29.691820022612742,28.773096019762903,27.428529841811297,26.50142764875462,25.65297268492657
30.60972366321733,30.487674676120555,30.6652744778668,30.32321132876243,30.103206943781004,29.693320012211956,28.77480538826609,27.43026873075142,26.50099000598002,25.65356787122286
30.610384189559415,30.48872067297106,30.665708516802866,30.324009666371943,30.103804674968252,29.694991079745616,28.77529155275553,27.4312960884918,26.5015631962913,25.6547859871337
30.611246679005404,30.489721944372445,30.66556051302003,30.325260917726503,30.10370872992315,29.694187782445326,28.775677855678122,27.430895116222565,26.50232083800191,25.654196516944765
30.611853694825534,30.491288147931087,30.666371794082412,30.32617817138658,30.105932347563765,29.695755123119753,28.776931999375353,27.432667087941738,26.50287699863445,25.65448761329923
30.613036018425845,30.49229534608701,30.6666050580127,30.326758311876638,30.10567045195529,29.69731409346583,28.77802262126955,27.432579463359005,26.50298288913538,25.65568271035913
30.614488627920547,30.49321545491931,30.667107602628153,30.327957514314154,30.106369208904837,29.698001746449613,28.779261134205573,27.43318469063142,26.503485380060404,25.655981600113368
30.614483106074296,30.494526197146055,30.66798554743822,30.32876097071652,30.107642585233116,29.698712052774425,28.77910762059967,27.434589258631924,26.502824403880354,25.656506900948038
30.615544110329207,30.495160078290606,30.667845209815784,30.33021212385659,30.10932574689175,29.700729831825154,28.78016577414384,27.43466836092847,26.5033291738108,25.65635724031911
30.61572991346162,30.496442840744887,30.66835971313253,30.331397599028683,30.109656149356997,29.70055152950923,28.78126717983237,27.435663226987774,26.503571214614205,25.65741987154528
30.616259891191365,30.497201676532693,30.668762825687033,30.332644501711997,30.109409377350968,29.7022737045023,28.78106570331206,27.43581502805572,26.503524831818773,25.657973720806098
30.61686988766736,30.498196084132807,30.66967004997202,30.333485967605164,30.112096495287712,29.703367703090883,28.78273997978519,27.436808765381436,26.503661573670833,25.65758543660091
30.617354479333944,30.49955433020965,30.6697410669571,30.334246167858158,30.112623327214095,29.70318459578717,28.78222689018237,27.437977196008244,26.503520377241525,25.658633486160998
30.618329372467564,30.50068848021443,30.67160734435827,30.335914603818285,30.112577313039598,29.70337672448357,28.78475729795162,27.437514279385425,26.504330461146708,25.65831401813524
30.61901254147203,30.50205279465458,30.672111410744222,30.336737856403886,30.113196375515763,29.705336634371623,28.784680045037952,27.44010169070453,26.50465773073655,25.658333297044646
30.61924875164364,30.50292336511709,30.67294591387219,30.337840310927263,30.11354500084675,29.704915559785476,28.783847148886842,27.440275961142216,26.50524198432184,25.66058742306864
30.62010788825235,30.504827154719912,30.673961569781667,30.33880265953433,30.114784746966073,29.7063751008459,28.78557535603772,27.44065586578287,26.5058198822178,25.65846099546978
30.62082794105979,30.50508283578516,30.67405749956244,30.339677375156594,30.115447586806944,29.70726569088576,28.787205818653273,27.441828797972107,26.506015398434094,25.659513091021914
30.62161965429877,30.506287566197784,30.67492845746181,30.340620049113216,30.115394759761337,29.708270495898983,28.7860739972723,27.442639074780473,26.50561528359305,25.661333162762148
30.622389275999634,30.506621512548495,30.675732934216565,30.341751027194427,30.116767195272427,29.707853925057208,28.786444359845195,27.444435269152045,26.506661208696535,25.659276817603974
30.623744772135304,30.50811544020769,30.676719910786797,30.343044740192685,30.117855226613234,29.709641142945692,28.788989347956964,27.444764277100326,26.507607335532875,25.661000306999785
30.62367888288973,30.507950817651302,30.67777292985081,30.34383114162186,30.118708130949926,29.71011280404605,28.788325809923585,27.445997985718584,26.507682233576716,25.660274179462547
30.62443616714148,30.50922917111167,30.67900475510353,30.34551819089821,30.119002919868365,29.710150966258322,28.78931898400507,27.446818006834405,26.508223475017925,25.659898980994647
30.62599153397498,30.51049431276808,30.679853563969655,30.34653924095941,30.120086101751887,29.711805429766493,28.790760619804733,27.44685186105468,26.508361054786707,25.661725169497718
30.62649774622551,30.51038688934337,30.67997248899688,30.347270013028492,30.12062808728126,29.71253143285212,28.790317718105534,27.448232783932106,26.508767746164054,25.65996848750952
30.627295547022975,30.511249060929448,30.680847899665153,30.348786375956912,30.122128312151567,29.713575668582944,28.792636466871848,27.44823965775614,26.510005089614623,25.660079625551184
30.62760723627629,30.511618926162505,30.682225911198344,30.34943310419262,30.122080197464747,29.713859410071926,28.79086499713329,27.449999392654576,26.51010358738428,25.66168610148237
30.628745192487138,30.512320076829003,30.68239195210022,30.35078785048542,30.12325266665908,29.71424492282504,28.79268925365768,27.450928520628295,26.510767006264043,25.6603960753085
30.62960890356631,30.51332770390133,30.683784170088284,30.35141639327697,30.125249046302486,29.71546789406776,28.7941211611432,27.45139626020952,26.511696402381094,25.66044017063851
30.63027153647063,30.51364475302446,30.68398122889205,30.352934095856842,30.125242986980595,29.71721928488549,28.793953958661056,27.452329676096838,26.51181338508946,25.661701020583706
30.63120960834441,30.514499672417305,30.684413528191087,30.354025266908373,30.126203370398933,29.716877691510835,28.795793656041496,27.452881330369287,26.51320437628452,25.661126539963035
30.632410568522474,30.514434445210593,30.685824293753868,30.355393624534194,30.127908085557507,29.71786468503104,28.79621758360028,27.45394508903077,26.513639057987316,25.661983311800498
30.633779803329077,30.515495202321826,30.686445509644265,30.35635043881143,30.126892863165935,29.719056691915196,28.797628964549776,27.454216536063974,26.514792926026573,25.662344346366748
30.634257618031242,30.5158424238342,30.687019074453342,30.357795530456578,30.127467914110255,29.720341707429363,28.798612077263876,27.45563117903336,26.515139208918413,25.66188564548213
30.635266961675175,30.516616092375536,30.68807769886113,30.35893145108998,30.129518579446774,29.72132319894614,28.79917609024541,27.455351056662835,26.515747035914934,25.66205199527937
30.636579303933882,30.51712889690267,30.688285430470348,30.359724719325065,30.129573118267032,29.721696441130124,28.799921968204927,27.457329135772945,26.516660423964595,25.662049055740933
30.637318519709638,30.51736098587465,30.68961275271798,30.361004967879936,30.130180824491546,29.723102708549398,28.80100764389522,27.458063227987346,26.517868877809853,25.66145049813693
30.63855035206975,30.518190034799936,30.690597739190192,30.362394708201702,30.13187222108281,29.722385548241178,28.802336509009685,27.45749961818905,26.518370965812437,25.66147504272682
30.639773105562163,30.519350854675054,30.691332896131502,30.362896533930677,30.131958841961662,29.723981874920916,28.801456225152435,27.45867839157999,26.519216465867878,25.66228266299639
30.641297289424667,30.518992386917954,30.692154079955174,30.364867258216513,30.133282435908985,29.72425683202678,28.803394329129603,27.459613540014036,26.52010744653721,25.663002489041205
30.642413659022843,30.520677636736284,30.693194269597875,30.365671710311236,30.13340261414156,29.72488424229249,28.804098491415537,27.4591948209123,26.519584798854034,25.662481810771943
30.64330152574211,30.521674391288627,30.69500099736834,30.366580261382637,30.134235076502804,29.72466555649307,28.805416385642587,27.459878389315154,26.521470575053733,25.662525058485844
30.644289140490958,30.521945715735548,30.695087690392505,30.367841202724012,30.13608405293887,29.726733729894708,28.80717152300626,27.46164888645314,26.52170159985932,25.663137231226877
30.644957003410276,30.52276160533564,30.696678183447588,30.368664478899177,30.135817733654907,29.72646178903363,28.805223970528026,27.460804750743502,26.522264727805368,25.663244759146036
30.64654088693642,30.524143489810672,30.697282865990804,30.369305458992436,30.135573792131755,29.726435955320643,28.806769717849626,27.462369721627105,26.523008862747666,25.66397735747282
30.646895733117315,30.525103288186514,30.698407591554666,30.370395731067504,30.137267823370554,29.728297037199237,28.807718387129437,27.463677503344293,26.523370304263352,25.664455631849187
30.64800769660667,30.525594481436016,30.699220586105117,30.37097655282586,30.13870318360675,29.728467186317143,28.8074293722679,27.46415577086406,26.525263615145427,25.66447152634547
30.64910775483352,30.526545769927466,30.700158923608605,30.372346130037403,30.139510517109137,29.72907560382596,28.809541208475842,27.46426781425399,26.524970587260658,25.665252003967662
30.64954459193807,30.52698157404942,30.70107795873143,30.372010705405273,30.140419544253348,29.730195786324458,28.808192517763615,27.465922400066273,26.52539806531521,25.665114726192915
30.65034561384742,30.52769758805356,30.701527425712364,30.373166478193028,30.141494000734102,29.730762794013458,28.80933855458478,27.466160181816974,26.526631386546768,25.665195345340685
30.651215418026414,30.529067600005764,30.702618537799765,30.373652418014725,30.142518234684882,29.731407740864007,28.810208655058688,27.467422504518254,26.52586439610794,25.666453361265816
30.652194749638802,30.52983929169379,30.703144366849784,30.374407436291584,30.14365337561561,29.7333139578363,28.810442983185602,27.46849391074429,26.52757115862817,25.667321825206756
30.65353456775608,30.530620011725297,30.703894897719415,30.376455942254815,30.14470858224747,29.733501811659494,28.811274315216153,27.468773641616142,26.52861053234252,25.66683309552055
30.653871473801537,30.531840307179408,30.705182070299934,30.377031263545152,30.146723342966332,29.734594777482805,28.8120343990295,27.469049657198227,26.52824501485554,25.667637628806048
30.654992178550984,30.533236445579405,30.705373391493822,30.377260006670138,30.14662278275498,29.735366706095373,28.812349065136125,27.469816696928035,26.52879265882121,25.668466261989387
30.656266765938312,30.5336200285938,30.70626811333938,30.37831728335004,30.14750842454507,29.736663380008768,28.814190648948006,27.471142004976596,26.53047056031648,25.66797545996012
30.65784847359488,30.535075324431972,30.706556067334077,30.377846470392257,30.149192579731835,29.736850232962283,28.81351861730197,27.470475892724757,26.529169667590267,25.669222298375075
30.658502212295524,30.53635932648842,30.707937225254575,30.379955912050942,30.1496472437059,29.73801787028508,28.81499213414051,27.471306604910794,26.530396390611553,25.670282347027815
30.659497766048943,30.53714983697606,30.7084078324816,30.380058921587413,30.150477176317736,29.737305312234618,28.81579695584953,27.47203992992487,26.530674551722186,25.67036198911203
30.660642070042385,30.538563327208507,30.708823671681863,30.381016812383216,30.151387066095786,29.738937544102576,28.81628533370882,27.473083576703967,26.52885412045633,25.671374059764233
30.66145271906647,30.539230704516495,30.710062771971707,30.38160370616831,30.15248897336532,29.739185571105363,28.8174270554524,27.473330580662775,26.52992676179725,25.67154963931301
30.66278158228569,30.54089550845893,30.710532060992854,30.381903072110774,30.1542476527071,29.73967247312203,28.81772159738422,27.47441688873199,26.53016410554045,25.672402503738393
30.66351834903045,30.54171094323046,30.710868809103285,30.383427530079572,30.155092170548574,29.74188803271014,28.818707350284928,27.475364904985177,26.529345692411415,25.673607966527054
30.66441032690214,30.542421080407813,30.712304199984235,30.38392403326813,30.154865133806574,29.74189147983362,28.819639843844804,27.475309229837897,26.530153576318938,25.67325971053702
30.66569186341731,30.543311342007662,30.712683391922944,30.38420932146879,30.156710917615985,29.742798866146195,28.820504994489845,27.47537533108108,26.52925250690492,25.67472079009722
30.665806121334235,30.54486290732862,30.713499182722536,30.38484571208249,30.155639381778208,29.743552903023843,28.821464899295783,27.476188931585078,26.528866917973293,25.67490599898379
30.66682640441552,30.54549468669736,30.71245208002115,30.385951523829064,30.15591510857957,29.74436243286061,28.822186237079045,27.478260916633825,26.528062827214068,25.6745699311023
30.66756010474764,30.54645999403018,30.71412360526655,30.38743356861677,30.15804390010452,29.74514898946581,28.82333230207294,27.47815716225339,26.528354768476877,25.675632053458315
30.668361197098992,30.54755632200012,30.713745507623408,30.3885942591068,30.157387723101724,29.746305675515178,28.824484418581594,27.479221746559865,26.528972875826092,25.67600819448105
30.669342567092205,30.54841158876777,30.715120216456814,30.389344015273764,30.15801383010433,29.74804806515828,28.824711052678946,27.479708850293964,26.529072232046495,25.67665297893962
30.67030846783796,30.549470798574983,30.7156748132452,30.390102363581896,30.15930989588117,29.747804041799807,28.82612779644949,27.480554241657206,26.52784331664277,25.677469824779237
30.67135762752317,30.550503507883594,30.714963914149994,30.391534532484016,30.16024490373573,29.749300473420234,28.826657391814123,27.481717696143665,26.528536800976767,25.677669573858285
30.671600931162168,30.551982538756857,30.716183104612924,30.39241269393131,30.160661187326262,29.750019998120834,28.827445559291654,27.482721224428342,26.528794540321062,25.677215837388406
30.67220164222562,30.552712334746484,30.717011398950532,30.393515460312877,30.16151763574607,29.750522082497564,28.829463590851113,27.48163349648688,26.52932475448656,25.678706189239804
30.673470921208775,30.55336351488242,30.717531280829892,30.39445040595313,30.162272054667785,29.751870872012994,28.82970582371607,27.483628597952396,26.52925697836342,25.677716328408717
30.67454760783874,30.554994135587613,30.71787232873513,30.395453176204445,30.162951474818925,29.75268573571611,28.83116980508141,27.485107044584865,26.529099119987,25.67906933451008
30.675446790523708,30.55430485485749,30.71780351043712,30.396496897346704,30.163878526528833,29.753959369847806,28.830884141409435,27.48612460524135,26.52933190606625,25.67929596910119
30.676161342250484,30.55519691931054,30.71901474845599,30.397395686548396,30.16403651694209,29.75415674053195,28.832729055627013,27.485727566295356,26.530629370416246,25.678766427462982
30.677094148577183,30.555587024866625,30.71853456357768,30.39831404121916,30.164939692498542,29.75583163153379,28.83365842103942,27.48665113774994,26.530923390973538,25.678795081430646
30.67842723570523,30.556148348969604,30.71898665055558,30.399796467354257,30.166834611547813,29.756125220713017,28.835185633971733,27.487580655732707,26.531736808453907,25.679895697934178
30.679270159171807,30.555883152890814,30.720343665598154,30.401046420541192,30.166196889939364,29.755840104912295,28.83565985993304,27.489107775231968,26.53273012404999,25.680410658554877
30.679814637537845,30.55581598361414,30.72052192711936,30.4024159716497,30.167162116821803,29.75835722880102,28.836183426690457,27.489580827938745,26.532543396541726,25.679657178106083
30.681140524197907,30.555431843781264,30.72089677132088,30.403563925283926,30.168901890142994,29.758600792732352,28.83783295918006,27.491038818421035,26.53371710375584,25.68101916860972
30.68224264500468,30.55541078521216,30.72133749928746,30.40467836293848,30.16957480716579,29.759792518444126,28.837656769467706,27.491014451877724,26.534603099793785,25.681208215225972
30.682709936201945,30.554773865708018,30.721939566422876,30.405609828055738,30.17080978328393,29.760961857286752,28.83863232191302,27.49208201789779,26.533959706420465,25.68099605828459
30.684041544613162,30.554931561484754,30.722698256452937,30.40662883400618,30.1719601336083,29.76143319905666,28.837350110866495,27.49274560335732,26.535331973919597,25.682968071685124
30.684809806443766,30.55446591838967,30.723403141806806,30.408003043860376,30.173420615330443,29.76310877460824,28.83793540125595,27.493509655517173,26.536201965403897,25.68154909331174
30.685706961798726,30.554572203670407,30.724274304788825,30.408631178184034,30.17407634203196,29.763836813019626,28.83906670000882,27.49528102138761,26.536387904985155,25.681137092429857
30.685556630805277,30.554927257663174,30.724668123155183,30.409723760346722,30.17463942049972,29.764610037641447,28.83824122005138,27.49455249758098,26.53721773691039,25.683150429865115
30.686487571419253,30.554878120260753,30.725447606886295,30.41114359783135,30.176497515905815,29.766012133541384,28.839394732680702,27.49516431625421,26.538008512236843,25.682564974104125
30.68789222873043,30.555586451824837,30.7268905317356,30.41214934283387,30.17692616273196,29.76688820455321,28.839343730427842,27.49710398250866,26.539029110861676,25.682183388489253
30.688945423929226,30.55555527936299,30.727315681476863,30.412348974874426,30.17735056710707,29.76759869332153,28.84047970690762,27.498607741367685,26.53929919639141,25.682749194645844
30.68971044021652,30.556570137608944,30.728700412632072,30.413813910815087,30.178545484672213,29.768712802094875,28.840923891106467,27.497677857609638,26.540051035902543,25.68417451347039
30.690572269769817,30.557152722855175,30.729463920751808,30.414937364207578,30.180144924346944,29.769977320764035,28.839973459454452,27.49959311880049,26.540712269005816,25.684126575609415
30.692105334657033,30.557600498543465,30.73001338369987,30.41538841747995,30.1812603150923,29.771262021953007,28.841119857717135,27.500314686453542,26.540950321057576,25.684216567443325
30.692927907763313,30.557528471021573,30.731209269555492,30.416782654658093,30.181499008275555,29.77177511027935,28.84215307818952,27.49920342106916,26.541770774539657,25.68476269892805
30.69360762119882,30.557938133079983,30.731730710496812,30.41772478983606,30.182596671192115,29.773591530938685,28.84197988356147,27.499009703958144,26.54240533728979,25.685306947877766
30.69425236452682,30.55821683162225,30.733012851173562,30.41890023359951,30.182850247588778,29.774430762152857,28.842442260131207,27.500974690340666,26.541957102765153,25.685347161492306
30.695310010407265,30.55866371918126,30.73336675970312,30.419250850620045,30.184171063296272,29.775520451993536,28.843485211361802,27.501809573334892,26.542691852719873,25.686235092436185
30.695953964179303,30.559237672380995,30.734693925545574,30.419951965047854,30.184281895385126,29.774853945316842,28.844991303841297,27.500435441743043,26.543052074727697,25.686612145769647
30.69729983325697,30.55977551151079,30.73560002851665,30.421476996960358,30.1851121391172,29.77483716440058,28.84589546746714,27.50259094941582,26.543579104793523,25.685754354029164
30.697224866847233,30.5598670839884,30.735077719181405,30.422094381634565,30.186953649466655,29.776408376409528,28.84571592698685,27.50278850898757,26.544766480305725,25.68798214945702
30.69798092957821,30.560749347747752,30.73621306298326,30.42332131279581,30.187371310001918,29.77722871004438,28.84676778154922,27.502513514473627,26.543762670567563,25.68688699275335
30.69939889149485,30.56164397024333,30.73704917177689,30.42311920418259,30.18767271671988,29.777397093594125,28.84724860156814,27.504512101259763,26.544078774076745,25.687203681008803
30.699757582074866,30.562306157597632,30.737963637185572,30.423722249462976,30.188677849694507,29.77888736950014,28.848520714430066,27.504217806481577,26.54532655703084,25.68910664094939
30.70041851464037,30.56270390761146,30.738918815995028,30.425435688777288,30.190890554398095,29.779103423619233,28.849111141146075,27.50441013403342,26.54542887814463,25.687799860073678
30.70106316779193,30.56370326646457,30.739493555729833,30.425718789639326,30.191353566200764,29.779163451916087,28.850434528858205,27.505902258659592,26.544670779254552,25.688382793745426
30.702039270230756,30.56403270659194,30.74068667534052,30.42570047310866,30.191703778062422,29.780358660296287,28.851463113199955,27.50528902364671,26.545447484004757,25.68897023252102
30.70272827482944,30.565054455623,30.74096240098111,30.426748596016132,30.193209257009745,29.78100795981813,28.852626053756552,27.505701387519352,26.546511003174118,25.68939763934398
30.7040706816518,30.565977143181826,30.742246906207555,30.42689900218553,30.19395853466802,29.780908755308065,28.852689284172328,27.507889403547576,26.54672315271997,25.689333916040198
30.705194739247844,30.566619568456282,30.742821750896056,30.428127309158256,30.194944831000466,29.782064570408984,28.85376629073004,27.50817059477082,26.547551336649427,25.689735524810292
30.70599740560068,30.567701497055737,30.744036743570213,30.429145830217298,30.196184753398242,29.782369014714266,28.853603377996762,27.508540117608618,26.548504224718886,25.690170253822963
30.707219997711004,30.568443367937668,30.74392153501646,30.429539295714356,30.197724290457934,29.78288576211223,28.855197756996787,27.510681134183464,26.548989081420864,25.690437639781116
30.70843116554016,30.569482788969935,30.74464792672357,30.430597269975564,30.197878999531078,29.78391145189512,28.855689890526293,27.509886871649005,26.549682089370524,25.690986434541667
30.709169425614288,30.570479530660887,30.745643672867317,30.431325105031966,30.19867519564304,29.784222837811004,28.856450992377955,27.51117089762131,26.54979161997289,25.691415150423346
30.70953673090863,30.57161532743702,30.745649576066914,30.432186535013123,30.199642193860463,29.785584203358297,28.858330663720047,27.509452786958697,26.551378133053298,25.691507153302418
30.710316081054184,30.571372143932752,30.74640283425319,30.433317819489297,30.198651500696304,29.785447293084324,28.858424958061327,27.511454476012453,26.551819237278437,25.691921393044822
30.711107846413594,30.572404082790186,30.74748801561205,30.434942308123393,30.19864622819265,29.78635476029368,28.859151444642205,27.51196867659859,26.5525364276877,25.69244972983796
30.711598523131464,30.573241967055182,30.74739288782339,30.43584053151961,30.199406143652286,29.787094558393225,28.860767596590296,27.51270526068019,26.551677753622638,25.693931869561098
30.712384010035784,30.57270044083117,30.74772097477394,30.43624929651822,30.19761149608032,29.78894363476242,28.860711420821637,27.513554994114273,26.552745272084387,25.693650230481456
30.71232045516796,30.573128840232652,30.748759175913555,30.436414245701325,30.196268600611482,29.789817331967573,28.861941216563327,27.513578556444042,26.55387584050775,25.6936762599841
30.71406216442625,30.574720773618136,30.748638366356168,30.438198553448824,30.19621285798035,29.789827484270322,28.862804022068453,27.514448041053924,26.554221013085773,25.695164997741774
30.715131027134518,30.57482696328236,30.74921169187647,30.43809328752493,30.193884564258852,29.79149182659311,28.86394400270231,27.514161292592615,26.55466041612982,25.69491438293719
30.715751323691887,30.575284497517302,30.749620866498102,30.439249617571704,30.191856832725005,29.792162177393724,28.864444168991497,27.51540091402973,26.555234229241357,25.69483488537822
30.71668112035415,30.575859805581743,30.75025880732435,30.440410290589135,30.1888838218637,29.792862157066086,28.865473811844776,27.516685644162024,26.555244243645994,25.695780622280626
30.717719590570574,30.57619791721221,30.751311918454668,30.44042618515576,30.185812552339154,29.79488072437165,28.866093018830266,27.51621751242165,26.557057387309353,25.695666398129525
30.718094141239174,30.576568387450415,30.75083190112929,30.441893611412084,30.184390176499182,29.79501893180764,28.867649041406548,27.516973468049915,26.55839414265319,25.696433758231684
30.71893349052459,30.57647898115895,30.752077173415373,30.442098124784508,30.181879432905603,29.796502506102453,28.868920353724448,27.51774441302068,26.557745207868756,25.69727682800748
30.720483139847246,30.577689117693858,30.752033003515532,30.443035110543573,30.17927525309161,29.796739743224364,28.870085892443036,27.517140029863114,26.55878462197592,25.697441656635615
30.721184346117553,30.576750086976098,30.752988367671566,30.44433796887594,30.17621862906421,29.79771548647209,28.870901590086202,27.518907328183747,26.55934432496156,25.69769718829876
30.72189515159271,30.577331037304603,30.75431190116415,30.4446007812258,30.175781634107985,29.798915901363646,28.871456411055473,27.518556550168793,26.560038553232772,25.69820901971127
30.72340280000998,30.57735195248247,30.754032657581853,30.44565650660561,30.17369414419724,29.800234918117287,28.874300049314485,27.518407133963386,26.560284077067312,25.698530943492788
30.72415249418573,30.577455695876807,30.755212626782438,30.44664442902656,30.172215333154004,29.801585722206354,28.872611948784794,27.51979509026469,26.561804937393102,25.698840785762293
30.725339617490327,30.578124254870076,30.756588130689426,30.447667465719547,30.171750730883534,29.801829568320223,28.874374702369163,27.521030395006676,26.561646461094345,25.699387772489256
30.7257904182954,30.577534316971807,30.75740779443275,30.44922214731136,30.170416606301693,29.80322864996728,28.87422443825734,27.521479335396442,26.561605067915156,25.70013393523819
30.72660394654884,30.577885430155455,30.757869991148723,30.449561411815797,30.170189376682345,29.803901001460886,28.875723046223612,27.52122598233747,26.56292440249117,25.700401558477456
30.726552886115527,30.57899060008763,30.758606548434898,30.450518884279376,30.170010600610418,29.804914589188662,28.876287496814914,27.522576295507264,26.563689816991793,25.700621035046034
30.72719493734949,30.579519237573948,30.759465821896733,30.45087382649553,30.16905708405856,29.80635977342701,28.877105711419052,27.52235105086974,26.563896969025137,25.700914766611458
30.727988132415497,30.580537641441275,30.760160162777844,30.450012983480082,30.169129521296497,29.807332596753223,28.87837342963461,27.523701267549047,26.564371042315674,25.700932495236486
30.728142606874496,30.581009538760476,30.761406246605468,30.451279624844588,30.169077385217236,29.808288090505748,28.87772399424929,27.52499664733415,26.564527836547555,25.701846298633143
30.72833932130845,30.58165061207561,30.76274807074573,30.453064470850396,30.167979462091058,29.810015249220434,28.880533759618487,27.523862338576592,26.564946146138606,25.702194680400467
30.7289317093532,30.582848324005795,30.763301338972887,30.452447402426653,30.16733456406602,29.81049889778975,28.88049132121447,27.525597851860127,26.5658552140782,25.702148360214395
30.729177752969118,30.583434467858922,30.76398388707969,30.45287823994051,30.16786910578761,29.811502645391315,28.88177168894837,27.526191323543618,26.566550355835943,25.702995089076577
30.729858086297508,30.584158190163006,30.76533461757062,30.454084941944373,30.16884775154555,29.813497545042726,28.881498014001426,27.526691176459764,26.568016244190403,25.703618298634026
30.729912333558307,30.58517008371539,30.766320021215996,30.454580111238162,30.16891554163775,29.813973360023887,28.88269460195722,27.528193663648644,26.567474781940014,25.70388224209957
30.73028547273821,30.585865119250542,30.76617898342613,30.454341629453083,30.1701215743827,29.814950573370105,28.885095824343026,27.527405254454248,26.568095750999035,25.70459935904808
30.73138971203551,30.586628983786383,30.76698392835784,30.455320210434394,30.1706955628,29.81674339089548,28.883666191080746,27.528431392900398,26.570117711915856,25.70517121217362
30.732059320054738,30.58751607360337,30.768044957608186,30.456096802370517,30.170175248407705,29.816611501887902,28.886167769843844,27.529233242874906,26.569499092876455,25.705711021936292
30.73286381101541,30.587944784787986,30.7690188679235,30.456548675261995,30.17070994890023,29.8180234323695,28.885895940404104,27.52943847787117,26.570721103508074,25.705642759205883
30.733205348610593,30.589467386138974,30.769983018318264,30.457460643738095,30.17166758860808,29.81900982351238,28.88667775258235,27.530370322174168,26.572429646066063,25.706878121398873
30.734154632031633,30.5902193748745,30.77054290577871,30.457648899504626,30.17222180131729,29.819410666700477,28.88836436476208,27.531214409463246,26.57102633264147,25.70791792127496
30.734789673713614,30.591372390708813,30.771411558349023,30.45901482707456,30.17365305622411,29.820671253945598,28.888817542770887,27.532351675118626,26.572732704290196,25.707685040175747
30.73555126456607,30.59223035894174,30.771677341360046,30.45925860963714,30.174077679002043,29.82268943756616,28.890504394980525,27.531244345149723,26.57436837317985,25.70866648745757
30.73643593571861,30.592960613109938,30.77252694679474,30.46028484731533,30.17534282644246,29.82193566883762,28.891075283731375,27.532011964014895,26.573981164071377,25.708483799532683
30.73737625480743,30.594134676476564,30.77388146392459,30.460296922720637,30.17655958868588,29.82425135929942,28.891913320094783,27.53273923518013,26.575095837624087,25.70879258538055
30.738352397074877,30.594976427379137,30.774060319460407,30.461219348958654,30.177772978357453,29.82317762213103,28.893315068188897,27.533292192703563,26.576049424670252,25.710492768533044
30.739189726510403,30.596443587699056,30.77583781334415,30.462462657788997,30.179438617058242,29.822645639334375,28.89468170523636,27.5344444652099,26.576172397311957,25.709933842194687
30.739777510239815,30.596862876827615,30.776395423677933,30.46238820845304,30.1796878427401,29.82328865964041,28.894479333424,27.532241493713826,26.577211719960587,25.71128542762753
30.740725938246726,30.598301638734597,30.77752347523751,30.46340219404883,30.181360944305915,29.824209582207203,28.896143517560912,27.5343501591072,26.577067687697827,25.710333657760074
30.741264129359877,30.59926075400851,30.779598193306555,30.464607214733505,30.181780378319402,29.821575157661332,28.896179345822013,27.53519130952124,26.578381174141317,25.711219751710107
30.742316895082848,30.600269141896874,30.780125065866734,30.465470139626888,30.18267618243045,29.822791891454152,28.89847257672617,27.535321088686363,26.57853292351417,25.711303293096236
30.74349776063957,30.601005849358522,30.781620664558865,30.466152020367684,30.183555052648664,29.823567878771048,28.89790159037949,27.536549966789853,26.57917878986566,25.711432346411442
30.74418424413342,30.602032374620354,30.7826708320894,30.466980400195176,30.18490964903261,29.823164863979706,28.898122715048906,27.536771978907527,26.579915520889376,25.712997840302272
30.74510504802719,30.603050252444724,30.78368049121266,30.46819384218283,30.186180730091245,29.822842255886375,28.899639840129936,27.537939602940487,26.57943540137005,25.71211329868745
30.746590479823762,30.604168891400313,30.783821707740408,30.469059899538735,30.18757506288383,29.82394903491558,28.89880176298542,27.53777167403274,26.580279700601753,25.713305477404816
30.74786320243911,30.605624879313314,30.785369724245566,30.46933029397108,30.18905569272688,29.823423942787045,28.901517607201512,27.538051839070672,26.580307285344908,25.714233969753494
30.748540585579264,30.60679632299635,30.786799991688795,30.46976369069924,30.189982600693092,29.823199274000103,28.89948031149746,27.538666553143983,26.58079456512404,25.71396534915076
30.749003678436274,30.60809649618532,30.78663559536814,30.469714063222547,30.191799473200597,29.82492858007931,28.90055057421032,27.539853922504523,26.58158775144202,25.714629108693472
30.750628383261965,30.608852240695107,30.78792163224762,30.471007447881647,30.19303062592677,29.824492754316864,28.902731495371437,27.53975527781541,26.581500445580602,25.715736778893703
30.750918865082806,30.6097458297914,30.788618210123694,30.470531867188676,30.194400459831886,29.82480677966498,28.9010829916962,27.540190376050816,26.581302422598043,25.71487403870053
30.752590590394846,30.611041297155936,30.788997839491763,30.470832442756187,30.195972904627077,29.82619290206506,28.902974129100407,27.540467471257408,26.58311637375973,25.715697875667765
30.753817387346064,30.611675250382966,30.78930009082223,30.472145908330393,30.197324627964605,29.826615112616036,28.90336553985027,27.541495098118652,26.582022584175068,25.716650897908497
30.753620120931302,30.612581833461427,30.7895571286377,30.471534929083475,30.19947413307792,29.826112494193914,28.902660441017698,27.543635880546127,26.582057845659257,25.716033319254123
30.755143287989426,30.61372070837357,30.790209001000033,30.472231093734404,30.201036798653583,29.827092912611587,28.903967991552886,27.541946455317614,26.58484132157056,25.71652561586398
30.756274866014426,30.614384225071976,30.790398198307937,30.473921957728955,30.20206783714489,29.82843247832371,28.902314439802712,27.54309557012517,26.581111333582726,25.717662440362705
30.756111720163478,30.615276047852547,30.79036727309118,30.474390829984806,30.20348791006576,29.828755706351554,28.90467671998117,27.544701640182478,26.58088885624773,25.716616875004057
30.75510917095011,30.615306203128206,30.791056969919012,30.47460605563377,30.205699166032254,29.82965678107712,28.90479428354198,27.542815067118056,26.584091835688493,25.717933255703784
30.75696160407375,30.6167121613082,30.790431412614517,30.475232776789266,30.206851362071212,29.831006742682717,28.903681184343842,27.54202419716721,26.582639842123914,25.71746531974926
30.757847018735788,30.61732537382857,30.791494035097244,30.475983998614776,30.20916372677584,29.831993875744892,28.904343453450988,27.544056483241675,26.581411179540076,25.717601484589565
30.757264815459955,30.618381169485804,30.791594492196115,30.476899235148235,30.21009999547363,29.832382964226266,28.905525933830614,27.54400166162316,26.583081676465866,25.719068542907962
30.757718457870173,30.619070362471067,30.79226503249032,30.477515784656116,30.211936940748494,29.833066975216877,28.906075872215567,27.544101425485334,26.581843672693722,25.717772228466718
30.758201512234375,30.619812645228443,30.792650862254483,30.47858799282507,30.21302709416796,29.83347643903877,28.90484901459311,27.545039882037766,26.58098387333931,25.718194767339675
30.758486959296288,30.621546721861478,30.793268348788526,30.479495959908476,30.214124253160186,29.83503212439794,28.9071254569308,27.54580491477757,26.580435854543243,25.71892902909478
30.759597355482665,30.62156774674268,30.79396444090647,30.480305583731848,30.216185381852128,29.835989144236372,28.906953890284413,27.545165857910515,26.58086108923571,25.719202435230866
30.760141051162393,30.622057886083674,30.793895770275995,30.481068728600654,30.21756901461466,29.836498201094486,28.907478955195472,27.544935712058845,26.58023887471081,25.718988766779418
30.761170007677407,30.623115509289445,30.794823364008046,30.481624298665274,30.21941364505196,29.83822208986429,28.908091932999888,27.546668227454113,26.57941773845208,25.72077966385287
30.76203721603864,30.624144524367523,30.795635365446834,30.48273144194292,30.220561141114842,29.838071712783165,28.90869891493418,27.546050086655317,26.579624417421538,25.71994206511497
30.762548455522673,30.62394164196732,30.796397170303635,30.483474501896385,30.221555150338943,29.839934441504074,28.91023026328819,27.546217034966936,26.579214977803073,25.720107975578227
30.763131451192784,30.625486590560953,30.796697289737004,30.485162899189497,30.222995511259562,29.840938829023443,28.911043011683603,27.546361896808204,26.577680637994643,25.720573688780245
30.76379397635391,30.62607944375585,30.797271868085087,30.486164010811677,30.223589574931424,29.841847984343968,28.91195586737219,27.546738242044807,26.578113024197943,25.721295302188366
30.7646321594863,30.6263744993654,30.79737384124236,30.48715096662822,30.224728396916344,29.842475952855448,28.912544809116113,27.54746141855017,26.5788842912778,25.72195072355361
30.764895774076138,30.62721835079921,30.79813810366486,30.488894516172294,30.225818867325728,29.843612711071952,28.9132416904971,27.547907488301252,26.577852040876447,25.72172342125795
30.765747759961897,30.628305653624643,30.799144281415852,30.488789586589668,30.22714734015789,29.845156612243645,28.914540626995727,27.54735207268339,26.5775529141631,25.72297341772162
30.766190741213823,30.629525727828053,30.800273297365305,30.489900508255058,30.22786482808226,29.84556609594975,28.916033485379554,27.548365420847748,26.57809540652699,25.722561976097595
30.76664269921725,30.630190026629105,30.800978326180864,30.49062284145046,30.22857663201689,29.84664607807855,28.916399881089042,27.54870679238764,26.577947988081753,25.72291614801342
30.767900094311766,30.6310262591799,30.801753603328596,30.491078008237,30.230439069812608,29.848274421163453,28.91755497630995,27.54894411273767,26.579154079177016,25.724788921432275
30.768510657308887,30.6323011577385,30.802012294449774,30.491965708180814,30.23165198801391,29.8485138347558,28.918222248676088,27.549960834104713,26.579425832989152,25.72435644743028
30.768956997486193,30.633627758966824,30.802305297200093,30.492853882246024,30.232931451944655,29.850374292175943,28.919432141350793,27.54988302276046,26.578382376324967,25.724611536789673
30.770379281505505,30.63391796473475,30.802804762021267,30.494185975797482,30.234620870846594,29.851541419338915,28.920368321457882,27.550218897040885,26.579183715188535,25.72435179497328
30.77121345979262,30.635335945535648,30.80372072964237,30.494392909828342,30.23548677197262,29.851739192721404,28.922033896942633,27.55066877571312,26.580248452662545,25.725004108694996
30.771627021355407,30.635887505941326,30.80433863572778,30.495487103947635,30.236999582939276,29.85290762566589,28.921044570134992,27.55165354909937,26.579817342863628,25.725993663478977
30.772227729269346,30.636576846610403,30.805094632063703,30.497030681883025,30.238215323928046,29.854559343790143,28.923727256948464,27.550962122221534,26.580400141044986,25.724968107509326
30.773064166308757,30.63730393640505,30.80531907280694,30.497310533508507,30.239634567005428,29.855555320030707,28.92366735035338,27.552423962060782,26.581244844734787,25.725982234947633
30.773124266333905,30.63845970471261,30.80635291366436,30.498111141250913,30.24180155032187,29.857188003021765,28.924004795145763,27.55243750346758,26.58166001969837,25.726420253353574
30.773897832482355,30.63968781926549,30.806836526916356,30.499640808143205,30.242720494015742,29.85846866322364,28.92341492010248,27.55242619606807,26.58196621764794,25.726143936457483
30.774838138480224,30.64040871105089,30.80715284474667,30.500430648118645,30.24387338480327,29.858656698526165,28.925130247547383,27.55490779067332,26.582766424759136,25.7272085505409
30.775280455797592,30.641602621009238,30.807956478049412,30.500788060431894,30.24536413376788,29.86033225121632,28.925865707041876,27.553752525886367,26.583249337056646,25.72790526872165
30.776349028931982,30.64107768327819,30.808617202648815,30.501444952614413,30.247000392820294,29.86233035295737,28.926674932615345,27.554605745987732,26.583475308978954,25.727609386132862
30.777517574533668,30.642376114503072,30.809789234915016,30.502806890450035,30.247418886786427,29.86185537777887,28.92735661221916,27.556070365916938,26.584979031518653,25.727806983520523
30.778340270944252,30.643420501724247,30.810851850212156,30.503660071641434,30.249582355715866,29.86414283611211,28.927546972395632,27.555249268100376,26.585385232328996,25.729613404934106
30.778843065688953,30.64422089636922,30.812027483902348,30.50433379498504,30.248715419310752,29.86365027388247,28.928567272123978,27.556384097219315,26.58605931477505,25.728856296344173
30.77949161083061,30.6449520360052,30.812224997172958,30.50615673594436,30.250007360726556,29.86548116277212,28.929351457502634,27.557831765702375,26.586322799028416,25.728611845404853
30.780533312122685,30.646082779338727,30.813320202658883,30.50730730099523,30.251361814359868,29.86509817964343,28.929126883520233,27.557205972353533,26.587783541526203,25.730997051128615
30.781393049700696,30.64739652277499,30.814075564445158,30.507849788625144,30.25222517841126,29.864831877773717,28.930206200599933,27.556981211417913,26.5882326758657,25.72954834338896
30.782479965486104,30.648743690407944,30.815030117658218,30.50967621760423,30.25425181319303,29.864643195913054,28.930447680695913,27.55749883302927,26.588777140488663,25.729530804522966
30.78374984381044,30.649006494233756,30.81617716391939,30.510689698594355,30.254084469335783,29.86223236544586,28.93223423828759,27.559386370972252,26.58923587690765,25.731015116600947
30.784371479022635,30.649584002794153,30.816681959279034,30.511712385223014,30.255134264697098,29.86369606875052,28.933095318168238,27.557871764050216,26.59012300909966,25.730110731315158
30.78573799095684,30.651196333703542,30.81736526383663,30.512439532027354,30.257486255838238,29.863067514333864,28.932733210702672,27.558793994826225,26.59103684187609,25.73087665896214
30.78698125182588,30.65176578346137,30.81849744858008,30.513263664636504,30.258738487169392,29.86239451568612,28.934663191719004,27.55938503872645,26.591896085594485,25.73043684908873
30.787896640334193,30.652793973398644,30.81929622292045,30.515503427945788,30.25976648275357,29.863366033397007,28.93402639131471,27.55865938272389,26.592895674390242,25.73139980573778
30.788412630989384,30.6534315671107,30.819999979688507,30.516310036198696,30.26025983635041,29.862770934052012,28.935610156598287,27.560090461278513,26.59307383489434,25.731435324238127
30.789774498484228,30.65391498280197,30.821266233740698,30.517129077692445,30.261900708908517,29.862417616483732,28.936346705980686,27.559536015602898,26.59401965325213,25.731760617927073
30.790247680710397,30.654989986944386,30.822225413928557,30.518078470206554,30.263438271997053,29.863321169482788,28.93687095778724,27.559289792456546,26.594135115302272,25.73237732342705
30.79100128137659,30.656135411569455,30.822827334415148,30.519071503937923,30.264553578746238,29.863675764654424,28.937746007020607,27.561599052452994,26.595710445752335,25.73258524276205
30.790590343184586,30.656460224285098,30.824493559989747,30.52014493689253,30.26564267400925,29.864356433475923,28.937334322827702,27.56107371750486,26.596334795878604,25.732674721502367
30.79132017249109,30.65808698845921,30.82498409870075,30.520561377828948,30.266943294145,29.865341593542322,28.938106195808984,27.561732562844487,26.597162504108457,25.733828940025703
30.792773484722854,30.65833558839,30.82592238984621,30.521856445234732,30.267862327756866,29.86501184879366,28.939861338217526,27.563297663544944,26.598445097555828,25.733015999568032
30.793549604808724,30.65993592318733,30.826350011276425,30.523747094484115,30.26902729077935,29.865240774227175,28.940670503317918,27.562815669903756,26.598332244484773,25.73302942073426
30.794141601236227,30.660675986224163,30.82779318818274,30.524181129376757,30.27035456161102,29.866589613049968,28.940934798246243,27.56365092846824,26.59897355102247,25.734574971243937
30.794852594700025,30.66068823178646,30.82770389531563,30.52498403443711,30.271767417148148,29.867051130290662,28.941508716788263,27.564762095967488,26.6007401262086,25.734463004059947
30.795326494096898,30.662796018235387,30.828038861336008,30.52611771090897,30.273420689562762,29.867250199795205,28.941803750612447,27.565574715377817,26.60071944343141,25.734382465404273
30.796209488935567,30.66304181936282,30.828565185555878,30.526855668264112,30.27453826577519,29.86857235408006,28.942948255273862,27.565823566740217,26.602764086344102,25.734514007047572
30.796997659631554,30.66404853733078,30.82908372245597,30.527936387431215,30.275787071596373,29.86891536036439,28.94294539473234,27.56543570171196,26.603245645609228,25.73451863972445
30.797248994421764,30.66492003746307,30.829972671754824,30.528047203303764,30.277196929502313,29.869667507142886,28.944572422950245,27.567154037204414,26.603088216663213,25.735717454860655
30.79813249937699,30.66519993655654,30.830368083916024,30.52885233375417,30.2779962763447,29.870608804929198,28.94474721203845,27.56817633007457,26.60513691466205,25.735593681788885
30.799632731983806,30.666363711896317,30.831221084514944,30.529652526369993,30.27908470275845,29.872005012215133,28.94612055055599,27.56646205792897,26.605157836817842,25.736840308139524
30.79985359402776,30.666897945555096,30.831830368929833,30.530903316415213,30.280903845223204,29.871741990151403,28.94797922558555,27.56861092568496,26.607006032399703,25.736870424620548
30.800786889428345,30.66780112075613,30.83229776420385,30.53150463672597,30.281907689055085,29.872347814447213,28.947233037154227,27.568869903979397,26.606737145849237,25.73695514153505
30.802210766157216,30.669256170671126,30.833757775019176,30.531564490440758,30.282901033053665,29.87380434135958,28.94793448159752,27.568039818830453,26.606462516523948,25.73899272524894
30.802950827935646,30.670445285708524,30.83342002885007,30.532482822833508,30.28442511641949,29.873765452621832,28.94952465764338,27.56987759535037,26.60874556914143,25.737718287560305
30.804045288558935,30.67169460507111,30.834760388478234,30.53295100923664,30.286370939994075,29.87552854420862,28.9477487507703,27.57078910745043,26.60862654558052,25.738664578881906
30.805409210462777,30.672418169438906,30.83500275335541,30.534420566263492,30.287316029674002,29.87568598537953,28.95042487053674,27.570738518527747,26.60864620559313,25.739615310601117
30.805516136719966,30.6735979717826,30.835793450246985,30.535199033076708,30.28896543569504,29.876232342896376,28.948374942487405,27.5705041722396,26.609589454173484,25.739319200688335
30.80629155503506,30.673842856234373,30.836699474172576,30.535438894924816,30.289247592689623,29.877628350091907,28.948201515859274,27.572305048047895,26.610261129458745,25.739220384311796
30.807441239234144,30.674945881574658,30.8374685245349,30.536351434809553,30.2905125375878,29.878903785470982,28.951250821508378,27.573589098969528,26.611268811338775,25.739712176496823
30.80814669383207,30.675186562190156,30.83809426810497,30.537119268711397,30.29151298623972,29.879498348791564,28.948988856288665,27.573601916259314,26.611651452319045,25.740637131782957
30.80869319313372,30.675804029652976,30.83869943607926,30.536815515123024,30.2935296089468,29.88062370304312,28.95008568528036,27.573710889942006,26.613297539027336,25.741107997716778
30.809286482695537,30.677093056158075,30.83869293999125,30.5372987282189,30.29348701469054,29.881927273760972,28.950466826401993,27.575402118433388,26.613122033618243,25.74115907906815
30.810000247601327,30.677044366598707,30.840027634104594,30.53737437018755,30.294265925615385,29.882498242691753,28.948865794026894,27.575412187906192,26.613296791218627,25.741586116997258
30.809745401708042,30.677867428464868,30.840180752230953,30.5388123773658,30.29643214398382,29.88355191035215,28.951738608642042,27.575207756887707,26.614882172389155,25.741824978548117
30.810398464928078,30.678962881483166,30.840881007125294,30.539506091721577,30.29744812868575,29.884928891531104,28.9521380126755,27.57687739575573,26.615603031099873,25.742317802648436
30.809784487224103,30.679444522630316,30.841618638657643,30.539789198209174,30.297669352566924,29.8862531520629,28.950884147431516,27.577544382359864,26.61570387823619,25.74382732528661
30.810628226858405,30.680282898630296,30.842512227398178,30.540963646938522,30.298407190683943,29.887148731264,28.95236007657189,27.577058227973854,26.616614932536432,25.74267721613304
30.810884374614304,30.681141391933306,30.842323988445514,30.541666596112425,30.30060776716826,29.888493992861775,28.952124252401653,27.578371206132775,26.617674502342076,25.742888934053944
30.8110834556795,30.68199981093873,30.8439389632009,30.5431434222077,30.30122265432197,29.88907936880942,28.95366313152411,27.57896286361889,26.61768438639964,25.743142064097345
30.81129486331899,30.68297871001651,30.84526396227919,30.54315148489337,30.30222084421363,29.889975736988884,28.954120976675867,27.579600457992044,26.61852384267258,25.74389103973932
30.811894342567967,30.68336232275388,30.845803290462545,30.543838305488094,30.303280166832135,29.89164582133093,28.954302016523332,27.58105357945481,26.61899384340785,25.74409668523229
30.812062003793287,30.68378168777237,30.84645241260645,30.54466850189666,30.303401060449254,29.892430121069182,28.954898180808915,27.58030740403609,26.62022861205802,25.74385100900397
30.81231811410021,30.68450605137697,30.847374363758234,30.545740321348482,30.304221571101245,29.893431234827233,28.95620150070759,27.579945322265136,26.620298806135185,25.745411722238458
30.81288703054582,30.685072423551645,30.847820998582826,30.545864533753203,30.30515329795484,29.895136177388707,28.955765396312493,27.58212819264138,26.620992439198027,25.744325906070152
30.813111547341613,30.68567594516292,30.848809124385017,30.546337207588905,30.305555152018293,29.894705703792805,28.957066342345094,27.58335750676504,26.621671325330976,25.744712890960358
30.81329412915394,30.686523007070313,30.849280968097666,30.54780058763398,30.306677407262825,29.89612438058157,28.957340065019018,27.582719305469627,26.621420429281454,25.745989701100207
30.814291931881094,30.686771096754192,30.849978608577953,30.54805293583676,30.306662408440385,29.897051273240386,28.95770977956952,27.58384515804767,26.622348953037545,25.745496459027173
30.814308205333237,30.688214598127956,30.850702710318636,30.54857137037039,30.30816154403043,29.89767253441617,28.958343339152467,27.584319115185387,26.622831911334185,25.74657982120022
30.814811109201955,30.68849984392337,30.851999709383495,30.549961953011355,30.308821295197927,29.899448078187874,28.95991919876415,27.584839056892957,26.624460268888352,25.74658472608195
30.815208360961698,30.689105326147263,30.852334668542806,30.551019731677243,30.310028354336197,29.899442867195138,28.958897312614475,27.585294541408217,26.624423029494615,25.746249432316866
30.81655472410741,30.690210855843944,30.853319461103776,30.552336037524434,30.310954257313565,29.90005175310064,28.960419464385545,27.58684067905468,26.624035823204505,25.747517976773644
30.81747493592481,30.690843782544945,30.85348743482467,30.55296176943804,30.312134748617115,29.9016427807963,28.961227073539074,27.587255639772632,26.625937405766642,25.74624677878985
30.817299117883586,30.69113897997965,30.85356779915216,30.553118689374543,30.313731386760153,29.902091046846703,28.9617015735275,27.586942893931056,26.625972212814712,25.748628847810938
30.818244228933068,30.691891161618198,30.854125723611805,30.55468785936204,30.31494008757995,29.90238673690805,28.962195644324453,27.588738091082206,26.62666479071673,25.74795612193418
30.818762972421816,30.69291196983987,30.854843325700102,30.555826465039125,30.315633114864728,29.90394976785749,28.963228441088944,27.588772845942074,26.627867791086818,25.747878890380306
30.81934442833291,30.693431722189377,30.855025063633544,30.55657855569175,30.31733391475832,29.904584940757907,28.963939710077767,27.589695884705865,26.627204277804015,25.74961439534723
30.820286923937537,30.694747059921966,30.855872391092383,30.558161675309037,30.318903897164617,29.90516411296116,28.964245176795593,27.590235052535803,26.628267551521212,25.748151466113868
30.82112152310887,30.69429218411181,30.85626354884402,30.55865401434561,30.319683135926816,29.90642155777159,28.966472699477222,27.59102641888063,26.628810712728953,25.749780964822687
30.821906043478737,30.695961566623748,30.85708774144297,30.559919051898326,30.321647560268616,29.907471996669088,28.965759095107146,27.59259670166221,26.630333443055033,25.749016629427288
30.82210896879677,30.697601537597926,30.85748711104474,30.560972574297047,30.323489811033795,29.907972541654008,28.96764206311843,27.592524915510417,26.629486519662894,25.749780397481526
30.82295138938756,30.69746933774967,30.8587492974989,30.561387403593002,30.32448714058031,29.909900997582398,28.96880497272909,27.59402854073781,26.631242435063385,25.74999317708607
30.82370128740291,30.698577635057312,30.859623506331317,30.56253477970603,30.3258264092523,29.910298007423034,28.968542288062018,27.594376657395628,26.63192319804552,25.74945719181393
30.82485080603968,30.6991219378741,30.86053191145984,30.56346177482667,30.327651537098358,29.910804052825025,28.970450519035417,27.594025544128158,26.631027775046764,25.75048291493562
30.825859088217392,30.69998954763223,30.860631105160312,30.565032811944416,30.328466562315164,29.913238063262405,28.970975206524763,27.594201566686834,26.633384862077545,25.750057719365046
30.826648577214748,30.700663687351856,30.861136787618793,30.565827062551215,30.32983550387185,29.913911952050537,28.971563215349487,27.59603140571776,26.631622736882598,25.751051135859107
30.82755950618043,30.70172047645827,30.86118198835989,30.566455426991382,30.330789952896403,29.91402143597007,28.97300442201084,27.597033151518318,26.63097362135605,25.751020778464266
30.82855398223259,30.70218075965697,30.861805725081844,30.568369634199435,30.331908413524424,29.9159248909184,28.9736283555862,27.59686348113612,26.633222955146728,25.75069164136297
30.82972245663253,30.703126433745464,30.862369296674025,30.56757464197187,30.333422581559446,29.917463696894266,28.97467863636922,27.59823453340935,26.63218402633988,25.751404373348493
30.830854078389237,30.70309026075354,30.862697475102188,30.56844985782362,30.334103518906733,29.91771690372458,28.974048732966686,27.599017901991942,26.632787726858822,25.751826802553943
30.831886771618272,30.70346279079594,30.864174837375167,30.569262083587283,30.335864085488694,29.919276715578505,28.97688947862552,27.59836767836928,26.634526969544282,25.752570410472227
30.833152017251887,30.705241833486397,30.865124405288462,30.569674091189114,30.336029991756202,29.920103986881866,28.976511225483872,27.59888211909452,26.632906372509964,25.752483125131302
30.833656170273535,30.705354798349692,30.86558574847203,30.57069827691807,30.337438546211338,29.920722698005928,28.975526775388623,27.600655050987434,26.634215785162056,25.75227029643818
30.83424100788132,30.705717667071248,30.86653910158458,30.570861022967442,30.33820370692666,29.92238275224016,28.976629831051724,27.602033352705902,26.635269526756105,25.75304017466388
30.835784563341306,30.70692400554856,30.86741057819584,30.571622935732123,30.339440572457068,29.92340038097896,28.976391906464187,27.600022523981846,26.63316303685809,25.752776307083685
30.836642597859104,30.70740415244454,30.868445152149956,30.57201169090202,30.340288469610325,29.923738316150246,28.976326482663858,27.602281196137714,26.63473422918056,25.753750441349258
30.83634762427475,30.70780084704509,30.868864912706044,30.572071261299417,30.342018886546185,29.925710241535967,28.977689251073492,27.60287358801362,26.634607448090378,25.753826763558752
30.838028428595216,30.708136026074744,30.87007319716582,30.573111668695404,30.342742738964166,29.926300185780295,28.976548855458226,27.603311638246055,26.63464544112066,25.75424176658464
30.83821961265336,30.708847559464925,30.870830113835574,30.57385254222309,30.344074574143093,29.927656605237367,28.97746927814331,27.603663182876513,26.63595356889795,25.755157066407264
30.838926975151306,30.710048661945926,30.871076309035868,30.57359598401934,30.345303609281913,29.927827301547993,28.978295694055536,27.60349799222746,26.636481191337733,25.755613941807773
30.839805751804526,30.711069159856553,30.871597738115412,30.575185601018514,30.346150137437547,29.93017857200463,28.978331776891615,27.605081101367492,26.637231393256513,25.75569965671031
30.84073674370154,30.71177461342622,30.87223043563228,30.57539934270646,30.34723975178323,29.9297839088943,28.979856876642142,27.607123529132597,26.636947952520032,25.756341339573034
30.84099916977499,30.712745276374047,30.873151949701292,30.575915042656444,30.34890624880706,29.93130392165064,28.97712720280394,27.606048573174217,26.637841229614537,25.75715807820519
30.841820754843777,30.714291673089207,30.874006420558068,30.575901901947617,30.349283274552114,29.93243793616861,28.97742447749067,27.60728864547428,26.63918269629764,25.757780680944947
30.84307980500933,30.71423224831325,30.873766650087077,30.576547884244146,30.350223909128434,29.931470355681306,28.974136968408565,27.608631771594546,26.638701782131143,25.75758725651781
30.843608044361893,30.71535337513847,30.87462922155551,30.577594563239884,30.351366493479173,29.93360362801844,28.962269817529503,27.609006625551498,26.638584486478948,25.758435136398
30.84460011645641,30.716233846599575,30.87458082819778,30.57838569743939,30.35187890587698,29.935261742016635,28.958153640668417,27.609226564357353,26.640451278106354,25.758998683305784
30.845139198317796,30.716960601191104,30.87549340348771,30.57847086293986,30.35295645850613,29.935160632651336,28.95314554949321,27.6107502530199,26.63907564184763,25.75833142112788
30.846366874925124,30.717579574048134,30.875542296263355,30.579114794000194,30.353918927140136,29.93577335428071,28.927414438830628,27.611134702047856,26.640742538924513,25.759944441869543
30.846790927003973,30.718351631872025,30.87677009179911,30.58047276661032,30.355270577803513,29.93727218805131,28.903267830360697,27.61005173549887,26.641071576979588,25.759721061758803
30.847314149992926,30.7195366646771,30.876538242999068,30.581704401847098,30.355775018300008,29.937411796120767,28.871518741448785,27.611346404936207,26.640846781892368,25.759609116102283
30.847155406189128,30.719868702857966,30.877916208847537,30.581887268800475,30.357288296014868,29.938164985785317,28.82975146458753,27.611947999795568,26.642371729877894,25.76049367863396
30.848263887788406,30.72121995032159,30.87816797052803,30.582189585844116,30.35782377333861,29.940072198649744,28.7754499683078,27.613397988929425,26.64326985574529,25.761199638455537
30.84979771428322,30.721346720780755,30.87892645891423,30.5832245774278,30.35945592242589,29.94106881134392,28.70932847246046,27.613159876166392,26.64265647551077,25.761057356165633
30.84936241044641,30.722712396025305,30.878756285858884,30.584410207144593,30.358818782762626,29.941649137326074,28.61474935211268,27.614975994337442,26.643616866234233,25.76196032047246
30.84963703829834,30.72340564406176,30.879574695606507,30.58491222433809,30.360935949442812,29.943229708655778,28.50820850053383,27.615202947310205,26.644674752377174,25.76222424012755
30.851286321963677,30.723706465963268,30.88043872885099,30.58526667598333,30.36087475890706,29.94441235643408,28.36004191242258,27.61577163250692,26.643656091256783,25.76205519878571
30.851836090933553,30.725602556443896,30.880509426095152,30.58725152194901,30.362113078356572,29.9453967150691,28.234164588370444,27.61679762157911,26.644752909040697,25.763271194983478
30.852076287294704,30.726048649964586,30.881534668133632,30.587583898684553,30.36364840526168,29.94632183909654,28.126977532361288,27.617634108327216,26.644711619590193,25.764062892120066
30.852942669221424,30.727873376830036,30.882583158470574,30.588277795025892,30.363329790131687,29.94687474557732,28.013217834356098,27.618947068054634,26.645080329029007,25.763861737305366
30.853825807782282,30.728147828173988,30.882724247591234,30.588578992864598,30.36561493838741,29.947985088542982,27.89745978957327,27.61834303931185,26.646146614243087,25.764228866694843
30.85411225525606,30.728526241375032,30.88282769141535,30.58984571733469,30.366072472310496,29.94838338590599,27.797297204864204,27.619936318975,26.645069594831533,25.765319099811975
30.85554994373841,30.73001306119785,30.883988113352885,30.590730729673417,30.366706926313782,29.948895750326145,27.71017687766781,27.619417426215005,26.646518905873645,25.764841990194856
30.856394442131318,30.731311166589997,30.884560888568554,30.591180272685353,30.36863437642832,29.94949540178866,27.630451476316523,27.62018671976932,26.64585366973085,25.76532388640487
30.85681818795148,30.731464203735325,30.88544028123089,30.59251326416892,30.369009475545106,29.950788724256014,27.549382486498327,27.621866001826803,26.646836648326044,25.76693668231
30.85819638423297,30.732482218824224,30.886256088135507,30.593183792571672,30.369686946584103,29.95105845078422,27.466656713839534,27.619881897679672,26.648862140724418,25.76663158228446
30.85916775613932,30.733234345030805,30.886908098489457,30.594018537519844,30.370676304858222,29.95190860691143,27.383554129842423,27.621520342093497,26.64766461737362,25.76727900574744
30.859503647866017,30.733476978932075,30.887963770484998,30.59527938109913,30.37105047858937,29.953444246892747,27.300854876897493,27.621707107578388,26.647942289046192,25.76747611266994
30.860386542433517,30.73447669745204,30.888653628636234,30.59597429463603,30.371962386110564,29.954239414653028,27.21585972732654,27.622541409671427,26.649825321861364,25.767546177762632
30.86168968489989,30.735158651170202,30.88946883433664,30.59655784792576,30.37230333070809,29.954891230195045,27.13101256660634,27.623818468926913,26.64825795881925,25.767906592580914
30.862243529788987,30.73558110042292,30.889728537108432,30.597297123774595,30.373133646728792,29.955785582874398,27.046995186091184,27.622657600732584,26.649310819346645,25.768418218111847
30.863560301721357,30.735747048568026,30.89091950252041,30.59754269431242,30.374020818965878,29.956299011963104,26.965075683262178,27.624799079591277,26.65033711441651,25.7687329133444
30.864208557895786,30.7374696449273,30.891160556243584,30.598979694103157,30.374073182929457,29.956140095130728,26.88631545765648,27.62524059588124,26.649174874761243,25.768676609436216
30.86528936962743,30.73806965635569,30.892237673385203,30.599398071824893,30.374887663160642,29.958018241088826,26.809630183779518,27.624936152202206,26.650176534296747,25.768432937871488
30.86582739079015,30.739166298997695,30.892993053093385,30.6006369972786,30.376247619976887,29.957888322939674,26.73266519030859,27.626829658659382,26.651412993046804,25.769071222625676
30.86667150255426,30.73962458139974,30.893196090849415,30.60237074933223,30.37765204317722,29.958783132812176,26.65652952343677,27.626479244604983,26.650852494123882,25.769409335872954
30.867621012676395,30.740313569286073,30.894236439193037,30.60327947170982,30.378866389668882,29.960402817255535,26.577462744786715,27.627538637579093,26.651819074311554,25.768920614329467
30.8686982737227,30.741476589165657,30.89422985120896,30.604637631179855,30.379814613324044,29.95970727746997,26.498995478147286,27.62815432446072,26.65181306526339,25.770379128106313
30.86961564479827,30.741470062660486,30.895256769411358,30.60560879716339,30.38111792546441,29.96106001672311,26.42308557202719,27.6292007375652,26.652075134983946,25.769489166814896
30.87055244916958,30.742106411200822,30.89561930642773,30.606295084435263,30.38214891394219,29.96295220156761,26.350312751933526,27.631455178299824,26.652593224827193,25.76895361275222
30.871729545561703,30.742350031136073,30.895500187208103,30.60715835194258,30.38348952198751,29.963543575520642,26.277987273909062,27.629553438129552,26.653007214566248,25.770741385112675
30.872856845742568,30.743423487432665,30.89679333102728,30.608070329483695,30.383832113136386,29.963703073577236,26.206096999255543,27.63086061018456,26.653210483521548,25.77155256312913
30.873412185429356,30.74406646113617,30.896390503333656,30.608923563160385,30.385429153862372,29.964691305393174,26.13613096075957,27.631182458693445,26.65390808705969,25.76945356511574
30.874537662332635,30.744647950865858,30.898284762053333,30.610302726507804,30.38508110895862,29.965822600972373,26.067345333556933,27.63097591656356,26.653944410089856,25.770928992523906
30.875366802511618,30.74553176267554,30.89885371303467,30.610476598478463,30.386141411912956,29.96590025631353,26.000335896788812,27.633334268779578,26.654615662100415,25.77129378905984
30.87676724463533,30.74652131157621,30.89919416769478,30.61194399429105,30.3876040729195,29.96805855736958,25.932272662988215,27.63296819870691,26.656069565946552,25.770272359275246
30.877114121856067,30.747595332172576,30.899071903847005,30.61243241607517,30.38830689768575,29.96894484551678,25.864188567763907,27.633505065436033,26.65566574892077,25.770992445233432
30.87814010665957,30.748273319858548,30.899883448512387,30.613872872322233,30.389155921931245,29.968940080659156,25.79812582088913,27.634137136530107,26.656337708214913,25.772684510601657
30.87931340980617,30.748679425192375,30.900577429962638,30.614865824962365,30.38978973050618,29.97052330305806,25.73378859663025,27.633919667591226,26.65728601517667,25.771609392315256
30.879936244264997,30.750190265840402,30.90095784439857,30.615025542522677,30.391025578338912,29.97152135754497,25.672313845124386,27.63523238414883,26.656624157759833,25.771212226762135
30.880228111767988,30.749824916689008,30.901527271591863,30.616932787602316,30.39190618026663,29.971455692756873,25.610286854289505,27.635636026670383,26.65677592005498,25.773534690727313
30.881459434424123,30.750404681504172,30.902691876029273,30.617997233201322,30.39216731240101,29.972830308356215,25.549103395151086,27.636407211605274,26.65810118296219,25.7721172779253
30.881375306803108,30.75009287518072,30.9034610840823,30.61825663558608,30.39334435472401,29.974307696922278,25.48657889786994,27.636512146828537,26.656894991518545,25.77166373602593
30.881750112953803,30.750449235082616,30.903520565192668,30.61933192028754,30.39498640442681,29.974760165253794,25.425679781669828,27.637610424137137,26.657691803437814,25.7739380695618
30.88212957057404,30.75169497402028,30.904442078069174,30.621314963292747,30.396273903753638,29.97630076537197,25.367596853185415,27.639972584699816,26.659461141580913,25.773400342659222
30.882775040972035,30.75107271726218,30.90501460350739,30.62220372215185,30.396516447550926,29.97701779907006,25.312262308162374,27.63907924601198,26.658647591701232,25.773501183472327
30.882428827074172,30.75076913510687,30.90623419908922,30.62265266390417,30.39776419513003,29.97700393537368,25.256913559324286,27.639683687794594,26.659770545108103,25.773443299168814
30.882652481486144,30.75064721024059,30.906931355031354,30.623573439694816,30.397487569764664,29.978700418221422,25.201153624195932,27.63961229270336,26.66017123340562,25.774137410494703
30.88296605328525,30.750653047538666,30.90812897054605,30.62367240401015,30.39908673954355,29.98061036140639,25.14495676322393,27.639548424563046,26.65929948983039,25.775034772054784
30.88316436662971,30.750676284675727,30.908800084561108,30.62393421844351,30.400767542598498,29.98031308566711,25.0902661401604,27.64142660177505,26.66010005848578,25.77458690375249
30.88363886364094,30.750989277948428,30.90904340222203,30.62457480256681,30.40067431133409,29.98106978637456,25.03813459163316,27.64088331099839,26.659858305170957,25.776776211845558
30.884196080533933,30.750860820556724,30.910445819387938,30.62606678104716,30.401879016399064,29.98233487636664,24.98724223858344,27.642982048585594,26.6589099244789,25.775491008719168
30.88399848625262,30.75231384484895,30.911151284191313,30.62568660187042,30.4020841674537,29.983637101862094,24.93665190870486,27.64398224841855,26.660453017316765,25.776495671534967
30.88465288469436,30.753163555626806,30.91302267507818,30.626949814071708,30.40369715764671,29.983755119091654,24.886166536843284,27.64301426529527,26.659832444284355,25.777965367598533
30.886035411081103,30.75182796880128,30.914308981176152,30.627188678418015,30.404126984280914,29.985441507782408,24.836599980698097,27.645272935198612,26.6589672900491,25.776701325765714
30.886378771853664,30.751991298818364,30.915190225328782,30.627216127093128,30.4045799420956,29.985145212085964,24.78821910756997,27.645446673011204,26.66054987061174,25.777886498637244
30.886125182643536,30.75297666212012,30.916226989799185,30.626915383356913,30.40600694128257,29.9855918749731,24.741185624231008,27.64640653326922,26.660579500139722,25.778011547028203
30.886234209466075,30.753055575635216,30.91697810309947,30.6284421198114,30.406779498313572,29.986613466139254,24.695605139182156,27.646808640407144,26.660038740056407,25.778602846777872
30.886723998450492,30.75364976025511,30.918026797581398,30.627873231800958,30.40745514253429,29.987982674040637,24.65046156678655,27.647240371754247,26.661073110944397,25.778470570687595
30.88654724860779,30.75417463509875,30.918393803203514,30.626681428738586,30.4088859026077,29.98870911439432,24.605777356421488,27.64882751377129,26.661429871972487,25.779177431758107
30.887432644021384,30.755242551875725,30.919761689114726,30.62876896526721,30.40891936448248,29.98921588611513,24.56159991054495,27.648781675527058,26.662368549096524,25.779062518637474
30.887572546207235,30.75567899259296,30.919829145854287,30.629079295719826,30.409805191349257,29.99009281934617,24.518729024500544,27.650595604678973,26.661487453136047,25.780054560792813
30.88825152276192,30.75626776037693,30.920416295883864,30.62885360634265,30.41047787622459,29.99170815007057,24.476142599110098,27.65104115121018,26.662490196912792,25.780823690881647
30.888981042407995,30.75691098372272,30.921004620498557,30.62924894970484,30.411198060368307,29.991611557883555,24.434302681734454,27.651148330769743,26.66184168222799,25.780399880218393
30.889836871452175,30.75768912124611,30.92236619298575,30.629970031562415,30.412334320720802,29.992679203286833,24.393028643891057,27.652244972589525,26.66151395037911,25.782053776746245
30.89051767597241,30.759006605824872,30.922812051987215,30.63106239241176,30.4131323570788,29.993430125892253,24.352934302331647,27.65263213327776,26.662015454019368,25.78204921497198
30.89119989683954,30.7590754602258,30.923363284472323,30.631117643874397,30.413508875287732,29.993921911891572,24.31521587524314,27.653393961597224,26.662795851346242,25.782128971331197
30.892292226811215,30.759038112501102,30.9235083167197,30.631397410751077,30.41501849198099,29.995674761520853,24.27787825921676,27.654508970775723,26.662880663899177,25.78381778168015
30.892195029651646,30.760604676141128,30.924457647094286,30.632184855920084,30.41545293309845,29.996041263501347,24.24125778504752,27.65482644825199,26.663931540665935,25.78283026444098
30.893235511407244,30.761207993756244,30.925222063252935,30.63245225531599,30.415622043841026,29.997097528352896,24.204397569234978,27.65506816084595,26.66420513176834,25.78303963680944
30.894248765242914,30.761750495601568,30.92580586601242,30.633550373790293,30.417191977163753,29.997725493807398,24.16782481470566,27.656064123216495,26.66299343381521,25.78400127457753
30.89523038171876,30.763192734706312,30.9259741628266,30.63485766564491,30.417807131764697,29.999897649444843,24.13149720939451,27.657308385569713,26.664067311815458,25.784431031873424
30.895523222188967,30.764250486196616,30.92664597093339,30.635080267150325,30.41929683361589,30.000530672925166,24.095839654888582,27.657315869325675,26.665476743971354,25.784001304506866
30.89625791626712,30.76522973943753,30.926537629357238,30.636191071105387,30.41942455591043,30.00095155394263,24.061854637692225,27.65823927743861,26.664446173280744,25.785211471659586
30.897232548382604,30.76619967418809,30.926941169177763,30.63743087076627,30.42057114389705,30.002119805379834,24.029197534085483,27.659155019577323,26.66558016284172,25.78501821086245
30.89756882698685,30.7668818033139,30.92665402264341,30.638246431801303,30.42082761682311,30.003863813770867,23.996633373119014,27.65961250687011,26.667366163834156,25.785232759929055
30.89808443902762,30.76757449487649,30.92654231162375,30.639169641507852,30.421954304414122,30.003089890694007,23.964295040136847,27.660472704748802,26.666363618853488,25.78676648679338
30.899118666871747,30.768157933650038,30.927717900050553,30.640173671997477,30.422437058011052,30.00511045028077,23.931290593682846,27.661375793687046,26.667192603945416,25.786101695768757
30.90025864195505,30.76907696238274,30.92815833773951,30.64142777920187,30.423209204687303,30.005450120570103,23.899667098781904,27.661890658840285,26.668420309808397,25.787203552906867
30.90123514115579,30.770247874283644,30.928313561380108,30.641895199445187,30.42396255457733,30.005070370688532,23.868831203975752,27.662945049540845,26.668725659355378,25.786755485062333
30.901807894786394,30.770786207017473,30.928978600595407,30.643062510432067,30.42430764269897,30.006416363512475,23.839414099072638,27.663926096807966,26.66963301330074,25.786836521651843
30.90229814898047,30.77233692277668,30.930030697565286,30.644079092120563,30.42531775434608,30.00804009263847,23.81158850360466,27.664981060126802,26.67024834073661,25.78697669068938
30.903525042485192,30.772887283390755,30.930886672810733,30.645124399378176,30.424943638039768,30.006482771722855,23.7837437396793,27.665748252287756,26.670758989238557,25.78741983053558
30.90440831922922,30.773654439596243,30.93140602731594,30.645671236822643,30.42735200965639,30.007901858675062,23.755890283662122,27.66626468217982,26.671295281903696,25.788036988895627
30.904603197174858,30.774698823784444,30.932187757040545,30.646702970081982,30.427523019304274,30.009555955650104,23.727972479347912,27.66816793679171,26.67182720262592,25.787816405610503
30.905584613874034,30.775109619050568,30.93261350500399,30.647621649850365,30.427289862324663,30.009362609479815,23.700976824058277,27.66838189923448,26.673016714761708,25.788537630141896
30.906704601321206,30.776202680474615,30.933525821453095,30.648301726908805,30.429229165810966,30.010195794421406,23.674764456297904,27.669437133794283,26.67361208134831,25.78834790769776
30.90773277027448,30.776614835360412,30.93467556154082,30.64946922197977,30.430063721442124,30.011222978629494,23.64893523706751,27.670426060259334,26.674345241889775,25.788815023279206
30.908603976455524,30.777517824678853,30.935040728307214,30.65082090953979,30.43060182917982,30.01065848259879,23.623105837946014,27.67129852287834,26.675461028039305,25.789983381365285
30.90995961645701,30.778561088918682,30.936451916748986,30.65208972346265,30.431062397443604,30.01182556154358,23.598182240404277,27.672458791834313,26.67551937349296,25.78903158603248
30.910296192046694,30.779112699392165,30.936677749002342,30.65271646563483,30.432120166851007,30.011041595237327,23.57437671331384,27.672531698196515,26.676207669414328,25.790589261866607
30.911835888595597,30.779390051629445,30.93741146694552,30.655172194580352,30.432964774354513,30.01177487440718,23.55041081812612,27.67270639501215,26.676782999416268,25.790168597550995
30.912553507736767,30.780298247733192,30.937529844074128,30.655029294527484,30.43364245179623,30.01162726207408,23.52628437391023,27.674944291111657,26.67790345325137,25.78982568292418
30.912879683471395,30.781644612044936,30.93901490381279,30.65608871513458,30.435265220961107,30.01236606168138,23.503491649736397,27.673082446234506,26.67845614003972,25.79110917238379
30.913029745858367,30.782336116577614,30.939926635616978,30.65695264939427,30.435195463071878,30.013915792958908,23.48136147776004,27.675051159707532,26.679344994322886,25.789577407724114
30.914067875653505,30.783071727684835,30.94033142461908,30.65810208815163,30.435568927960013,30.013904756700377,23.459100391298037,27.67756386586028,26.680003983779123,25.79131862818942
30.914920725357934,30.78414015581627,30.94118767461635,30.6586513797139,30.436296090884937,30.015095969986376,23.43729158272756,27.675326761011846,26.6800455537603,25.790729312995374
30.915723306968424,30.784955689163734,30.94230095888794,30.659245450233602,30.43719588884379,30.014481342473008,23.416089257264264,27.67604214232376,26.680127474269426,25.7912353016934
30.915823795831585,30.786224557949602,30.943150151530773,30.660476030428484,30.437469947853902,30.01451910555039,23.395354618637988,27.67689907469425,26.681381853831137,25.79190457270712
30.916456484874935,30.785840279126585,30.94418622369556,30.661328250523496,30.439375508766375,30.016518084193685,23.374233183962577,27.6776024045571,26.681855794298244,25.792077498569927
30.917209208364447,30.787370206120066,30.94471267216243,30.661629683818713,30.440282438648257,30.016259865955025,23.353210571288365,27.67545537479532,26.68200393177457,25.792911692990756
30.917592118906132,30.78772398086938,30.945300197651385,30.66255078991518,30.44024665629714,30.015691758425103,23.332980742924356,27.676268074239438,26.68211986471271,25.79259257293513
30.91757622839272,30.787945005487565,30.94575565500111,30.663169407448578,30.441517251654894,30.017803551589417,23.314075573653753,27.677949223773606,26.68317429630614,25.792872897464726
30.919050308059184,30.788941229373275,30.946855474077392,30.66312670012183,30.441622830825466,30.01838220257015,23.295545823175786,27.676696202701812,26.68329681577205,25.792929173038907
30.919299127376917,30.789620972751216,30.947075170076378,30.663906794013585,30.442753291944797,30.01842560923997,23.27663392351656,27.67812309898408,26.684408369972402,25.793353486588103
30.920045584714032,30.79035566067851,30.947303202561763,30.664929586976225,30.443962852107788,30.020185263768443,23.2577430037604,27.67863628268771,26.685226284831877,25.794232350277255
30.9214841584016,30.791137358795446,30.94829751761633,30.66646695584657,30.443932360162663,30.020805795831798,23.239167892412222,27.67846354104354,26.684644640270236,25.794024785691512
30.92180257450758,30.791994104075307,30.948332797808412,30.66738047094104,30.444920980673068,30.020811135222747,23.221570375248923,27.67870769335758,26.686529995178482,25.79449692436292
30.92230991188112,30.792813690070187,30.94893765014149,30.668818510535086,30.44570481639003,30.02247410437992,23.204825828271556,27.678855781085673,26.686514819739134,25.79494060098352
30.923199687964186,30.793335038173893,30.948967046629548,30.669534495465,30.44655459434761,30.023292125992988,23.18811964010588,27.679839998383358,26.687849631641534,25.79509629474421
30.92424314170087,30.793845803873403,30.95034519821391,30.67059626204363,30.447469123675923,30.023998716245607,23.171268911369186,27.681051561167635,26.6889598340481,25.795902959644916
30.92526501654565,30.795276048763345,30.95011415134323,30.672066454333894,30.4479251542941,30.025633811738604,23.154050812797962,27.680900811376972,26.687849366344363,25.796252948094413
30.926232658804086,30.795830981738238,30.95112934230667,30.671975567997343,30.449357951951836,30.02550950431807,23.13690845062755,27.681418012375786,26.689943843758087,25.796420727953993
30.926845519977558,30.79652769434757,30.951689005645164,30.67349364178975,30.450376519834983,30.026315479361905,23.12058769518692,27.681918942229235,26.68989547528608,25.7972736119369
30.92774805464787,30.7977285591542,30.95247221435816,30.67447383837277,30.450610341809504,30.028479679560476,23.105261840122225,27.68216532148609,26.690421418980584,25.79743338617055
30.92917012424366,30.79833989410712,30.953313570083406,30.6756868343611,30.451169682093262,30.028627775136513,23.08996600528333,27.682589131771568,26.692610688163786,25.79666059471005
30.929835023381965,30.79986728749998,30.953892396911144,30.676169142365552,30.45198430494665,30.028985684366884,23.0740495545008,27.683049593560533,26.691535004959512,25.79862028214585
30.930879372350944,30.80071690856366,30.954813568250895,30.677316861736408,30.45316767141045,30.030536476038687,23.058506756355115,27.683163151568134,26.692397652200523,25.798014777192797
30.930277871203224,30.801683774207582,30.955131555041426,30.678027984252445,30.453215781951215,30.031591459209444,23.043839224740257,27.683891161211704,26.693111819202517,25.798133736942475
30.930629769889777,30.802369548009167,30.95651388249951,30.67921982163821,30.454515584114784,30.031819362284455,23.029562372140994,27.684675383016707,26.693027723080036,25.798344380741156
30.93015191373826,30.802982897579483,30.956625785931422,30.680148061052318,30.455383529680702,30.033556912503954,23.015617801043305,27.686096319197418,26.694613099749752,25.799591643866037
30.93007090344896,30.80423413643006,30.958053000356575,30.68168702315411,30.456369550207135,30.033509047704467,23.00154786584812,27.684103328799743,26.693931135090082,25.799005296021736
30.93043640513538,30.80549912465118,30.95828221698625,30.681673256310155,30.457242379287784,30.034237011888436,22.988181029099092,27.684233783138726,26.694934925462647,25.799435049421202
30.931267915298513,30.806271804928738,30.959702779563276,30.68286274370876,30.457739140908707,30.03516998677416,22.97539279653,27.68692722269495,26.69638668215927,25.80102840131822
30.931961856674533,30.807159089030684,30.960035551967422,30.683981990603083,30.459694674836566,30.03710483470301,22.96252152372949,27.683961409406447,26.69456727431314,25.799431228939277
30.93127779783724,30.807536795111332,30.960511465135347,30.684486165681623,30.45952188249035,30.03699275149554,22.94965546122461,27.684019163127537,26.69641765035859,25.799580712772286
30.93152413200376,30.808608780819178,30.960956248948474,30.685485077784428,30.46110664691385,30.038127177717055,22.93678694469497,27.685329659199176,26.696886250123057,25.80162535499161
30.93224605132754,30.80970990990291,30.96170439665173,30.686487023349848,30.46236159145294,30.039588239520043,22.923750269122102,27.68423326469673,26.696092927029,25.80059106747687
30.93271749735436,30.810859222508707,30.962217796630544,30.68739053132228,30.46223840278817,30.04057710325022,22.911278158636673,27.68459956980758,26.69840353239898,25.800268847668338
30.93285950802104,30.811998120686816,30.962053810838395,30.68772336734036,30.463725714584,30.041318869279984,22.899090043854606,27.68446996724608,26.698294785831166,25.801419999106834
30.932491096797495,30.81250786188342,30.96282631651824,30.68833129920555,30.463608242511313,30.042402586458515,22.887184135066793,27.683948786700704,26.698066159190226,25.80160149558131
30.932699583597064,30.813181806442493,30.963767420827235,30.68900454018015,30.464684354541372,30.04320366563459,22.87584500542443,27.684922965172017,26.69972027372768,25.801120777623915
30.93382360116889,30.81425718221785,30.964563888071087,30.68981797721729,30.46524664463359,30.04446022486324,22.86427923536547,27.685951462092273,26.699324568321128,25.80269070844674
30.934240810492952,30.814294781557408,30.964729844598512,30.689994022296872,30.466547358110713,30.04467958623364,22.85273238541175,27.686449747427872,26.699793194526556,25.80282438053664
30.933704919811117,30.814215444672918,30.96559461833626,30.69002678282282,30.466599167430353,30.046497287494667,22.841774827545017,27.685759712655347,26.701480123174676,25.801550778998624
30.934412031140365,30.814536605115705,30.965902143895853,30.688610987591606,30.468332925650937,30.046816356981672,22.83116374455207,27.68594543270578,26.70131183269517,25.802762092758
30.93552018275946,30.814955119006946,30.967335046907472,30.68981628453542,30.469191777208934,30.047597378498402,22.820942448699476,27.687746800153953,26.70179575902349,25.802973975302326
30.936032556170836,30.81620806397641,30.96744478628617,30.689023522503195,30.469750462593467,30.048716521318887,22.810832812485234,27.68791329054618,26.701925763870477,25.80297767002743
30.937054021766095,30.81445582758143,30.96824326485227,30.68913281260012,30.47145292002166,30.04844810791377,22.800499134492398,27.687975199636337,26.702419074558634,25.80327407768901
30.937904564181604,30.814938859269716,30.96973948647229,30.688042373207946,30.47178708621431,30.05027076938906,22.790110136415848,27.68861299748275,26.702535516405632,25.803601693359518
30.938075687162833,30.81360086635884,30.970181472658815,30.687286905831765,30.471020555402475,30.051400967543067,22.77993335626305,27.689236096784544,26.702870499158973,25.803717549485125
30.93898646164839,30.811518165544,30.97065274099098,30.68784005266813,30.47097929602395,30.052733830841916,22.770201759611982,27.6896744576882,26.703194665195515,25.803032884932314
30.9398829236819,30.811482317288636,30.97143478914638,30.68701230504837,30.47172316336161,30.053349699367647,22.760586635600276,27.688827267819413,26.70333225485727,25.804735985049362
30.940468445908685,30.8105250494419,30.972701652909663,30.68642485245959,30.472373749921054,30.05428354556663,22.75061534728313,27.69085363228587,26.704612095730347,25.804424709438862
30.94149265955754,30.808044275499103,30.972660741906395,30.686167396596108,30.472899449979902,30.054692097418272,22.7413207968678,27.691049542196254,26.704450072416055,25.80410891702511
30.942095536910333,30.807704206363688,30.973951556274123,30.686678048163788,30.4727643639232,30.054194549693186,22.732848276420988,27.69150026234131,26.704930740624988,25.804858096208147
30.94261613479349,30.807146856703547,30.974313017160505,30.686545126835934,30.473166419369914,30.056148733070287,22.723972490705954,27.69226255215323,26.706419033705693,25.805731923122742
30.943483860931174,30.80669378819069,30.975487152044458,30.68623837063715,30.473859237702005,30.055867062539157,22.714951785229076,27.693243483970427,26.7057304019849,25.805191864820305
30.944793026646984,30.80590518478293,30.975157810719153,30.687191769334653,30.473861114364055,30.057297813740878,22.70623782246007,27.693414356282066,26.706045560419106,25.8050458900335
30.944931686768907,30.80616355855168,30.976204308315157,30.68761405888345,30.47431931597258,30.057841636714507,22.698074411987776,27.693526310488096,26.707483633196063,25.805768820606616
30.946030899050996,30.805068887534937,30.97657004439132,30.687567794211567,30.475875569829828,30.058352100846907,22.69002889991627,27.694755251269466,26.70798329629566,25.806737321550415
30.946848518240444,30.804698925300258,30.976791858728983,30.688291972129758,30.475536074896784,30.059133538862536,22.681981174576762,27.695059229801892,26.706229589554184,25.80622670041844
30.947453639257994,30.804382854824116,30.977936364338483,30.68880228680911,30.47600316520277,30.059876720832275,22.67429497221372,27.695828655368096,26.708228909619294,25.807148564398027
30.9485319044536,30.804007838352014,30.977431521520934,30.689372266522028,30.476397213796588,30.060526249431906,22.666981967872303,27.695560878373463,26.709330095407747,25.80685019526414
30.94977187504048,30.80400490204053,30.979216001364666,30.69018807596009,30.476322383668858,30.061100813269906,22.659524782215946,27.69661705707335,26.707802429703943,25.807911150540992
30.950629916269374,30.804357951769532,30.979573765489647,30.690711112115785,30.4768028604572,30.062488560677213,22.652093324551803,27.697584012069967,26.709885354241155,25.809084998409165
30.951920676794447,30.80436592744549,30.979844422129062,30.69122587087797,30.476943340781073,30.062402611539763,22.644789205537037,27.697443852599328,26.709994932056556,25.808778059350793
30.95333060752212,30.80432242093501,30.980266240706023,30.6919881336235,30.477253684213203,30.063171409828293,22.63768641907616,27.69850467663076,26.709085174872655,25.809637818963825
30.953757218116714,30.80472129528557,30.980374963333634,30.693269721884015,30.477172462807886,30.064513614823134,22.631016177394656,27.699023292402916,26.710797681306843,25.809556820021374
30.954622969827614,30.804930646111362,30.981597432019342,30.69403483628607,30.477581629164593,30.06485318797713,22.624464494342345,27.700025729779824,26.710533268688206,25.810253962654794
30.955807826273688,30.80541636540801,30.981939721528278,30.694489389666877,30.47820432711653,30.065442311860725,22.617842614483607,27.70027057575654,26.71093911827276,25.811365405439652
30.956855284804252,30.80595415941793,30.98261720431083,30.695298911006464,30.478057385282472,30.066274330642237,22.611473258872014,27.699907328117565,26.712245463886486,25.811805355651806
30.957322427877635,30.806466879069674,30.982949329722373,30.69581496471764,30.478565478970832,30.0674446339646,22.605691085708713,27.7014572010504,26.712163297849067,25.81203923229075
30.958565984907366,30.807017109104283,30.983513477376317,30.697061136975684,30.47892202665008,30.068343891755053,22.59977180581032,27.701200534454962,26.713613694217532,25.812980168768973
30.9596358546364,30.807987425512607,30.984772255528394,30.698226882553694,30.480464113469377,30.069256136040707,22.59373931527009,27.702669963116627,26.713393816615966,25.81248642940742
30.960233165415914,30.80879601593535,30.984636298394875,30.69947886471276,30.480515103001075,30.070030062769256,22.587932661437094,27.704242185946146,26.71313279367893,25.813943673567724
30.96096582255056,30.809964158468098,30.985108925729744,30.7001202809698,30.480580293277697,30.071389805895187,22.582309098515417,27.704193167112447,26.714126556038373,25.8140870388547
30.961546705533607,30.81089342912548,30.986287754943728,30.70057049844185,30.48094073156384,30.072035145369536,22.576579925254926,27.70606928965679,26.713984271146405,25.814582381233407
30.962270080636078,30.810957259644884,30.987222656773383,30.702228374853775,30.481955093718092,30.072263335056313,22.570777962933988,27.70587077583457,26.713992160099004,25.815578220924724
30.96273067878566,30.811971886014145,30.987480984429467,30.703241852435475,30.482567855411887,30.0737668093911,22.56517942627902,27.70629647370681,26.71386708484245,25.815424468170708
30.9638304465965,30.812802075538496,30.987979106819385,30.704131279850458,30.48275833021067,30.072592280534348,22.560232296514215,27.708486950934162,26.714542280271058,25.816371058198186
30.96422583883802,30.814023188618624,30.989035888869605,30.70506878337506,30.483842506753412,30.072834206293074,22.555122182218614,27.708022866513787,26.71552364281387,25.816882175398778
30.965319763583047,30.81419037782191,30.98952211554554,30.70551626760286,30.484025946874397,30.07398408766744,22.550012764791767,27.70944157909842,26.71549197855857,25.81838736531758
30.965762721163834,30.81562139099223,30.99002831118488,30.707006267736737,30.485280189972038,30.074773761014086,22.545367348788158,27.70948433413362,26.7154126897665,25.817577911666447
30.966361710521287,30.816736938408596,30.990523850321473,30.707446564263954,30.485888375388683,30.075929445578673,22.540710134358534,27.70976195577149,26.715298699709656,25.81911623663499
30.965952482101855,30.816979770134424,30.991272146687187,30.708738939177557,30.486524968585332,30.076778569962016,22.535916566431684,27.71168055569933,26.715645570848473,25.819983162312738
30.967228485435044,30.818237311474217,30.991604751657995,30.708732154427032,30.48716690424763,30.077547345217557,22.530826110142485,27.711164497097016,26.715681244625735,25.81916169537927
30.966726577966895,30.818691410182474,30.99272912256084,30.70935596534669,30.487697856349747,30.078855335436177,22.526408365871468,27.711297069058215,26.716204784430495,25.82086399452018
30.966689736788673,30.81999865288821,30.99308380530536,30.709647237894735,30.48871713230399,30.07954641433311,22.522570243963266,27.713088064989964,26.717377609866656,25.821412064501562
30.967988013770345,30.820851236525755,30.993662551553804,30.709346089558753,30.488958926116464,30.079960416245186,22.518398867083537,27.71311381634487,26.717346124681423,25.821013907415104
30.968755200419835,30.821286483631205,30.99439770939879,30.710758699433015,30.490357890258895,30.080923946085658,22.513951310322188,27.714141498223004,26.717248363226915,25.822170363446904
30.968669969746557,30.822626248693417,30.995018387978934,30.711572271243917,30.490569680734986,30.081610234180552,22.509598994186874,27.71486121375254,26.717698234666926,25.823126397658275
30.969553213430192,30.823460991284,30.996606866079567,30.711891732571956,30.491858661366223,30.08248333053171,22.50573283106231,27.71613018777144,26.71848857466189,25.82297294974099
30.970010755781217,30.824536627355982,30.997181812642776,30.712281544778293,30.492951388964997,30.083542268049577,22.502556590321277,27.715177290101806,26.718643950625744,25.821945438000537
30.970540234217125,30.825510176033106,30.998165807163197,30.71302900983318,30.49343416324838,30.08523351546082,22.499406762319516,27.71597082240113,26.719453952595703,25.823958907107073
30.970748724704393,30.826633540861526,30.998462381520287,30.714425757480033,30.494647914006975,30.084467845272037,22.49652750848657,27.717576849757815,26.71970074956739,25.82426670285035
30.971235184430007,30.82818957089512,30.999598757501026,30.714646174155572,30.49496245532092,30.08573723537718,22.493687449527407,27.716726448435715,26.720164550354106,25.823552154873767
30.97202206191609,30.829153785364646,31.000230191141505,30.71555157337628,30.495757523757675,30.086464323904476,22.49072070884619,27.718063416329585,26.720968266480227,25.825818773370386
30.972752857467224,30.830188405011576,31.00123320013827,30.716608598707474,30.497247115533526,30.086414012676993,22.48783730745012,27.71921190600693,26.721511320883504,25.82349886390068
30.97309412481366,30.83167689582533,31.002063414319476,30.716608394154697,30.497801618310465,30.086238372788003,22.484543056720327,27.71884150405182,26.721301920289516,25.823885832966518
30.97387854542559,30.832593186217828,31.002837221503228,30.717675144705765,30.49931699650848,30.08783570560668,22.481500621604503,27.719512112195922,26.72187733506505,25.825494859637274
30.97489291497157,30.83339247183335,31.003396405884214,30.719143535602676,30.499993708181336,30.087833622560396,22.477874546477288,27.719781533374363,26.721504797112825,25.824541190023442
30.975369759870468,30.834739939220768,31.004353692815787,30.71951539833782,30.50082777354934,30.087692858702823,22.47474378501899,27.719921284771768,26.72168141064068,25.825219269868384
30.975621800558358,30.835210812894978,31.004695419918313,30.720229267414826,30.502128929836267,30.089452187707927,22.472380205543168,27.71951750602411,26.72339773663704,25.824924323913642
30.977288500809507,30.8362567070891,31.004886149424593,30.72127553508067,30.503046157757915,30.08962017138368,22.47008049023134,27.721599337312647,26.72312028847133,25.824680959087445
30.97813155130286,30.837576117844595,31.005685049379522,30.722458041996763,30.504486016101396,30.089512160265834,22.467541269781055,27.722570163119716,26.723493963039672,25.82558443043331
30.97875705798693,30.837719723956212,31.0067222446876,30.723105812514792,30.50537981107115,30.091509618862187,22.465621090765158,27.72189571879973,26.724616091152495,25.82498110234653
30.979866525940828,30.839420946699903,31.0070986761743,30.724339719851514,30.506094011844922,30.091472223125514,22.46421590413849,27.724141137925823,26.72388710335568,25.825457615137395
30.980507696953286,30.8397654234222,31.007635664832215,30.725695245230806,30.50783732860987,30.091998260702077,22.46285494387124,27.7233693686038,26.725170171456647,25.824463201177345
30.980719495592307,30.84084869902054,31.008811906398243,30.726295112020136,30.50796130154048,30.094212491928346,22.460925416229504,27.723638749770014,26.725633163827172,25.825201257405453
30.98170091943155,30.841563244727077,31.008951539787954,30.72744537742342,30.510047668940263,30.094079877420484,22.459304301367588,27.72563620044089,26.726358433384316,25.82566428141003
30.98258799376164,30.842824946185527,31.01029117638128,30.727948153115506,30.511277967327665,30.094411898910145,22.457709799298268,27.724485220437316,26.726259519101852,25.82447602299989
30.982807942395084,30.843623720136215,31.011269017781814,30.72916567296348,30.51166814257266,30.095565987522768,22.45585573602447,27.725735655452848,26.72614001883101,25.825255945592318
30.983772263625493,30.84460091264779,31.011442119750573,30.73036842658526,30.51297758361629,30.09675501532946,22.453708773120642,27.726778533807437,26.727038662625986,25.82448629167766
30.98418415169747,30.84574321740099,31.011565045049547,30.731965151649504,30.513002429019117,30.096722184773657,22.452309434018595,27.726315771647933,26.72836755455043,25.82545887957955
30.985141725520798,30.846454575294047,31.01330223154267,30.73302869381814,30.51561049392292,30.09834722156925,22.45098847273157,27.72700107779673,26.72870636925717,25.825932130496554
30.986551669276,30.847555901370505,31.01348397293217,30.734227701321682,30.515337826361417,30.099141011093398,22.449608415098975,27.728247732585967,26.72873864833341,25.824859910726815
30.9867903383333,30.84894910622949,31.01355587413668,30.735476120691096,30.51601010241747,30.099994559804554,22.448455954150912,27.728376765614563,26.72992783752944,25.82595971380925
30.987249719651256,30.849299840382653,31.014522441394725,30.73629833608241,30.517154557823183,30.101081673312752,22.447876555156853,27.728543562221283,26.729132157349817,25.826309881694094
30.98806557990048,30.85065635324233,31.015525142185545,30.737341423385296,30.51684503575811,30.10228947870344,22.446707457958865,27.72835188501766,26.730237969046865,25.825143019940107
30.989301716894214,30.850512558375534,31.016344809981717,30.73923737106751,30.51779241552605,30.103082836947603,22.444938018051197,27.72996782490132,26.73071598043326,25.82596815846088
30.989653879932284,30.851235460988015,31.0171612058557,30.73994610092141,30.518819620310364,30.104022763852353,22.444776233953707,27.72914290483466,26.731041807413604,25.826076459859706
30.9902953917867,30.85228485043297,31.01785947188762,30.74076619683773,30.51795295133941,30.104934507615873,22.444284381891983,27.730425458758617,26.73084609375755,25.826585445039587
30.990501370391833,30.853080274031427,31.017608145086854,30.742227106483156,30.517654571886762,30.105646789681877,22.442970239678637,27.731368923130553,26.73134614460802,25.826934703549092
30.991464123896755,30.853652357456692,31.018897644832776,30.742512756421995,30.519213572264373,30.106761671637827,22.442820158213923,27.731625804936225,26.732813231330645,25.828067009089942
30.990948276256738,30.85366271022835,31.01886179962431,30.743966894183473,30.519349541966765,30.106408526210984,22.44250207465953,27.731383531605363,26.732295071034898,25.827431736192473
30.990614760553854,30.855459923644162,31.01936348929762,30.743773473623047,30.519423167800838,30.108734577520735,22.44135443492192,27.732723635502573,26.7328164763131,25.827895944426118
30.989791398060277,30.855951755500865,31.01982449117205,30.74520495633813,30.519687181879664,30.107566404496147,22.440637265925428,27.733977444356842,26.73337089610343,25.829341541424
30.990579214307175,30.85725626115796,31.019998736116804,30.744961776521205,30.521143152083795,30.10908848014472,22.440794153363242,27.732402819826845,26.73315655464158,25.829406323045944
30.98899638304157,30.858068026252496,31.019964846104102,30.7457200480981,30.52210595703685,30.110201408606883,22.44053955081189,27.73342798794601,26.734785653891517,25.83032656643136
30.989779795628124,30.85843971652663,31.020994053172053,30.747216471254678,30.522571394381597,30.110550263428447,22.43953412268855,27.73528847235287,26.734393501494083,25.83128686274349
30.99078850989298,30.860145511821337,31.021475868294832,30.747206049304424,30.52245369019729,30.111783929605267,22.439117239748896,27.734633043346637,26.734865011536893,25.831157697547997
30.99047007641291,30.860775885768884,31.021524231524083,30.747275911746268,30.523449341843172,30.112969785905243,22.438751027019734,27.736182266987694,26.736009364792718,25.83138218294843
30.9910132553815,30.862257852725467,31.022658408419307,30.748037381269594,30.522757232213742,30.11340233028919,22.438183612763257,27.734668593300214,26.735366085047126,25.83221797498512
30.991617003016792,30.863472169209203,31.022740038777314,30.747980002040187,30.524076257079727,30.114475380599927,22.43812514946148,27.73592421635672,26.73734809468,25.83267090392453
30.992103769462553,30.863423939895526,31.02293052728755,30.74948176931693,30.524828298358596,30.11522072606497,22.438334294745033,27.73691327431514,26.73732127210687,25.833401548266018
30.992358596806277,30.864738834966346,31.023554447278006,30.750086592264182,30.525193598935118,30.114885374212825,22.43868437707353,27.735807420289706,26.737497303333928,25.833173324279706
30.99305271637853,30.86502509056757,31.024671697144672,30.751123398834128,30.526034319475286,30.115919060652008,22.439228571191386,27.736829670364003,26.738617723409476,25.83412731074835
30.994025280803513,30.86578250951856,31.02570558197584,30.751694254618815,30.526388496502005,30.11637234304505,22.439841336689355,27.738187174508667,26.73917530933201,25.83434962542806
30.994059198024107,30.866826367529185,31.025693655245817,30.752135410589663,30.52716977881603,30.115576313853335,22.44047168409121,27.73791208425582,26.740722415041994,25.83431919224742
30.995026149702156,30.867483030577425,31.026692340482423,30.752785924583918,30.528145460026835,30.11733103488116,22.440936716457536,27.738786198672795,26.740417030597424,25.83627691555796
30.995827668529916,30.869031884373854,31.026539204948023,30.75389842943947,30.528828805824148,30.117565099888267,22.442003629670893,27.73917971392182,26.74159489692908,25.83477535498194
30.996286004651914,30.868867749557914,31.027621988353864,30.754380733528773,30.529932820520322,30.117613579312575,22.442925589441924,27.74032264899301,26.74205835485964,25.8365563068315
30.996929492365236,30.870499828133052,31.028688670668096,30.75556748426024,30.530212227542233,30.119159199271728,22.44323326315703,27.73929953763545,26.741932072584497,25.836553652697575
30.997487067946352,30.871319992086367,31.02938817523266,30.75618081530388,30.531654629035376,30.119614939679863,22.444357159691045,27.74026069724615,26.74402552190476,25.836436092299294
30.997844488193728,30.872062690612058,31.02992474352075,30.756722997671496,30.53232385866448,30.120131557523827,22.445444412614698,27.742315057511583,26.74338739822792,25.837497431937617
30.998156580265672,30.8740345530722,31.03007791235811,30.7579669144777,30.532039816566265,30.12023888586851,22.44616389720813,27.741433391638086,26.744413084598058,25.836884137703716
30.998767634518888,30.874598408506344,31.03073565104014,30.758241987185244,30.533940676150735,30.12199397005218,22.447098299282153,27.743014059559506,26.745717691788737,25.838533054343902
30.99964750093157,30.87498757482802,31.031138979819787,30.759844473148156,30.53446598863786,30.121396945654123,22.448821402811223,27.74295334787441,26.745567221685267,25.837574017058934
31.0005660223747,30.876047841429163,31.032113126180192,30.759332504366164,30.535709937962046,30.121383036218198,22.449752918278158,27.743864498281347,26.746591254914737,25.83807966149445
31.001687386507967,30.876268702090655,31.03274085824205,30.76050838450739,30.53710051364679,30.12149755597264,22.45134088732916,27.745401516090887,26.748445536309543,25.839178392922108
31.0025443426182,30.87704353915828,31.033457133744488,30.761266798966513,30.538153647092123,30.12141432932868,22.453241828618715,27.743969235133644,26.747702016051463,25.838874878995753
31.00328763655245,30.877649438791323,31.034097990249172,30.761708791154167,30.539330499944377,30.121854732939642,22.45496618724431,27.74421981756707,26.74845375576087,25.83962622338347
31.004374491716995,30.878027178104137,31.03520410356804,30.762471612696196,30.540184544437537,30.122573081195508,22.45642819718764,27.7462204670313,26.74926627047267,25.839758299713456
31.00465638898056,30.878468620230073,31.03593548627405,30.762055408229646,30.541266440751002,30.123506449984582,22.457631683271302,27.745688921289428,26.749431115751243,25.839976089160174
31.005259626695715,30.879039053176108,31.03700594545522,30.762902781966282,30.54196695289512,30.122742203879366,22.45888029888708,27.74676347947625,26.749755861697373,25.84031213892455
31.006219639393883,30.879039823031363,31.037773918071615,30.764328819856743,30.542924780830646,30.12379252631659,22.460290043822173,27.748382100194995,26.75135697672726,25.84071538412637
31.006866887982838,30.880029109926422,31.03852468016667,30.764173625133353,30.544298731865894,30.124787814268316,22.46185906948437,27.747141112402144,26.75117955923405,25.839994946129593
31.007640603864157,30.880928958511504,31.039115636018323,30.76507589354563,30.544837187687786,30.124660991089666,22.464119924526848,27.748392676648095,26.75101471776163,25.840130130132025
31.00848736190028,30.881440402341763,31.03958719915004,30.76604258405132,30.545541976151256,30.126251389955637,22.466129023847298,27.749839135936377,26.752573644790868,25.841082576961494
31.00929938802578,30.88205122609661,31.040435896039163,30.766005318319035,30.546629401524932,30.12676558568731,22.468431150361013,27.749996885883252,26.75163391930274,25.840482753035943
31.01039896691837,30.8828267077411,31.04017287348651,30.766749559063978,30.546535809078918,30.127563720921845,22.470488802378345,27.750568234385057,26.75312175466616,25.84179863668878
31.011765831090923,30.883894191774765,31.04076491072683,30.767784705723535,30.548557972592132,30.128999416449997,22.47280821875095,27.750786415075144,26.75425803375427,25.840512841718475
31.012360411831544,30.88468910403494,31.042026005021945,30.76836524777669,30.548102574557756,30.129324305332972,22.475089924180228,27.751648777209347,26.753963063163173,25.84073510162506
31.01274929238068,30.88531140290285,31.04270223712174,30.76944864250615,30.548710441538574,30.130096945802872,22.47792255211131,27.750732585084105,26.755516250219053,25.842284986471874
31.013730727838023,30.88584515702574,31.042860586060943,30.770302749395405,30.550375927417612,30.130761668487082,22.480419669634422,27.751550022172104,26.754735672957306,25.84129214419896
31.014158503711407,30.886867390864566,31.043422481324058,30.771356860685913,30.549341679116534,30.131820318004934,22.482360925985503,27.752678729322735,26.755545508027623,25.84198142160327
31.014520139985827,30.88773579089503,31.043788426574825,30.771828557876198,30.549285812674047,30.13290349635669,22.484597383883305,27.751181972761117,26.756881711386455,25.84271202940712
31.015160793890928,30.888822865480428,31.04415034052764,30.772487583057874,30.54934064728409,30.133461452898707,22.486839938393494,27.752610787706136,26.756649903619007,25.84257401070066
31.016067476098375,30.889708893900583,31.0446578493743,30.773490139520334,30.54990345380082,30.13446527411285,22.48891333991384,27.752002780715035,26.757810600697823,25.84360142704124
31.016394087199952,30.890826568308402,31.044522372136797,30.774578179363882,30.550246246941143,30.135270177768213,22.491887894953134,27.751557416156576,26.75743462723483,25.84429101330123
31.01720433118777,30.89158564773016,31.04580683021115,30.775216380162334,30.550236386754662,30.136266952393584,22.494651343569934,27.753073578395924,26.75831288842474,25.84523998250799
31.01841502240088,30.891578298287495,31.04561624283491,30.776566914106024,30.55115544497033,30.137216084816973,22.49787433541888,27.751764435483114,26.759188274568253,25.844996147334427
31.019027596620493,30.892978888642944,31.04695282884802,30.77657822097704,30.551891598877372,30.13833132715603,22.500684349938943,27.751560771397592,26.75888254755185,25.844928823021547
31.019922700825376,30.893597359792313,31.04699744842354,30.776912262870972,30.551385692363077,30.139877753097068,22.50324912358954,27.751112635084603,26.760438595274344,25.847032929496766
31.021245809937234,30.894294329214468,31.047995786170688,30.777483915597024,30.55306554488044,30.140381790920227,22.506583788817338,27.7529330747516,26.75966889103566,25.845548294795417
31.021590711073046,30.895676679358743,31.048680345941207,30.778580961183565,30.55366787797353,30.140352237857257,22.50848541829463,27.752526263154355,26.759842062682125,25.84605398952501
31.022779036839193,30.896389752388504,31.048759366483168,30.778966789275234,30.554054193194894,30.142995948081026,22.512030231908007,27.752512763285516,26.760840384272324,25.84823275860409
31.023976548453184,30.89734827875794,31.049518804510395,30.779333593663942,30.553656597655547,30.142430390228746,22.514810446243196,27.75367373412541,26.75974328939798,25.846900047029784
31.024978244152667,30.89812083787999,31.049986021569303,30.779759671716892,30.55466797391578,30.14367663403748,22.516368487856177,27.753416066984347,26.76094372879334,25.848063146738653
31.02549473405194,30.898425396439663,31.050706868298484,30.781249452111055,30.556004551723966,30.14472302366086,22.519605941376398,27.75362911884904,26.76083706678702,25.848483003117266
31.026353222541466,30.90015174154527,31.05041345187029,30.780888576592815,30.555889458560994,30.146429746196674,22.52167589959367,27.754566726645503,26.76053898927146,25.849431669823467
31.02754871267711,30.90089816833602,31.05076938833875,30.782243315625195,30.557522402144485,30.146133562832688,22.523741777601817,27.75643772044843,26.761664850523545,25.84967157780538
31.027874240584815,30.901808067435724,31.05149500946268,30.78353606149763,30.55849766325536,30.147626004043147,22.52578378848615,27.75652455318806,26.76172668168661,25.850504561562317
31.02888974296027,30.90336425335254,31.051671697257884,30.78330249514762,30.55968422602694,30.147999418710857,22.527325932705992,27.75604190485101,26.762377840991384,25.850990959657434
31.029601173197754,30.903340779004246,31.052293650655123,30.784028005832063,30.560491614810484,30.14777640654184,22.529856625149293,27.757111776874204,26.763286088799795,25.851414027372662
31.030394591988536,30.90455207309661,31.05298245692776,30.785035034329404,30.5612698043446,30.149645399357915,22.532384531208454,27.75862255899632,26.762893515348637,25.85130493577371
31.03135552028609,30.905624707673773,31.053418605739513,30.7854126523366,30.562276606990736,30.150485846271803,22.53472061626954,27.758092872046007,26.76405781362988,25.85249784920706
31.032418559963837,30.906571326410802,31.05357183798198,30.786737457979356,30.562926432933573,30.149937948207963,22.538233587607625,27.759043232338037,26.76499112903938,25.85203617275048
31.033726192555577,30.907197574095267,31.0539198788739,30.787211683634187,30.5646218416684,30.152299372918424,22.541337863194496,27.75899894557145,26.764073110934348,25.853130857702475
31.03433148663211,30.90830239144019,31.054922500849443,30.788175732930718,30.564405279141628,30.15167070512406,22.544363738763707,27.76050398148527,26.765973566459444,25.853285053943303
31.035398402292728,30.90933364593195,31.055528165857535,30.788529153223468,30.565480277050128,30.152234042630916,22.54853301647409,27.76122644915858,26.765066641739427,25.85413684871274
31.03662456410956,30.91000286296495,31.056205094777802,30.78933268980167,30.56625801329231,30.153631855137068,22.552533855310685,27.76048986290034,26.765826091010293,25.85373845701312
31.037293562346882,30.911362895844476,31.056681877711277,30.790666231298644,30.566814545941213,30.153364694482047,22.555781365341815,27.763261705637184,26.76635111356965,25.854117350666975
31.037801073030572,30.911778152845407,31.05732785308385,30.791325471370033,30.568253351681513,30.1534280305351,22.558991665164818,27.762529988966506,26.765450456038636,25.855856043257983
31.03800449835413,30.9131636263813,31.05839596486245,30.79250925646187,30.568743242655557,30.154433969825376,22.562447645989117,27.7626131387451,26.765002621391364,25.854427234423078
31.03870940117456,30.914320180136635,31.058238545865024,30.793472644788878,30.569763603695193,30.155589056217668,22.56617322590273,27.764799845695194,26.766209301101146,25.85622504963096
31.03794061359457,30.91484094822512,31.059476885784136,30.79422767134277,30.571089024819425,30.1553540262011,22.57022287417528,27.764006147579853,26.766544155691175,25.856588271124423
31.039048801510496,30.91573369279747,31.059054451178607,30.7955094232755,30.570925692169464,30.156515211860967,22.574263556042204,27.765122411409322,26.765396184721155,25.856646177977503
31.040792871202832,30.916711911833033,31.059765866139344,30.796675209388454,30.572532119321274,30.158250472477075,22.57797360977814,27.765076953707016,26.765198220605754,25.857361242486704
31.03950617859261,30.916923650008673,31.060763478642805,30.797759079980853,30.57345763185137,30.157310041226463,22.581652632769263,27.76601684233707,26.7640212703239,25.857820734345385
31.039020794251286,30.917722561552317,31.061635689591846,30.799173566360324,30.574801703544658,30.159391056071037,22.585282071399014,27.7665897686486,26.764843474927066,25.85808471750198
31.040069127713483,30.918203158103772,31.06229357231737,30.799895774792724,30.575324228007087,30.160757783104444,22.589153940004515,27.767009903092333,26.76420999340367,25.858524961707996
31.039800568150223,30.918985561695198,31.063083429284237,30.800854438391,30.576076178126797,30.16094460457975,22.593506116893813,27.76840733441523,26.764038391656296,25.85997676632006
31.037894365082913,30.919205294220756,31.064105052740423,30.801293203180986,30.57716230733861,30.162990889668354,22.598130729156352,27.7687911527227,26.76331403160876,25.859019680240568
31.038214333102854,30.919444846728098,31.064030829824603,30.802807953127626,30.57773499869199,30.16311817065349,22.602134347083116,27.76934680732885,26.76333085532407,25.85984310947493
31.03850377389536,30.919696020734065,31.0642806893986,30.803091493106052,30.57860949668772,30.16390258220263,22.60624222749087,27.77006075160575,26.762728349918284,25.860814831650103
31.03775079320226,30.9202899213213,31.065214083855267,30.803562661893572,30.580372640847155,30.165687976454223,22.6106895281293,27.77129734529867,26.763339078613093,25.860390684648795
31.037850713881355,30.920044211444804,31.065131358616522,30.804055423606165,30.580446223145692,30.16567390114629,22.614948597570415,27.771998868462454,26.76354611909491,25.861790824255678
31.03781960830288,30.91967687069969,31.065522555812507,30.804972720341148,30.58044529512948,30.16597412504518,22.620058383559993,27.772237431718118,26.76266211203696,25.862077875300482
31.037877025593854,30.92107188433211,31.066331614245037,30.804128646325392,30.5818747845195,30.16708605805725,22.62487512767543,27.77317254908569,26.764158695269217,25.862488621722015
31.037421441131634,30.920534033112386,31.06650894261687,30.805563730647116,30.58195445424626,30.16774949041254,22.629497204303902,27.773990364562838,26.76368625474374,25.86308731376759
31.037606327201217,30.920827288305265,31.0669321366051,30.80451074751736,30.581276818578186,30.168251703454523,22.633524768175736,27.77453381540689,26.763383947698976,25.863691765611634
31.037848992816528,30.920438468603585,31.06724786222856,30.803037322999614,30.581666066092843,30.168947751150718,22.637328686129194,27.77528534360647,26.76431948218876,25.86428289043868
31.038047354956948,30.92086976238772,31.06860357823066,30.80364836210792,30.583474240238075,30.17039984498609,22.64123161649134,27.774923146428648,26.764726622031738,25.864186656325316
31.03783905130104,30.922107188438343,31.06957932074795,30.803064276416823,30.583084623873944,30.16993835355406,22.645864738890005,27.776393331042286,26.764091788694884,25.865098328975428
31.037883443960087,30.922114801881445,31.069514394930753,30.802792607710728,30.58410198566898,30.170929174206172,22.65092174531274,27.777206044641446,26.765069056121277,25.864469415680276
31.038445448343758,30.9227151958137,31.070253916527232,30.80233134569064,30.584582586270322,30.17236598300088,22.6557202358139,27.777159152560888,26.765778788285246,25.862856566276953
31.038423173401426,30.923479876225088,31.070077709916347,30.80269936302379,30.58470214499648,30.172736791417844,22.66011785046212,27.779241288911965,26.765843894309697,25.864598400028072
31.039185161113117,30.92430384751628,31.07077409868532,30.80293867237703,30.586230828034576,30.174719315777775,22.664781152430496,27.778978979856085,26.766114133725477,25.863781555734107
31.039668417122634,30.924687414076825,31.07183875744105,30.802378305952672,30.587095124154047,30.175480089451074,22.669429589074607,27.780287468474253,26.76686726935557,25.863578303336233
31.039553601803394,30.925078531441315,31.07194519591982,30.802243942945505,30.58807710037245,30.17593982327034,22.674339055061527,27.78155657106996,26.76689865425213,25.8642729478916
31.040457832411178,30.92594921082448,31.07295770446335,30.802473216420275,30.588602907269703,30.17754867581963,22.678908982842035,27.780859279140792,26.767670390387153,25.86385555209262
31.041485577406164,30.927025779601266,31.074041299815704,30.802580492425832,30.589513616463833,30.178237862128583,22.683659517711114,27.782901781688327,26.76862027337219,25.864077814650525
31.04179691066387,30.928098243218226,31.07430427660432,30.802893918165143,30.59098253364143,30.17813755415238,22.688309357473187,27.783155874622825,26.76937913025878,25.86318438869037
31.042132973194523,30.92883559629294,31.07511928575441,30.80206280987344,30.591567289677734,30.18001994559321,22.69276480810559,27.784769301525213,26.769083942829354,25.863710346805536
31.042782376212635,30.92907567099925,31.075849006351447,30.801911155519505,30.59245719016522,30.18141277578973,22.69720377847613,27.785515429955055,26.76965490648908,25.864105824340573
31.043607234312354,30.93024171123881,31.076871702595923,30.802385614108154,30.59333780450691,30.181221475478214,22.702019905908703,27.784034688429312,26.77112989285705,25.86381029981486
31.043999502898806,30.930462319604523,31.077365473010122,30.80190194992507,30.59427219937955,30.181470768964598,22.7073095089511,27.786083515411036,26.77048469013603,25.86453702138282
31.044430226981273,30.930854484602985,31.07798010637591,30.802490170141688,30.595858493619733,30.18180387453071,22.71262240852588,27.78585122356732,26.771879573906453,25.863691223805315
31.045333371571104,30.932130465686846,31.078502091260507,30.803020921874374,30.59678678473221,30.18189281415566,22.7179851355909,27.78595431902689,26.77180146607821,25.864538648060336
31.04617002262291,30.93306559447494,31.079118612074605,30.803670783494432,30.597812659198095,30.18236420506767,22.722723176435093,27.787679894811195,26.77213569595887,25.8645138989062
31.04688197994549,30.933644469835606,31.07962578930511,30.804797058422103,30.598852856039592,30.184862267758994,22.727849991808622,27.786846677370164,26.773141785379117,25.864872069749797
31.04779376442195,30.934312512134113,31.08033605325678,30.804974253987343,30.59919151135212,30.183357331515616,22.73343928926637,27.78848790129942,26.774019641427664,25.865337316504696
31.048491819405726,30.93571099869775,31.08157819743786,30.805937295647382,30.60122519444256,30.183801734650196,22.739123479444135,27.787012112406337,26.773288188771826,25.865784838207272
31.049806147858682,30.936649597511096,31.082249240601705,30.807018285293893,30.60162890743406,30.18582203819285,22.745062887292548,27.787854591942356,26.773396106205823,25.86654376913306
31.050489817296004,30.937727409920456,31.082752984292874,30.80816397043418,30.602628254604753,30.185692257649002,22.74992727489217,27.78981348935873,26.774759417404713,25.866278744124983
31.051163898358986,30.938486077091426,31.08415915694232,30.808086159155962,30.60394864770189,30.18588815725749,22.755156839390395,27.788692186030882,26.7729617825291,25.867689024503953
31.052173951262603,30.93895970365884,31.084570387564035,30.808475127421868,30.605068856334995,30.18736015959432,22.759261271522263,27.789273959367982,26.772871076475262,25.8666403650814
31.05276907447437,30.939811578579757,31.08579934450406,30.8092638547959,30.606388193272103,30.187358426154866,22.763263247858685,27.790174402062597,26.77500823649418,25.867194915563605
31.05396506256524,30.94029933610036,31.08543888770135,30.809953977666655,30.606886287572515,30.188370923283408,22.76816044718008,27.789958905037395,26.774095408076857,25.867423315467782
31.05531007828301,30.941785621092528,31.087058809307567,30.81024371734047,30.60905375685003,30.18895296492903,22.77250060128481,27.790912217797278,26.773470012328605,25.8682568982014
31.056151884002155,30.942240371107456,31.086640218103355,30.811627605263034,30.609172339448968,30.189459255984335,22.775828623386584,27.79136489583124,26.775670965539305,25.868854427775165
31.05685909061392,30.94263687105481,31.08733125458446,30.812536721227474,30.61047675127989,30.189875380032788,22.780241681099017,27.790871521386862,26.774110135572222,25.869090848535535
31.05788081756296,30.943958779355558,31.08713903100049,30.813162481578257,30.611653160731898,30.191347949492297,22.78494548791243,27.792686377837285,26.773907622842714,25.869746824704244
31.058667052456542,30.944600307815186,31.08744468231679,30.814498498499987,30.612060354056915,30.191664120891822,22.788809329788798,27.792613637257727,26.774666179899217,25.870249274355196
31.059569011567664,30.945568475630143,31.088276749295755,30.815706733444422,30.613407185598618,30.191897515419775,22.79365583927187,27.79369984729599,26.774887408822295,25.87089371630639
31.060740599398002,30.946052330228994,31.08797036257494,30.816592470132704,30.614437471011616,30.194322688043624,22.798364129079502,27.794292755949414,26.775193662704815,25.87167361797736
31.061585645208176,30.946990589414817,31.088870986745086,30.81827579875972,30.615559229289907,30.19430841094671,22.80232128359505,27.79440702447598,26.775885998565382,25.8716175295702
31.0625873660166,30.94752782470145,31.08924563426128,30.818665649376168,30.615977686044143,30.194514948558215,22.80589279432754,27.794575939995138,26.777133607384165,25.872238058299164
31.063701920330388,30.94826511622066,31.08913217517156,30.81933149561757,30.61706735445675,30.196688098299585,22.81006409352522,27.796347677230354,26.777010732095054,25.873350670839706
31.064448425328827,30.949339085938835,31.090229603125984,30.820787304987,30.618416228738848,30.196501900839316,22.81468685114378,27.796908385364144,26.77808225911239,25.872072367789023
31.06516622296492,30.949684688277,31.090123762844193,30.821495978461883,30.619306067601922,30.19721130581097,22.81928275380055,27.79736778406882,26.779376014572218,25.873928215083094
31.066101163448998,30.951307637647357,31.09092743061449,30.822604479617812,30.620061253607552,30.19881431755398,22.824520401545243,27.797189160465,26.77781479375943,25.87397498421594
31.066908140494913,30.951868418641016,31.091136758897196,30.823169292956297,30.622169596645385,30.198720815710143,22.829484528687708,27.79863211645887,26.779929016368506,25.873650794672297
31.06741094782506,30.9527033678099,31.09143490337191,30.824286440593823,30.622670188500404,30.200119006980763,22.833964115876363,27.799945065663515,26.77966657679655,25.875238144002033
31.06826051286962,30.95278963593449,31.092656581848246,30.826263366756017,30.62377052146024,30.201530639664217,22.838760993107595,27.799871244901652,26.77923845104854,25.87425516058555
31.06740507408854,30.954103835626793,31.092866490976423,30.82654269097055,30.625026385677785,30.20233104423015,22.84404266595044,27.800390438863385,26.78158911798244,25.874358977654413
31.06790416696409,30.95499888259247,31.09289438941492,30.828253925138114,30.62598983150087,30.20197278089494,22.849445573307847,27.801155032102244,26.781463088581106,25.874893743082524
31.067902087629243,30.955788035726354,31.094259809618798,30.828987910384843,30.62681800543949,30.203876351488145,22.8546877717027,27.80118163692392,26.781867089045765,25.87564128097466
31.06732491496366,30.956850080274897,31.093524561564422,30.82918207548431,30.628747069535404,30.204895834149205,22.860264897309893,27.802958966485377,26.783512015355562,25.875263977794237
31.06806464832227,30.957407370465916,31.094657101331503,30.830711485236087,30.62945828560107,30.205596914199468,22.865966747659392,27.803721520432582,26.783243992485737,25.87536386231121
31.0690438648697,30.959108925659493,31.09500267254104,30.831444732769526,30.63066119500676,30.20655297028859,22.870771455138442,27.80359522895719,26.783319775655194,25.875586816448653
31.069002409346552,30.959501690003982,31.095889422855127,30.8322521069041,30.631967613277965,30.20743209774239,22.87592798599402,27.805103653964622,26.784146964387226,25.875955763366992
31.068877556965155,30.960901047686463,31.096658490555487,30.832593209686188,30.632370699337503,30.20881987667439,22.88176027384667,27.805179892309788,26.78498884443668,25.87602269020334
31.069670335571065,30.962104568146334,31.097111961940467,30.833778393235715,30.633029527161778,30.209337259695836,22.88744403578649,27.806303022137385,26.785926750141694,25.87726378907424
31.07015739135686,30.96263136628599,31.09809124056632,30.834249014256816,30.632972435880845,30.21020439410811,22.892420198098957,27.806343883303306,26.786572502904505,25.876019456909063
31.071246350675214,30.964138361356703,31.098361587220282,30.835182707024885,30.635473812265328,30.212210356898087,22.897698561913387,27.806775995083868,26.787618624352344,25.877009848898656
31.071293878670122,30.96484233947171,31.09943822284503,30.83489381306521,30.633784529566825,30.21273836113368,22.903445983623996,27.80784735207526,26.78811260859461,25.878058222195442
31.071306100024326,30.965527684439614,31.100069182444187,30.836066363589616,30.63500447139935,30.214563490697955,22.908700675567587,27.80874227285502,26.78905045715886,25.876941195669303
31.071893037221102,30.967427784853896,31.10015866998622,30.836807264916327,30.63577124465356,30.215632980890742,22.913631126338903,27.80878756525462,26.790185816047142,25.878164522636954
31.072634314399657,30.96843973297963,31.1007792484644,30.837562037647565,30.63575339491555,30.216252129730886,22.918708123718815,27.810857329433478,26.79036433675304,25.87754571165255
31.07296881114354,30.969669881307365,31.101381040870034,30.838943344215895,30.63595379975224,30.216695730027872,22.923897249222183,27.81032249443992,26.791720008757792,25.87825182737433
31.072974325456908,30.970347367536917,31.10208403777837,30.83914972587214,30.636031998120412,30.219246277559865,22.92891354737007,27.811395702224083,26.791477204329112,25.879284518167616
31.073436470164125,30.970631562269908,31.10224218099175,30.840026878015337,30.636382555024852,30.2200315077124,22.93401620888752,27.812155340981413,26.792915439983076,25.878671622054704
31.074054708473625,30.971487555157907,31.10314038346058,30.840759212037014,30.635802107244352,30.219983145941516,22.93988517078096,27.81233587984176,26.792917474300474,25.880143615506345
31.074133197990953,30.970986997574308,31.103894693699004,30.8422316243027,30.635676142230707,30.222577659158866,22.945565436212128,27.812913856443664,26.794200395995947,25.880344256847152
31.074904777036032,30.971128626178217,31.10416054027027,30.84275622636346,30.636917104885214,30.22263157647011,22.950856619664982,27.813978356277715,26.795098176718316,25.880960463319592
31.07494685691592,30.97018659680426,31.1046114616097,30.842985149713694,30.63565520394729,30.22359628546027,22.95621592849038,27.81430976420779,26.793990569332315,25.88088813871396
31.07600156595051,30.970726648110826,31.10446905927231,30.84452186217927,30.635775749043997,30.223643341145014,22.96190244350653,27.81430472907299,26.796181904807842,25.8807265258378
31.07582725359505,30.97001160066169,31.105086283605175,30.845716168465614,30.637387895921144,30.225303315792594,22.966920377124666,27.81572261663344,26.795553555124414,25.882016906463964
31.07695234272142,30.96865114989203,31.10548730603424,30.84643321496575,30.636472185365445,30.223657912693547,22.971692726961844,27.816694457539196,26.79594010273664,25.88219300816845
31.07784673454537,30.968827394066018,31.10502508984525,30.847513459597202,30.636743298765925,30.224514908279765,22.97683482010545,27.815462059326705,26.79797762012712,25.88251640884454
31.07797059156284,30.968101412290423,31.105341475592425,30.848171575592946,30.637786039118787,30.22590705024038,22.982077497216203,27.81722351899426,26.79683963265509,25.883562637912128
31.07857981478253,30.96792872139382,31.106291258735986,30.84965723610257,30.637108075511016,30.226764646645314,22.98714793007562,27.81797468047314,26.796830622150736,25.883060801980715
31.0791218576281,30.966445540219677,31.106504692128855,30.84973206961549,30.63730282006501,30.227162002631317,22.99239495282144,27.818231371612963,26.798233988111527,25.883940432961904
31.079636054928343,30.964850967302734,31.106757029708902,30.850871341914736,30.638095544685182,30.22735163309777,22.997820421629505,27.818641811977617,26.796638235289336,25.88452044120228
31.080493681064677,30.965553683030514,31.107664926691424,30.85209711277365,30.638399845904935,30.228519591263957,23.003477173434668,27.820237307462193,26.7972368934492,25.884456275014927
31.081118937799587,30.965505970044077,31.10825564918855,30.85318495751281,30.639206014917963,30.22967769546712,23.00880004551849,27.81917815900598,26.797860775512593,25.885507799593896
31.082013133507978,30.963802662554865,31.108935929010432,30.854417313379212,30.63922371530303,30.23002019412349,23.014197378248046,27.819507905936895,26.79664979047729,25.885142931938212
31.082824887631038,30.963661217774007,31.10993647893776,30.854828351947123,30.6393499722733,30.231194529160355,23.019504390308235,27.82016362287685,26.798355022603367,25.88558120273714
31.08395805209383,30.96309463380633,31.110625072319976,30.856523572795183,30.640664968748148,30.231770340581097,23.024834380271297,27.820240455906898,26.798556843096147,25.88569430820863
31.08427177444513,30.962632864375408,31.111672100507043,30.856338896293355,30.641484290596583,30.23279391152899,23.03021525565085,27.819601597304636,26.798007617672486,25.88628157201816
31.085014637984607,30.962149557550838,31.11244428947571,30.856992147233996,30.641759303868795,30.233090042779665,23.03580304213517,27.81946524795009,26.799369240672206,25.886585403627112
31.08613593110599,30.96195659863845,31.11219742044678,30.85782106238291,30.64327467313354,30.234070387799914,23.041055330189486,27.81952117020471,26.79942722529382,25.88678739931205
31.086549739333176,30.962079652969912,31.113381452510648,30.858380994293036,30.643689795380226,30.235415602037925,23.04638853071889,27.819289879119374,26.798915356591127,25.887334856317338
31.0870312762059,30.961949578545752,31.113738941108977,30.858541499059974,30.644181860594564,30.235859250079265,23.051764868134157,27.819965469178563,26.799489180129804,25.887525686935668
31.087866991996442,30.961775192870068,31.113691892916194,30.85905288061597,30.64573114513317,30.23651774469858,23.057150512947686,27.81807791797126,26.7990470925018,25.88833258065204
31.088358029191603,30.961740365348422,31.114436606946605,30.860496313648135,30.64650926332472,30.238366372979716,23.06269771556089,27.81957740743219,26.799768994141495,25.887960414575204
31.089210480477366,30.962251380973346,31.114508293886143,30.860216382440147,30.64754132250414,30.238909471887236,23.068330886964567,27.821206017709436,26.798658115310296,25.889320674786
31.089892415567284,30.961807620742427,31.11408590837359,30.860880793160153,30.648108925055535,30.239451358247006,23.073902024811744,27.818136614320082,26.79809536508955,25.889030532759424
31.09055353360918,30.9623636229318,31.114474957410287,30.86079537624725,30.648434746775553,30.240953433793596,23.079188242343967,27.82034628598778,26.799709706729722,25.889678962806045
31.091404066641818,30.96224027372722,31.114691743529338,30.861451466566884,30.649629181870097,30.24157846828374,23.084402656455545,27.820270769935725,26.79799202118218,25.89026573469823
31.092032779683016,30.96249287291998,31.114869816426626,30.86227397069637,30.649319654360458,30.242770715354354,23.08985503191646,27.819388879417094,26.79730868488287,25.889903445948477
31.09260159254472,30.963289624788363,31.115943785249303,30.8625239936004,30.65044580236783,30.24433374842019,23.095551540515213,27.820445036378402,26.79899701775872,25.889558823430292
31.0930376079175,30.963942722683253,31.116353425778897,30.863909309220997,30.65077109124597,30.244923947142283,23.101619663832963,27.81986114268754,26.796059359962847,25.89085235844747
31.094427263052907,30.964292554603198,31.116834804252818,30.864059898773604,30.651489972488378,30.2465599360778,23.107315184879948,27.82017922316033,26.794926943176925,25.890906406126494
31.094834290798282,30.964625877506556,31.117196342704272,30.86428966264525,30.65282866870724,30.24789114637313,23.11268715807082,27.820683485735422,26.796789281360258,25.890422084369227
31.095067042945807,30.96511832921316,31.118035708174542,30.865371074199906,30.653106772440037,30.248201635386902,23.11821763521796,27.8208120911605,26.79497659509154,25.891848803770593
31.09631363067816,30.96572115629426,31.11866115880339,30.865954001176867,30.654512788355003,30.24942525848033,23.12372226229168,27.8213769620317,26.795339486073292,25.891734372838307
31.09717221575803,30.965871944384705,31.11894015071179,30.86647293339547,30.65481323555585,30.24980704952622,23.129115861508616,27.821463531879644,26.79470285469249,25.890408041778254
31.09748461256375,30.96711413318984,31.12027178979094,30.867402989746026,30.655442950935416,30.251234011785478,23.134365249392342,27.82213613443342,26.795265362043963,25.891037635810367
31.098277856173002,30.967542722395976,31.120268107865442,30.867467142167516,30.656475741406325,30.252043818301946,23.139778126908553,27.82313309424294,26.795160015118235,25.89026507439703
31.099809149712737,30.96861158810688,31.120813841090463,30.868773853945125,30.655453562544245,30.25244863655457,23.14553167032023,27.82231391969956,26.793184440177665,25.89003857445872
31.10012705599083,30.96915922980195,31.120903014847737,30.8693573659365,30.65583703092784,30.25173937226239,23.151240335005777,27.822929268686522,26.79340824100141,25.891056474986026
31.100732760431132,30.969747737644227,31.121904471060446,30.87029046854027,30.656607017532636,30.252356967075084,23.15689563371276,27.82446795491746,26.79430432211422,25.89021953488308
31.101865262858613,30.97065183248525,31.122270658961277,30.871412310883073,30.656450300736537,30.252375421902265,23.162240371420665,27.82376985675397,26.792693152432637,25.890609811975782
31.102379397529614,30.97161856605428,31.123742872241763,30.871826923437162,30.657861261247096,30.25350073775723,23.167526833781416,27.8253724896503,26.79295060923691,25.890333199924477
31.103086564999817,30.972184502170936,31.123895577930313,30.87316644873964,30.658906444964362,30.253887546638257,23.172444228221135,27.825518265858467,26.794221147868527,25.889958093859313
31.103756412737425,30.973035478005258,31.124482044083802,30.874042374392143,30.657783457105594,30.25365445526065,23.17778241803679,27.826022963784986,26.792768485075516,25.89091732490246
31.104651802571084,30.973954698474785,31.124994471198203,30.875134954555705,30.658526856968322,30.255843448334865,23.183326457909807,27.826680711609004,26.79200059513721,25.891085291752397
31.105557897963973,30.975284686779887,31.125102085275024,30.87669159389958,30.65983745139773,30.25630992144878,23.188679804941252,27.827366800547942,26.79394430072947,25.890465742124068
31.105685176340153,30.976057869554037,31.12632001394647,30.8765893811214,30.66048170824208,30.256273519710252,23.19423640843448,27.82828899764899,26.79424417058474,25.891426322559603
31.105844348538426,30.976847084982303,31.126707497751486,30.87801548227649,30.66105644221731,30.258323014225752,23.19980563591567,27.827907679841918,26.79370638841955,25.891658413637057
31.106135980449736,30.97805300418386,31.127753730752094,30.878948160089816,30.661233939835668,30.258487201398747,23.20524198872502,27.82966226900261,26.794242491448692,25.89053679616956
31.106949913882367,30.978819396819862,31.127689918547155,30.879763365217777,30.661711395338138,30.259687576919056,23.210844750142652,27.829630014751153,26.79496730654696,25.892420871691915
31.106162111461057,30.980375792672366,31.129220117314546,30.880092711087986,30.662294680830552,30.261343056725813,23.216321733894,27.829778416816747,26.794769621951062,25.892319354490645
31.106464807640137,30.980895243682095,31.129154985611596,30.8813252054801,30.662977838208732,30.262201291392856,23.221722153242048,27.83061730049614,26.795138544432255,25.891558213247656
31.10651539673626,30.98207786331905,31.129936539300903,30.8825191387534,30.664979059671733,30.26288550440086,23.227183453340356,27.83127520529751,26.796336496277704,25.893120881167402
31.106393787549305,30.98342697936584,31.13109384289134,30.882154793130717,30.664355120446587,30.26400108556105,23.232849378799365,27.83286805951565,26.796693728500216,25.89383075122874
31.106439138592307,30.98458438075059,31.131258217185895,30.883300333292404,30.665049172362405,30.263698603654575,23.23827778546174,27.832048928296665,26.796027123540075,25.89314039412702
31.1069339475885,30.98547497482761,31.1316962234347,30.883627867171995,30.66749716991151,30.263794009443,23.24374377227855,27.833218575558746,26.79727274164465,25.893379815238116
31.106785796221864,30.985930044131145,31.132719742446078,30.884415375464496,30.667036910940936,30.26484956453407,23.249222363835955,27.835648891740288,26.797919646250314,25.894141742851204
31.106975224454544,30.987320167906898,31.132722308965008,30.884871500297724,30.667651733040472,30.26521089974381,23.254658642720795,27.8345441178582,26.798565109276012,25.894579751164414
31.107687790140016,30.987825061752964,31.133833970554562,30.884405829737318,30.668951458771687,30.265885310467336,23.259765192732907,27.835693808555423,26.79850819043611,25.894523861791416
31.10797639120677,30.98940478297259,31.134340341669272,30.88451726570093,30.668739477297482,30.266852706772593,23.265004532719068,27.835947271596662,26.800257909348066,25.89650527793445
31.10799858893376,30.990445149257617,31.135789129744676,30.884598140547297,30.66865275080349,30.266738159919612,23.270399887907935,27.83712973353008,26.800762339707596,25.89410920047166
31.10838958351585,30.99126994145263,31.13588564116737,30.88514583167965,30.66929018187873,30.267804716081812,23.275936281796685,27.837149758102488,26.80004141411683,25.895531704769922
31.10917917615811,30.992957879471923,31.136612395348617,30.885505455741423,30.67118875820853,30.267962182644254,23.281796256833232,27.83791551537501,26.8016580200171,25.896065406796865
31.109006288013465,30.993579436158242,31.137463001425452,30.886538048237174,30.672377672699827,30.26838788887369,23.287416210879467,27.83950069795563,26.802505015068654,25.895254828299823
31.109284280151943,30.99497489848343,31.137723665571787,30.887320605503618,30.671964943905028,30.269449203763543,23.29312606498543,27.83998286858965,26.80234280079203,25.89657301798281
31.11035301101246,30.996167783701623,31.13872120715086,30.887881162898807,30.672925772029327,30.269299023020118,23.29868823410278,27.84139233769643,26.803250430904146,25.89532440657491
31.11107338310103,30.997482025394927,31.13916806079603,30.888074281233948,30.674203896002048,30.271194465727646,23.303721846614206,27.841564399298278,26.804302834996587,25.896756891073615
31.1116595839433,30.998695794314695,31.139993965204376,30.888728329787256,30.67465363836216,30.271069933172534,23.308977107676206,27.841890619574826,26.804266845770698,25.89617426425338
31.11183165024315,30.99915606059024,31.14082970648907,30.88950162404718,30.675045235849844,30.271133858796546,23.314345334993398,27.842989504276197,26.805828642210084,25.897049755858635
31.112167370169708,31.00073746094056,31.141060829931853,30.890303273056876,30.67625505491925,30.272706381364628,23.319714053177837,27.843176423863998,26.80642364451261,25.89812512522397
31.11312665186548,31.0008664831439,31.14179389921256,30.890609451508087,30.676928833350882,30.273180663890646,23.32492519698087,27.84376215140632,26.80542716890944,25.896602583691664
31.11374335654063,31.002008189382423,31.14256301860128,30.891363146219092,30.677049788503126,30.27339769310953,23.330629323701736,27.843325538854607,26.808233673667438,25.898020781625476
31.114337230919517,31.003133930054915,31.143931840686907,30.891877676452197,30.678048123036625,30.27458667124794,23.33581752349378,27.844513276417135,26.80819559785136,25.89761259141751
31.11485406648852,31.004241495627856,31.143663045702624,30.89343699826857,30.679065791305106,30.275862628743088,23.341201824114577,27.846357767772027,26.808257023624545,25.897402498725086
31.115093048639082,31.00480852791456,31.144006405414522,30.89404692938774,30.6798566221656,30.275423866449877,23.346594738282054,27.846325135403017,26.809857113781604,25.898732356855284
31.11565421392409,31.005643071137637,31.14474240097968,30.894878220356993,30.68035856371893,30.27708675405435,23.351776739849512,27.847029372314395,26.81014813758424,25.89834883599277
31.116344008222097,31.007003051003746,31.144420716768487,30.89592078116739,30.681512972403215,30.27752121755907,23.357127626710504,27.84721535786388,26.811347020356216,25.89905389070431
31.117185326034615,31.00761237020171,31.145554806048263,30.896299911942798,30.681904251999093,30.278034669651092,23.36272126545429,27.847835865536887,26.81206419914289,25.8987571313888
31.118063731703067,31.008659525690632,31.145570613829353,30.89755534677166,30.68223449792916,30.278781386727257,23.368110631522725,27.849222406158752,26.812217922354105,25.899022610111654
31.118905850972833,31.010149385506622,31.145349343541156,30.898322713527374,30.684037265689415,30.280092976872627,23.373975910950335,27.848613179071293,26.813570931752928,25.90005854184497
31.12002479352224,31.01079033893032,31.145162652714355,30.89957726377549,30.684752479777373,30.279783206814454,23.379281543129768,27.85065449779918,26.813698979221336,25.898978188441646
31.120821354437112,31.01139536196087,31.14562678141841,30.899400254953164,30.68564626617485,30.280874386652442,23.38428277541372,27.849808090250324,26.814672368679705,25.90067521483899
31.121598942764614,31.012259193007054,31.14670513836932,30.900584722961813,30.686943257804494,30.281720318602492,23.389484644178985,27.85127402441244,26.814956347868417,25.90157130083316
31.12238222001377,31.01343137772124,31.146984708383727,30.901182483806583,30.687702139497915,30.282548476088987,23.394470158083145,27.850916860490194,26.81628618061966,25.9006403342069
31.123409584556917,31.014216302873322,31.146782054362827,30.9014402378407,30.689461082493587,30.283919732912224,23.399630849392715,27.851293960655994,26.817149716344808,25.90236438757694
31.124418900456227,31.014770715569647,31.14793094149054,30.902209290771793,30.69012313395984,30.28320297386413,23.404930345263143,27.85183186960435,26.81727318249399,25.90198918324233
31.125066899914152,31.016060851342885,31.14856712290883,30.903427444320894,30.690115633351468,30.28429264426324,23.410145804469806,27.850815308489555,26.818006321656114,25.902436250732816
31.126642532019737,31.01661799849186,31.149430667909172,30.904572366002583,30.692144138936648,30.285754767670433,23.415266084051048,27.85349563279783,26.818483557712955,25.903531710986574
31.127293024632372,31.017548258934028,31.149461755207266,30.904449544067546,30.692129777433294,30.285668753395193,23.420277894270697,27.85311483987264,26.819729777811784,25.903860915934402
31.128210467326355,31.018318609780895,31.149762795166367,30.905833215715738,30.693295794476107,30.287085852684918,23.4255791175881,27.852720428354218,26.820845016743846,25.903886754675476
31.128404918136336,31.01913929316781,31.15100192225467,30.906929150989644,30.69401726394004,30.2885185595391,23.430575650061442,27.854926216695283,26.82040436158417,25.904073659268473
31.1292942112151,31.019853821230633,31.15050870500474,30.907182701317897,30.69513019094007,30.288641562216903,23.43560547648703,27.854964592622913,26.821160571435602,25.905095676530575
31.129636040418724,31.020681239071088,31.151623817646875,30.908153649298065,30.696761722069898,30.29037172035285,23.44094367526374,27.85526419185059,26.82167681492953,25.905568463789635
31.130605044473487,31.021393973143564,31.151982750693215,30.908752862610203,30.69713137528273,30.291487726808853,23.446346743489215,27.856639233595622,26.82263243798277,25.90478554231842
31.131531126032055,31.022225808698177,31.152589864770775,30.909912548515337,30.69862037248486,30.29260134461092,23.451935249686787,27.856268570419015,26.82372264184213,25.906476991232772
31.13223146630435,31.022905525461184,31.15326500390904,30.911010225692337,30.69869182635977,30.29361575311632,23.456962372687777,27.85781016929514,26.824577307104146,25.905070642949504
31.1329832330931,31.023260773192284,31.153881094494444,30.91203595539305,30.699238107737937,30.29495143179389,23.461773120947118,27.85861288807325,26.823313361640796,25.906844382990247
31.13354568405052,31.022997208805908,31.154570841514623,30.913087353571335,30.701718605925308,30.294850347630632,23.466390944322484,27.85849928213526,26.824077061301637,25.907083125301945
31.134558210112047,31.02473483583028,31.15532430938115,30.913716025549355,30.70153176851401,30.2966261797088,23.47097535378685,27.85949894680241,26.82505874719522,25.906558256823917
31.136255852365622,31.024601712597057,31.156015348819853,30.914736534422936,30.702243444282754,30.295891710655212,23.476004765306,27.860443750603416,26.82424187982724,25.907735079899293
31.13693145107749,31.025024335305314,31.15675158778852,30.915737626751415,30.703853059420393,30.296314117704668,23.481213630389934,27.86018108692342,26.8236736457984,25.907518193501474
31.137209300892184,31.025558487103766,31.156888755743296,30.917585631797206,30.703418347712446,30.297774346870114,23.4865570846565,27.86153108141032,26.825475727886847,25.90795979661622
31.13793523976622,31.025344631286217,31.158028937884442,30.918329367253577,30.705031742784406,30.297679489112443,23.491392329399538,27.8620653998022,26.825233656211314,25.907923591294775
31.139752173722478,31.025733692172395,31.15835268584145,30.919116500316726,30.704753503380612,30.297039956526255,23.49623412564721,27.863336805104222,26.825520531747358,25.908462409203437
31.140127483346216,31.026691016534546,31.159492759104044,30.920022778976954,30.705264875903566,30.29767811155476,23.501516007812707,27.862916806351073,26.826239240477967,25.908400135118438
31.141439148865928,31.02680610800555,31.15961285589225,30.92063733250455,30.70687450868814,30.29941409830505,23.50699013589983,27.86355918167821,26.82655372451432,25.909418559183422
31.14207924889289,31.02825522800793,31.160161256813343,30.921974360756266,30.706745437301194,30.297883831901018,23.512324181327926,27.863606327086448,26.826791918443323,25.90907901007537
31.142577019407135,31.028538727760832,31.161500617372432,30.92262205535562,30.70703541616578,30.298870400379336,23.51720044958339,27.864733726269186,26.827178634615628,25.90903159874228
31.143258579730958,31.02892435790534,31.161791418118156,30.92397636354173,30.708524103119426,30.299046791513312,23.522095588102474,27.864729168369745,26.827873849698523,25.9096450155089
31.143896476827155,31.02895182989275,31.162391590902672,30.92478831885423,30.708656271659287,30.298413722848167,23.526782020013528,27.864593404817768,26.82794937825717,25.909938534142036
31.144093908272815,31.02945569535956,31.162747797214337,30.925275198258156,30.708874487374437,30.30029715702195,23.531499404454724,27.865928278533474,26.82893189603192,25.91137688601755
31.144659413469068,31.02939183208132,31.16282017094971,30.926383173283284,30.710737272832436,30.30103028251414,23.536046904089204,27.864640844241016,26.82996509865916,25.910709470872074
31.145130837919083,31.030151924988587,31.164044192390342,30.927150291773025,30.71120829770613,30.30111211270284,23.54089693244553,27.86549379147731,26.829771400408063,25.910689023345274
31.144535091022924,31.030279260420116,31.163932207716506,30.927626730841205,30.7117039902546,30.302535643450504,23.545999325828255,27.865835080785246,26.83105033462681,25.911561999029953
31.14561861300002,31.030727964030827,31.16461545495099,30.928890335338398,30.712519134757564,30.302919541208308,23.551094714629844,27.865448471605447,26.831416575308488,25.91128110948329
31.146638644552187,31.03074477412369,31.164800326644677,30.929365474056993,30.713897497869524,30.303495795120302,23.556004270581337,27.866730173337082,26.831833212202692,25.91191681230916
31.14702779033308,31.031622880429467,31.165174571141222,30.92990232357112,30.714313372960625,30.305150486061926,23.561449563472678,27.86701617322858,26.83341300745857,25.91316302327991
31.147690968343937,31.032853654633513,31.165430346526133,30.93084128137258,30.715123934537154,30.305611802035358,23.56669076826163,27.867178561915466,26.833693274509063,25.91290691730738
31.14819463199766,31.03239201728341,31.16553791544035,30.93177944376709,30.716633291137345,30.30594733984179,23.57163398770347,27.86852829443623,26.834415941573745,25.91367784930638
31.14852343817674,31.032732139843038,31.166446388673812,30.932407706126384,30.717427549062506,30.307257945548194,23.57621408776523,27.868225511417517,26.834900454761748,25.91382248297347
31.149162379607212,31.033266893829282,31.167107153417682,30.93182530756507,30.71837604144204,30.307750650342903,23.58152829668977,27.86968278739314,26.835637227607158,25.91468109908633
31.149916338600164,31.03370230732358,31.16786149781188,30.933424872700144,30.720239350538417,30.308474642269132,23.586928861494467,27.86897002155039,26.836247323369204,25.91465520666109
31.150033411309938,31.034763723173178,31.16832392659017,30.934255363574632,30.72062693612082,30.30898092971217,23.591886362220823,27.869927507325052,26.83730802810825,25.91517092088919
31.150740053414154,31.03495939628454,31.168924769785118,30.93420524868022,30.72148610744879,30.310297130855925,23.596668446636816,27.871098096669918,26.83730748202414,25.916513761793535
31.15186456330993,31.036036068236754,31.169722464408327,30.93462430127829,30.722594564800247,30.310044445662662,23.601423326371062,27.87023118288937,26.838371835617025,25.91602013577045
31.152157667571444,31.037357446848333,31.1708325569455,30.93583608601955,30.72398597043467,30.310843926105555,23.606302151005853,27.87109146731691,26.838247931324645,25.91726173411668
31.1530139103885,31.037362784370007,31.170769791087757,30.936218869230338,30.722161141575146,30.31267848387057,23.611192993556102,27.87239978996969,26.83959743439814,25.91721130201511
31.153255707172338,31.03832000061255,31.171707727187613,30.936241744043116,30.723074742560573,30.31260620934248,23.615865134707157,27.87339473840752,26.840375510224675,25.917408529172224
31.153977364219166,31.0398339626273,31.171951214488818,30.937397116723197,30.724107169985437,30.313060681603265,23.620256287992202,27.87499211775839,26.840467829655765,25.919081196968612
31.155023293253592,31.040066057912146,31.1718758607692,30.937019849588886,30.723474678480336,30.31375910323615,23.624805810287942,27.875298579146673,26.84186574705589,25.918207283448393
31.156134808141722,31.041158481261313,31.173327773440732,30.937585126565573,30.723135053068496,30.31482331775047,23.629539968303824,27.875087801529865,26.842144205412705,25.919994181150447
31.156089190577788,31.041916218985854,31.17343709627268,30.93829676618779,30.722664716730208,30.31480966024427,23.63435296888728,27.87608489103121,26.843533418371646,25.919442572513383
31.157065474317392,31.04304821036759,31.174600677522008,30.93881144120468,30.723062548568578,30.315084783487055,23.63923328113279,27.876210713585003,26.843765091277238,25.919734752804988
31.15757311686103,31.043511195092073,31.17481335615933,30.939983629714757,30.722659134058155,30.315649401014753,23.644229171909075,27.877191121872862,26.844713497219242,25.920735589824755
31.1582132598371,31.044674503697838,31.17562307600055,30.93958184439525,30.72213579467359,30.314910166909215,23.649804303060726,27.877539086042727,26.845057098384892,25.91981057004586
31.159326621285345,31.04569691471201,31.176373421850876,30.940122508867116,30.722110169862642,30.31629912813029,23.655289496025638,27.87784885649245,26.845964501492606,25.920730916247074
31.160193804453613,31.046870557464263,31.17601889731031,30.940135156625,30.721293468783575,30.316910031331858,23.66046876499027,27.878706225667507,26.845744208447528,25.921423968392308
31.16096470225746,31.04824531717631,31.17694030302468,30.939989823865716,30.720276896439138,30.317670933671764,23.665233524172212,27.879366096613563,26.847805393339126,25.921296111253447
31.161587632871033,31.048887985482093,31.177588312131114,30.94138728761557,30.720149194320584,30.317393352794745,23.66935697590637,27.880444175222824,26.847056281640892,25.921882544099848
31.1621119754698,31.049600842352888,31.17810599310179,30.94205470189978,30.721367212146433,30.31845069884509,23.673197266565943,27.87977403743134,26.847858114679056,25.922040673993752
31.162416790344643,31.051037084556498,31.17894887388537,30.942127054943064,30.721231253002376,30.319099558392306,23.677744407205132,27.881250557897186,26.848283962215426,25.92296707421676
31.16356715310742,31.051234746517938,31.17944632345867,30.94263300872996,30.722039995033693,30.320007786984075,23.683045729923442,27.881192789407557,26.848873393712324,25.92252331532032
31.163918682278936,31.05184297231552,31.180430751189398,30.94355996334866,30.722540542926275,30.319831274474737,23.688233041756575,27.881844346503875,26.849550682269513,25.92268478599768
31.164169200684032,31.05216763508642,31.18009357195326,30.944325402136243,30.722657963115175,30.321429059505,23.692796181089943,27.882938337883534,26.84971368847888,25.924254986079628
31.164809787242334,31.053409039715763,31.18033467136176,30.94479065451738,30.72369004544253,30.321879856207474,23.697137907714925,27.883479512851764,26.85152481954627,25.92298534426017
31.165307131777844,31.05471999695468,31.179998511380866,30.944804368440558,30.72388220328555,30.3223361345003,23.70138212476775,27.884292990202862,26.850820732342896,25.924576581713353
31.165660665841564,31.055325556825743,31.18001085381931,30.945857825239287,30.724845243717045,30.323408836440066,23.705909255412635,27.88366299094164,26.850691338002317,25.92387126092477
31.165937410076126,31.056441389683425,31.179634512860993,30.946077980449004,30.72547457971349,30.324151815296045,23.710801725555402,27.88597279033231,26.851903476241027,25.924345195103893
31.1667995894987,31.057571888362816,31.17985725662793,30.947709438787786,30.725859572475123,30.325675252162526,23.715645867005577,27.885990494758552,26.850215315888978,25.92672363948732
31.166759729356674,31.058514723729033,31.180365257037277,30.9471698516035,30.727649487235617,30.325713271258902,23.720518616376495,27.88576130928629,26.852006916588426,25.92412550538093
31.16745566045263,31.05931517094167,31.179162896596395,30.94816946883377,30.727295113408005,30.325903313630036,23.72539479614428,27.88778327377984,26.850834483008338,25.926181877112615
31.168420646280484,31.059890513530014,31.178350528849556,30.94890970371898,30.728247194889953,30.327912457199275,23.730050217283413,27.887025422818844,26.850024678632533,25.925530573551697
31.168541512595006,31.06163557183831,31.177471889585505,30.94907143309006,30.729215679253045,30.328675840173396,23.734591877479527,27.888557531091966,26.85224219851581,25.924920500553334
31.16941059670789,31.061454596012723,31.176236537551553,30.9498947941561,30.73009419899623,30.328930403188554,23.739017526478886,27.88959199101206,26.850442941147797,25.92637656103245
31.169979806563227,31.062804261948358,31.174766064889422,30.950274876723448,30.73052870748288,30.330338078990614,23.743948459456124,27.88946048345177,26.8503836080994,25.92593283028746
31.170565417783305,31.06153779872225,31.173952167973056,30.950843192298024,30.73156306481525,30.331610990578504,23.748545486161866,27.89026929041784,26.85059521588109,25.925873087050363
31.170840908092813,31.061148960747765,31.17378730187223,30.951660695318047,30.732645459165376,30.330726939918584,23.752943465652248,27.891115974613257,26.85034865033041,25.926577132752385
31.17144804243216,31.062145636325322,31.173168790202062,30.951895968909888,30.73333027063169,30.333529696453052,23.75760964526541,27.891518020690263,26.85009496431407,25.92723796684946
31.172437215902214,31.061274799346922,31.173289717109384,30.95269369498442,30.73458017931566,30.33433460808382,23.761949801997776,27.893039281828674,26.85117812068608,25.92715431276733
31.172802591660023,31.061035546966856,31.173225675399046,30.95367253867689,30.73525539821272,30.334046116807556,23.766660622858687,27.892930354457164,26.851213260320485,25.927462536864066
31.17354896782731,31.061051230047937,31.173265957503673,30.954036915848512,30.73672262976676,30.336613280901066,23.771185959786862,27.89398033209066,26.8497326073732,25.928451160677817
31.174588270006495,31.05998981836178,31.173491679617996,30.955384807765803,30.73782191727375,30.337031230521077,23.775905863815325,27.894248691129278,26.850413008759993,25.928445103381634
31.17563119956674,31.05977468978366,31.173952726707284,30.956052763452163,30.738532341692707,30.336142772599622,23.780086353945524,27.895255840923276,26.850161399576326,25.928311063711046
31.176249254811403,31.059755570756753,31.173454225645013,30.95719230806609,30.73972558666972,30.338628142350327,23.784073584509677,27.895398569809977,26.850488481091105,25.929647005703245
31.177034634201245,31.0581477122769,31.17359230134008,30.95795568378528,30.73963502297119,30.338013090871865,23.787991428903577,27.896593038506833,26.85176832653653,25.928273031251877
31.17788046844784,31.057657106095245,31.174180697487678,30.958092286593505,30.741067078277204,30.33943199292789,23.79239283216727,27.897620669704352,26.851916707005667,25.92949196751161
31.178676336165744,31.05725555658416,31.17447510597453,30.95938148072626,30.74186280724334,30.339070259036852,23.796926684455197,27.89829743845327,26.850832177194057,25.92976852178002
31.17960170048321,31.05603899563701,31.174836992238248,30.96021032182226,30.7418242781012,30.339611076855867,23.80163877891252,27.89955354943942,26.85181337250302,25.930487289274357
31.17983530574267,31.05619881576448,31.175429681794373,30.961714551039968,30.74196571620426,30.339072627467793,23.80609346548455,27.900080570335053,26.852860530924048,25.930341119107933
31.180650710522215,31.056156826970245,31.175937346752306,30.961714656039415,30.742357103048917,30.340714836175103,23.810211678939762,27.900544217270177,26.85285101982268,25.9307308197238
31.181121335117346,31.055486044905727,31.176125507115483,30.96293002506027,30.74317521954232,30.340595849353228,23.81477727204411,27.901987173692845,26.851714804334964,25.93130928779706
31.181714897757807,31.055451035729828,31.17676657791614,30.964055196266443,30.74417411842093,30.340578982758895,23.819697630431985,27.90206137648856,26.853507400302576,25.931318061192318
31.18239002231626,31.055936153774596,31.176989539990004,30.964024033505876,30.744007906072554,30.34202722151055,23.824775491224305,27.903356818733492,26.852765691678616,25.93052306271757
31.183138084169645,31.055221111104807,31.17787806987229,30.965084145028428,30.744802025886592,30.343073130859125,23.829124057548462,27.904445235194956,26.85301672300124,25.931823293387424
31.182575809663504,31.055278804077343,31.178393133569315,30.965946822180484,30.74575324806519,30.34317769270774,23.83346127766016,27.904884970798353,26.85385997342653,25.931635648254794
31.183884078068907,31.055293849520183,31.17901538956025,30.966383160512585,30.74460928458361,30.34471097863747,23.837666492501718,27.905178732575617,26.853646495586364,25.932165578443414
31.185182861747563,31.055162035554225,31.17993480840465,30.96813739796174,30.74554745390365,30.344784241893052,23.84221458579237,27.90696779059486,26.85463863455191,25.932944716374067
31.185783357603118,31.055743063178205,31.180172988947902,30.96833038641143,30.74589744901087,30.34633107173015,23.846574650317386,27.907449249259194,26.855764751119256,25.932519155036168
31.186384586279527,31.05631022877414,31.181567461702464,30.96880306003118,30.745403064646325,30.347340034021187,23.850712076423058,27.90847058070741,26.855228885309156,25.93233889420469
31.187109541032765,31.05586590244508,31.181125827850668,30.97024324089449,30.746655786081433,30.347441489353876,23.854693461814644,27.908262295880863,26.856164830716054,25.933458093111234
31.187463665216985,31.055534471529164,31.182045981964322,30.97062156948254,30.74712131727801,30.34896343333051,23.85889214118057,27.910019522733663,26.856740703824173,25.933267451895574
31.18800508287892,31.055988797090315,31.182633347585057,30.971758195761794,30.746399213028358,30.34944830984631,23.86346560791474,27.909665669034126,26.856882340648255,25.93326939958029
31.18885828019064,31.056356773348273,31.182859122491454,30.972191850188402,30.747493045984772,30.35021598706257,23.868503832642716,27.910315435805213,26.85806749319205,25.93315235267933
31.189296849012344,31.056497837772735,31.182841255923456,30.97378066308216,30.74754986272765,30.351645933678327,23.873126306892196,27.911126406172677,26.85912215558892,25.933589273288604
31.189284733043916,31.05731403893003,31.183513345626718,30.973905669175238,30.74782330691084,30.35233197546981,23.87752279085415,27.911739637086054,26.859167597068954,25.933451058973006
31.18977634614503,31.05791946532001,31.184333790558618,30.975383145042038,30.74921791934971,30.35307462869298,23.882234319610227,27.911967147887935,26.8594168113237,25.934447694862538
31.190239570547913,31.058199553479202,31.18502335310818,30.975524197574217,30.749282778635955,30.35409413632617,23.88639596808593,27.91252786613597,26.86081829071484,25.934978233387266
31.191325728821397,31.058589846952426,31.18553571476348,30.976653448939196,30.750214835325806,30.35602981599184,23.88983634239509,27.913694441935995,26.86071500071936,25.934341975259763
31.191961490539274,31.059732979497543,31.186500407612705,30.977050322776833,30.750050626111737,30.35580827314607,23.893825226734556,27.912818212686766,26.86169645955991,25.93506147441336
31.192205727600907,31.06041224621853,31.186808555709554,30.977351383881025,30.750416395118222,30.356712860072502,23.89835159703706,27.915751045013856,26.862307577474684,25.934273281336605
31.1929215849195,31.06084640905204,31.187607596478884,30.97854169032033,30.75145874328826,30.35847968020211,23.90321801511423,27.91508697732059,26.86248855160523,25.935685398174826
31.19410942075774,31.061590993101248,31.187421604266166,30.97878378259551,30.7519756295442,30.358795035634948,23.907613285772804,27.916121930164962,26.862987521022635,25.93607884494039
31.194385345079482,31.062156081686236,31.18869256935923,30.979430763236696,30.75218190176453,30.36023929858654,23.911948226542524,27.91683601211169,26.8641303513473,25.93581428759949
31.195253794668414,31.063395047683233,31.18977475129907,30.98001019536739,30.752966963395405,30.361111159753044,23.916609799980243,27.917053591195447,26.864914002883076,25.936862608058526
31.19596218506329,31.063802303837583,31.19038914656069,30.980572612275417,30.754856210088658,30.36224634563727,23.921171868202723,27.91783958643382,26.865453489232568,25.936397662208872
31.196459195359516,31.064804919884285,31.191704423776546,30.98107227874955,30.754874804247862,30.363394874643173,23.925097736559472,27.918973538962753,26.86727275869274,25.937936470522512
31.19738008242184,31.065535618093296,31.19242437496283,30.98201615350164,30.7557712203384,30.363389094227344,23.929235824457294,27.919193424179355,26.866375908807328,25.937213765170686
31.197805016187885,31.06637736331921,31.192872052466267,30.982732917421437,30.756380962444787,30.364793895997483,23.932931350769515,27.918183507001576,26.867182671543258,25.938028291248358
31.198428314280548,31.067129688913553,31.1934324771652,30.982663624014496,30.757238606404833,30.365077223765052,23.937643706935262,27.92137354219788,26.868888350180676,25.93796895536826
31.19919628735417,31.067940589496356,31.19450164877223,30.98427590850717,30.758101898331162,30.36548084994209,23.942230225619934,27.920386380761386,26.867235923301127,25.93797071680867
31.199697750356698,31.069025098330464,31.195459676590836,30.983930884757992,30.758626354626774,30.365566418107917,23.94661048269189,27.920313016522798,26.869280786306607,25.939270967164077
31.200244864839426,31.069991957056313,31.196289473263473,30.984319111234505,30.760037019697233,30.36589494448291,23.950895020222326,27.92292313816576,26.869105690740227,25.937923482795163
31.200791291200524,31.070974002674404,31.197296207306703,30.984770026328455,30.76053134334277,30.366246250999925,23.955138844663733,27.921492675096914,26.868502583585943,25.937450061208068
31.201166231345248,31.07176771106373,31.19794784866513,30.98476966579529,30.761297232114092,30.365653834025824,23.959616861864127,27.92281221994587,26.871233913075038,25.938638679290587
31.200402561542923,31.072187495012468,31.199270756463463,30.983401767099036,30.76176802322934,30.365261853628873,23.96437448231469,27.921753718175324,26.86951689232183,25.937384714798654
31.20142017755103,31.07327323137397,31.199834064900656,30.983694317191688,30.763381753446883,30.364351142252556,23.968297841102626,27.92211720224989,26.870453381722044,25.93877058576208
31.201471378912196,31.073694386981284,31.200097991085684,30.983706365509207,30.763956097462927,30.364937160422144,23.971774979939013,27.923160923930098,26.872059905632018,25.93849257187201
31.20150069232695,31.07441539643662,31.201238680654676,30.98469207286908,30.764841722177216,30.36455475013814,23.975840960738438,27.922120416937513,26.87083145497434,25.938163782598433
31.201742518250015,31.075628254270804,31.201459412602052,30.983993333247405,30.766467487839677,30.36489327187695,23.980412844002068,27.92466810465719,26.871641399292812,25.938778123023326
31.20086140519325,31.076455851959338,31.202467853237394,30.984269271826008,30.76697119597188,30.36531366289692,23.98508687534859,27.92432179684782,26.87226832622511,25.93841380243948
31.201049092858245,31.077117807177217,31.20278572347246,30.984442862050553,30.76768022474061,30.364991980789515,23.989374467455242,27.923808439592417,26.87225856514416,25.939003255031277
31.200126004794196,31.07659494824822,31.20410816324175,30.984462501372757,30.768958047707805,30.364659258198866,23.99310185632941,27.924584579892496,26.872899704425546,25.939170557114153
31.199995554806126,31.078478041390774,31.204556707340583,30.984234793685175,30.770540895621696,30.365277542823268,23.997422241651016,27.92522660044493,26.87317590058713,25.93962038871733
31.198455983912798,31.0782022891094,31.20536540335668,30.983714710796548,30.770857336263703,30.365631647871872,24.001930263983343,27.924437096603473,26.873170615022776,25.939536961024796
31.19856649152837,31.07840047834172,31.205342032656105,30.985267971760205,30.77218513453611,30.365376181075867,24.0063240195752,27.926754826938737,26.87339556999209,25.940182120098868
31.19790011629251,31.079560997865556,31.205492254270546,30.984731504243477,30.77314374430603,30.366742799194235,24.01040646829224,27.924910436864955,26.87448360196163,25.94024916951208
31.197746946537166,31.079014605687224,31.20654122599388,30.98553680619219,30.773922994382197,30.366676057433132,24.015108924842657,27.92547129552942,26.874838790478076,25.93976422282435
31.198627111876394,31.079989115973813,31.207215318015862,30.985868407134785,30.772835700048617,30.36780819801429,24.019646087888248,27.926291323092478,26.874402273152885,25.940208253586484
31.19862122539888,31.079912824636985,31.207562664709876,30.985396725367018,30.774360556876623,30.366836427317857,24.02414531454893,27.92676426253379,26.876200610270722,25.940606820219895
31.198077848737622,31.08078372376947,31.208080894984448,30.986683563357104,30.77415640042193,30.36752797389086,24.028023750647016,27.926765133008278,26.87458655442159,25.940946257531344
31.198287968529158,31.081016541118387,31.208836174714037,30.987074195683487,30.774781260756466,30.368893361890198,24.03186618622529,27.926551780910614,26.874542801147218,25.941293878217657
31.19815750211247,31.081074832385042,31.20912195623887,30.98705251434485,30.776785020717213,30.369225793430196,24.03626794183744,27.92760984033297,26.876119653452044,25.94232195818952
31.198151797269674,31.081788521068667,31.209905909141042,30.987809566913675,30.775893506391704,30.369055865447812,24.041074918358454,27.928728067882986,26.875150968583682,25.941418048847815
31.199133634760553,31.082758455140223,31.209685476806865,30.98829198985458,30.777252204677783,30.36968499703105,24.045253238858816,27.928440213579563,26.874760166465425,25.94305849241543
31.19965315124275,31.08315790173412,31.21067626997909,30.98951250764735,30.77844318956195,30.370945145785385,24.048907597587537,27.928834656749455,26.876400439249593,25.94358560536627
31.199418775564173,31.083217158274557,31.210450600415346,30.989354780517807,30.777785007534384,30.371024905065973,24.052376563607496,27.929577902043548,26.87463296221269,25.942628863511516
31.200103335826288,31.08398108016937,31.20990905139907,30.99001758413859,30.77885340380736,30.371627977526742,24.056498070223693,27.92933371880359,26.87562864602672,25.943898438128233
31.200317765775655,31.084292706300758,31.210534205416202,30.990956212599873,30.780251352611163,30.372120990700214,24.06120811443675,27.930366307698485,26.876438311048048,25.944310959990922
31.20076328684316,31.085005891760787,31.211237208044036,30.990989949677072,30.77973950043663,30.3718122104804,24.06507551826539,27.93001072227558,26.87524538298151,25.944360419363196
31.201282114580255,31.0859010284862,31.211297241160313,30.992078115558883,30.78090170248338,30.37367016443828,24.068663540678422,27.930090655088517,26.875455690183628,25.945092114571526
31.201586270293006,31.086942525272757,31.211413005127298,30.992877665135286,30.782149147313124,30.373326467025407,24.072622415467574,27.931424633885026,26.87557829791096,25.945653957166343
31.202033786130517,31.088003758589693,31.211988381860838,30.993342344953373,30.781786299791236,30.374089128705922,24.076903135481995,27.932046089050914,26.87509355103126,25.94619885995561
31.202973615886624,31.088863321550463,31.21257253699522,30.994585738128187,30.78289028130037,30.3752981312625,24.080959316394676,27.931044301505462,26.87600579848034,25.946164466262168
31.20352693865662,31.089101868713527,31.212577079411005,30.995474509184675,30.783462346473797,30.375275647331307,24.085197477255136,27.932661582564712,26.876877469094083,25.947313568965008
31.203357167869015,31.08962718067619,31.212594112469887,30.996551738549734,30.78402403525953,30.376609684294216,24.08954340756704,27.931092794248503,26.876802015309774,25.947619822985715
31.20413000702967,31.09044589876941,31.213057698020577,30.997504398287326,30.784233330243328,30.376417930006415,24.093361166678427,27.931564643654745,26.876605354942384,25.94798210466076
31.204689226620307,31.090967548440915,31.213153366862336,30.998238214786387,30.78494239826265,30.377810140109112,24.09802187145532,27.93272071615752,26.878153928956074,25.948328639432894
31.20520573407358,31.092207568799207,31.21345981652393,30.998295304692306,30.785003856136846,30.37843964431156,24.102322340035617,27.931947786018753,26.877947556170184,25.94857635151549
31.20572463955526,31.09241945149406,31.214072310874897,30.999537978584826,30.78500515898152,30.379323060687273,24.10597786421656,27.93118479521253,26.876911663549134,25.949004948665156
31.206741541050917,31.093506117898198,31.214424266337787,31.00029177074863,30.786355596959858,30.380746863688817,24.110012864103844,27.933842172318183,26.878977622852673,25.949823710369934
31.20725840750311,31.09412975073386,31.215218181287888,31.001114673785615,30.785971785066547,30.38136116798805,24.114686206848482,27.93389037576795,26.878616596256162,25.949472482569902
31.207930221481487,31.09415088089678,31.215665170043266,31.001355873454596,30.78704901656828,30.382398541121223,24.118827307369187,27.933509183798208,26.87854986049908,25.95078916888337
31.20869798852413,31.095143366167363,31.216397473645703,31.002518350808913,30.78748102584799,30.383407705468215,24.122132651116765,27.93483488547434,26.880785617719805,25.950646697102005
31.209478957054507,31.09548719965811,31.21746925760027,31.003765911329072,30.787474639039484,30.385024350677313,24.125568710057014,27.93367176178649,26.88041584434798,25.951107535779446
31.209995821503615,31.096300087986187,31.218344809558193,31.003968895734715,30.787952406413943,30.386073187469567,24.12955832252761,27.933868159642245,26.880381619505492,25.951608675447964
31.210989237673225,31.096712649209756,31.21984506809513,31.005211263278547,30.788492685963217,30.386720465435182,24.13434540567812,27.936669474057293,26.88211258387399,25.95197326458713
31.21180568297259,31.09721173196771,31.220269503033357,31.00578629965601,30.788917827292984,30.387588000235493,24.138954952771265,27.935523483476615,26.881871966758656,25.95290881280695
31.211942959603327,31.09873915214276,31.22128668927171,31.00676333209715,30.788759500046275,30.388799599993153,24.143153322296524,27.93658116943293,26.882658407297228,25.952455062479768
31.21302001666961,31.099054603158216,31.221396644570397,31.007921270723617,30.78889606945545,30.390126563565126,24.146843149438926,27.937015133206444,26.883160825682133,25.953541116358064
31.214073570324953,31.10027727634713,31.222293209994675,31.00886884089799,30.78964019872263,30.39032738906103,24.150527335317413,27.936810294321248,26.883737520451916,25.953895957388873
31.21487806524527,31.100855716055843,31.222746183669663,31.00994997088593,30.789387214024014,30.392084255524185,24.15438609724932,27.937182691933522,26.88419405875205,25.954967474541032
31.215570718874833,31.102204063428992,31.223276939437024,31.009913306764588,30.78961355920647,30.39322983954974,24.15843114284511,27.938695046501017,26.884754501608207,25.954504639099753
31.216464364268624,31.102937422314557,31.223856607858444,31.011330578143642,30.79045633179522,30.393016517426016,24.16276986572551,27.93746573103158,26.885601394092788,25.9554008717112
31.217130754620392,31.10416568958921,31.22517361798936,31.0109645265721,30.79142536152333,30.395145444792753,24.167348616151457,27.938639800362367,26.88552126981156,25.95636322687334
31.218227789759247,31.104920819160245,31.226064519718747,31.011735054339656,30.791958804739885,30.39515480747596,24.17125293359443,27.939047645591305,26.88686183707089,25.956816080351608
31.21854808592368,31.105204657106857,31.226125433772438,31.012782611073714,30.79162414317163,30.39454861230761,24.174983392475554,27.94002715572853,26.886836608191054,25.957665602169815
31.21911552830836,31.105438851931332,31.227060957366753,31.01248280702294,30.792882665357144,30.39676511539051,24.179089850927546,27.940566803402966,26.886635459051412,25.95683300434587
31.219484209910245,31.10660949398546,31.22804877525178,31.01379647930844,30.793818866553522,30.396398712345306,24.18324874687974,27.94031504073102,26.888628260575555,25.957986537329703
31.220494390630765,31.107320540070802,31.22845903989269,31.013568603066535,30.794763617118477,30.397353080688706,24.18758765446114,27.940895553039237,26.888227417579863,25.95807418605828
31.220622991492025,31.107833086478664,31.229399938074284,31.014749562187546,30.79568743451686,30.39781019720681,24.19172978733301,27.939756588245782,26.888486133052773,25.95826974939047
31.221351668234583,31.10868546998165,31.229906497373634,31.014985143077432,30.796844435588806,30.398212337658176,24.19537544936968,27.941437277255567,26.890314338867466,25.95990918623899
31.222044264422717,31.109685680965377,31.230639027082642,31.01550054423418,30.797013929145614,30.39838015865827,24.199117543613177,27.941961259004366,26.890173922361306,25.959092695623568
31.222529833270634,31.11049638032018,31.230871608432334,31.016097305762393,30.79879054319342,30.39955614349981,24.2031874624966,27.941599533755216,26.890578940025705,25.959897824309053
31.223189747473906,31.111425528106793,31.231821303037854,31.016141408204135,30.79832571137966,30.400017686160623,24.20785183027712,27.943770367168014,26.89240063175728,25.960531532231617
31.22337089885781,31.111401073328114,31.231699304921626,31.016876100205867,30.79909088220988,30.398838827204727,24.21189980919493,27.94239660571497,26.891818299630557,25.960824552183468
31.223314140875253,31.112327960204162,31.23244221412626,31.018236470695733,30.800019426448188,30.40137331089385,24.215522325217943,27.944004388260755,26.892366474325854,25.960979487376505
31.224287250951882,31.112425355827998,31.23186019781624,31.01797056144553,30.80052412941514,30.40209994512221,24.219853263459363,27.94420143821653,26.893380281496896,25.961636566088035
31.224502223977776,31.113400215891396,31.23230328211518,31.01793567911473,30.801318517176878,30.401775389376585,24.224273466687137,27.94444027803873,26.89416054849054,25.962606220755838
31.22449172040141,31.114063420059047,31.23331100546688,31.018491943046996,30.80152378318966,30.403149668549077,24.22840722441571,27.944684145209976,26.893591731535498,25.961402547213687
31.22598109929522,31.114786334340934,31.2337809796778,31.019564460535296,30.8023364128395,30.40322343580645,24.232023967395385,27.944359460932073,26.895363868986124,25.963900424880393
31.22667199030037,31.115035036877757,31.234352088993052,31.02020717926525,30.80349457271108,30.404177516068,24.236184651057783,27.94686353482315,26.8944307997012,25.962570105140212
31.226948448704302,31.116212422890076,31.234712347040052,31.020464176919308,30.804738936594877,30.40459057675763,24.240550178706123,27.944580085290664,26.895107066758356,25.963851192154095
31.227958864997056,31.117192624056194,31.235700520411243,31.02037377087487,30.804881083784515,30.40564948798226,24.244987031433773,27.946260543609203,26.89566125708157,25.963825297735497
31.228690454582907,31.117686170886625,31.236058531476758,31.02062442498849,30.805530583645606,30.40618774537267,24.249325717151557,27.947991713708518,26.89511483581525,25.96345674124306
31.228848146192746,31.11866201179408,31.236342996161284,31.021405865350708,30.8060125821089,30.407552744690683,24.253058468563555,27.945535143116274,26.894029693745757,25.96477246099369
31.22974469554773,31.119759998305337,31.236731908763225,31.022403849482917,30.80761755741677,30.408482859315285,24.256844762157655,27.947342704557627,26.89554020428635,25.964144588347317
31.230901864257135,31.120464682333285,31.23741062283385,31.022808978452897,30.80813665191631,30.409137785660135,24.260864148131247,27.948146399220764,26.895104425171503,25.9648762030824
31.231652826741616,31.12142908167003,31.237721370896875,31.023135571453842,30.808249619272875,30.410132222180962,24.264889865128488,27.94692683932038,26.89393077755476,25.965995092321236
31.232497644843527,31.1221816969042,31.238529300525354,31.023980946234573,30.809528783062916,30.411834802841817,24.268530202017953,27.94807334128496,26.896161279622795,25.9644573746629
31.23300685077456,31.12309506873277,31.238604297067532,31.02471527879823,30.810820182269566,30.41255722151398,24.272690175095786,27.948342074634276,26.894282474772254,25.965581386996867
31.23440916378108,31.123659988721897,31.238907671387736,31.02595024207709,30.81073371539414,30.413740003491153,24.277282696648292,27.94955106421571,26.894629438549302,25.966147839512463
31.234762360569345,31.124137159687002,31.23981460547639,31.026877023667904,30.811729822035865,30.413847799395704,24.281897799382605,27.95028767366921,26.895279891731608,25.964866928369513
31.235344250963625,31.125475341002872,31.239844329249863,31.02817455346952,30.813001358374095,30.415426470452903,24.28569449697481,27.948961163139042,26.895330529943486,25.96577363301452
31.236082070184175,31.12586898875447,31.240134505092144,31.02880686154185,30.81303864743127,30.415398433483038,24.289530117370063,27.951068280242954,26.895979413352272,25.965954700878108
31.237067499863052,31.12625362300671,31.24028274398023,31.029763176196585,30.814606053380974,30.417123459894093,24.29387106267519,27.951573109309926,26.89541968590199,25.96570046647081
31.236494918813662,31.126928771020648,31.24109988511643,31.03028522653624,30.815601472145204,30.417718130295786,24.298748800509312,27.951064285615832,26.8956540872465,25.966582687047616
31.23693851450874,31.127291590971605,31.24165617627357,31.031243954309303,30.816308960354544,30.41851012142727,24.30350021338169,27.952431313536003,26.896698511346905,25.965540561006044
31.23754244929153,31.1283060227343,31.242056611916485,31.031899685004642,30.81753701489554,30.419982866827343,24.307536747099846,27.953510411946468,26.896757973572143,25.965202989000716
31.23781115069263,31.12897647167439,31.242359810646132,31.033356526054632,30.818788278975173,30.42138496096446,24.3111398440713,27.953738911795437,26.897918259410567,25.9667365340568
31.238592824488695,31.12991394373664,31.243420433581846,31.03366434102444,30.818732538773684,30.422383802023187,24.3149216471156,27.9527753373657,26.897261950127586,25.965876223386513
31.238916078439072,31.131201528692266,31.243845567225105,31.034441040945957,30.820444341499464,30.423323205435725,24.31876334623164,27.953080007523596,26.898144586710554,25.966103845436734
31.23978724288451,31.131358936010795,31.244298827008272,31.03524682804121,30.82163453703471,30.42444169367689,24.322975364183502,27.952996187174218,26.89862258020371,25.966367183087748
31.24005499014405,31.132240236295026,31.245255569226174,31.036176576838518,30.82216444688474,30.425407792669326,24.327176562048653,27.952421827805058,26.8988759799303,25.966539502615248
31.240893500018846,31.13233783075536,31.24603928789078,31.036809475931705,30.82249100042337,30.42677511475845,24.331800030459863,27.95434900195395,26.899719425093767,25.967383800073232
31.24137904473568,31.13278010594115,31.24605973955464,31.037068825919665,30.82410863915289,30.42691461996575,24.336027980847128,27.952366318148844,26.899767709418832,25.9671668461635
31.24159272920165,31.133889573281095,31.24711198808523,31.03797461832724,30.82485230864712,30.427467277366695,24.33982887061297,27.951547108175244,26.900236876410155,25.967944645625607
31.24261492626924,31.13390246076524,31.24814710627951,31.03889704786146,30.825346227036636,30.42940760495833,24.34362059663617,27.951654882493653,26.90114680150505,25.966911341374864
31.243040587448796,31.13522723133783,31.248476556414072,31.039273536462208,30.8264787082788,30.429148570431966,24.347636677162804,27.95074346550119,26.900638112893944,25.968677384548467
31.24333027063721,31.1348524830724,31.249458147271913,31.04025278704369,30.828188370184492,30.43081716832426,24.351932017329503,27.95045260668225,26.901664129883965,25.968049596742198
31.24396767863573,31.135173407920252,31.250127164865702,31.040936164859293,30.829251783803585,30.431668710048953,24.356251868379807,27.950835199044416,26.90229148098368,25.967346211384857
31.244786163431677,31.135766547546197,31.250539165515853,31.042035708220553,30.830093569471742,30.431468647313086,24.360551267646116,27.952061714281044,26.902507409265148,25.96913424669834
31.245138357364336,31.136039088007976,31.25144015236061,31.042836223413268,30.830985335141378,30.43295805580016,24.365142739544346,27.951097561169988,26.903516055712714,25.968688845911352
31.24575563947863,31.136430442939698,31.251898311341698,31.04312394534404,30.831710647859385,30.434161557758618,24.36957491485385,27.94991274231443,26.904029598166723,25.968595502132203
31.245638210989902,31.137096518249898,31.25306052877967,31.04424562530629,30.8322042569747,30.434273362143728,24.373244960736432,27.950588842938465,26.90436624631381,25.969247586565967
31.245722129873347,31.136993360059716,31.25345316247858,31.044170484112797,30.833065686393624,30.43504888897893,24.376913418999536,27.95147251685863,26.905238611745162,25.969749333836106
31.246717538071746,31.1371998235051,31.254535747807143,31.04525583223099,30.83031355803908,30.436721229238927,24.381222555246474,27.952437349237563,26.90579028617978,25.968766894897044
31.247230660260033,31.137480305256908,31.2549318827209,31.044796283922658,30.830344480627154,30.43731797271219,24.385688350831714,27.951649709244627,26.906571421705443,25.970459205902728
31.24725081188773,31.137692878077132,31.25567479689467,31.04586919583431,30.83318036219172,30.438502450957937,24.389685882311362,27.95105492463213,26.90668331403527,25.969257077075643
31.247447629808747,31.136847842311475,31.256123154921276,31.046089654192816,30.83025074443573,30.43951560226711,24.393682609946403,27.952820739431843,26.907004388907634,25.97008591530454
31.24699422701791,31.137830088119035,31.257188629336163,31.046731117412453,30.830447319453995,30.439784473489325,24.397400469146664,27.952770826235263,26.90971328605334,25.97135016052508
31.247843406233848,31.138092819302102,31.257422701785153,31.047599484595626,30.829041740965998,30.441098446805576,24.401396498778528,27.952340514477672,26.90851434454002,25.970588178274294
31.248600677187184,31.138316258755317,31.258483978513993,31.04792379744467,30.826933232528127,30.442016603077384,24.405399811455087,27.952934643310883,26.908958690149454,25.970955863641464
31.248853344079603,31.138465127424404,31.25910102644812,31.048220220751514,30.822809195902018,30.44274135086639,24.409598920762647,27.952506214289137,26.910810305759103,25.97168801451087
31.24975427959803,31.13912722644973,31.259581440423933,31.048593602841088,30.819320908320474,30.444458334770502,24.41394177403374,27.95354498235115,26.91092381406477,25.97211673585101
31.25078836860294,31.13922832551866,31.260709694851826,31.04956732587536,30.81660963933234,30.44465158017144,24.418336306991204,27.95441445648988,26.911275551447076,25.972058510211106
31.251036882571306,31.140282145684065,31.26107829141295,31.050550510456638,30.81099535751831,30.445801719383443,24.42206908358736,27.95402142277399,26.912666074548845,25.972920572826336
31.251267135214682,31.140338791772596,31.262298435748384,31.05046332755518,30.806525760692058,30.446178693371348,24.425991914545655,27.955200360672848,26.91163952150044,25.97272334269431
31.25220374448474,31.141661410549904,31.26224106058695,31.051568389818005,30.800516647637494,30.447048885835024,24.430450784826423,27.955568686520287,26.91332854594297,25.97268637717924
31.253250012794936,31.142052154946033,31.26344984789405,31.052015522818746,30.794436916045093,30.446393742936944,24.434565136125954,27.95560695249023,26.913088551549855,25.974520890288666
31.25350851164175,31.141992684210713,31.26369942687054,31.052153569854344,30.7850669855738,30.44865630340652,24.438265585587473,27.956442792131767,26.912808496201556,25.973764195812482
31.254218984689864,31.14248711294288,31.265105685730177,31.053256507621363,30.77515542770643,30.4479731217998,24.44199192449569,27.957689428193166,26.91410121958124,25.97461782947624
31.25458445573441,31.14329161379064,31.26512729625151,31.053471065741192,30.76058471644317,30.44895129790897,24.445822399473712,27.957350157433538,26.913702907812777,25.97502335195474
31.255506621015712,31.143529165736545,31.266122280828533,31.0540779742459,30.740548338794355,30.449568707621587,24.450003243565263,27.957313118078062,26.913601627015037,25.97501360041745
31.25638880345643,31.144259733053335,31.266314251525714,31.054183205590707,30.71828642597561,30.45072258742152,24.454807170230723,27.959676227020452,26.914377983648624,25.975142527783937
31.25667088225976,31.144818148707053,31.266042894040325,31.05541689381484,30.667115186321485,30.45171706288142,24.4585659845368,27.959005003020184,26.913857440694095,25.976296285678426
31.257120775764527,31.145133553137438,31.267326089195542,31.05574370877584,30.573657890089613,30.45202562821497,24.462345470890007,27.959408827586643,26.914799002876816,25.97651808369644
31.258050647066057,31.146261265449866,31.267266026515532,31.056266473748558,30.421201351596828,30.45356265888763,24.467362276712464,27.96099118388589,26.913793152527408,25.97683211025712
31.258637917420575,31.146732496675085,31.268035011575126,31.057574012942535,30.23610409584757,30.453300989269877,24.47119658577816,27.96133607084673,26.91489738943311,25.978210588017838
31.258997620501276,31.14733757882883,31.26854580234291,31.05791222763989,30.066030241087404,30.453969561787776,24.47433865195659,27.960905262118942,26.915336935757704,25.977357982623626
31.260254310233805,31.148434275964725,31.268983169793852,31.05858020971589,29.90071782369966,30.454673992724643,24.477757408772405,27.961731547850675,26.913987937066377,25.97883051442458
31.260906374239642,31.148822580395947,31.26903001826728,31.05958280112813,29.729419709251488,30.455302318603476,24.481720874263807,27.962637264270953,26.916137644745962,25.978524088067175
31.261413988849025,31.149853550969418,31.26874728549675,31.060532381544242,29.562340203914363,30.456231144415614,24.486194415680647,27.96230838611927,26.915747147369842,25.980313717494205
31.26253125832075,31.150394870837346,31.2691649930874,31.061945111125265,29.39798553076516,30.45696759940039,24.490400266958954,27.96441984339609,26.915602758715114,25.979338313161733
31.263223487050755,31.151179753314704,31.269005473507473,31.062642666892984,29.23658702319247,30.456302431130116,24.493814052223794,27.96404697211306,26.916811388402838,25.979884022281627
31.263156190324885,31.151765459978357,31.268864290764785,31.062777358204585,29.078199409633996,30.459070981927866,24.497538222524845,27.964631425859842,26.915838494169385,25.981493586982765
31.26426982302259,31.1524244296536,31.26936813838428,31.064643576641192,28.924211011888247,30.457939727146414,24.500986304696305,27.9658019865101,26.915008861335608,25.980347091900406
31.262975350898348,31.151930371070318,31.26880840372994,31.064221601871346,28.776277973617535,30.458914752008702,24.50404314281048,27.966805792995384,26.916689106736804,25.98048455320742
31.264134610267696,31.15312274830014,31.26935133203338,31.06501662142367,28.622405589265114,30.460325812160185,24.50762503173662,27.966940962386744,26.916106242647867,25.981852702611047
31.26554344887797,31.154756512381844,31.269543017707182,31.065949806299137,28.46871902207439,30.46052975904072,24.511751017897076,27.96742795868664,26.91605197121055,25.981272757666048
31.26474393366444,31.154649905214782,31.269570206957077,31.065703303001055,28.328560228478533,30.462099869855738,24.51662384111074,27.968886240545455,26.917384909090394,25.98219430489573
31.26525646167657,31.155675330600936,31.27080865646503,31.06622567409488,28.188371311882218,30.462159471699017,24.51842104970165,27.96902220195646,26.915392443757685,25.982161691265325
31.266474584201546,31.156131339128063,31.270139276390942,31.066708006518194,28.051511931552028,30.462399421725767,24.517891705901906,27.970375535724834,26.916372523085073,25.9830853439956
31.2663080918734,31.15683887398619,31.270077046894947,31.067783845278573,27.9232503866012,30.463598581222428,24.5154291646562,27.970028683635615,26.9183922464249,25.982237516416497
31.266156316083457,31.15777799857146,31.270740429249372,31.0678124477282,27.802391960491857,30.46424329865531,24.51267205225738,27.97093718214522,26.91643390662174,25.983471609718457
31.266812547411472,31.15851850676144,31.271044449317653,31.068854148115378,27.687655804203033,30.465271560455356,24.509102176078166,27.970546701099547,26.917309852844326,25.984543291742092
31.267005074105974,31.159716212932388,31.271350927861235,31.069205666529648,27.576062806201207,30.466378441175156,24.508331675713922,27.971872739775414,26.91780133457831,25.982018063056973
31.26731985453378,31.160366790174212,31.27161445214447,31.06989031594193,27.46667107494584,30.466051316552356,24.506786696921637,27.97281618409358,26.916725210157644,25.98404641530006
31.268039265352098,31.161688450912525,31.27243866003088,31.071100453465014,27.365598542749268,30.467358346077415,24.50399802215436,27.972522458259984,26.919117669556904,25.98439110210718
31.268630096196187,31.161908800261738,31.272710580778202,31.071192349818055,27.26419701159194,30.468551931128708,24.504495389325378,27.97335102451061,26.918404158319195,25.983515533836243
31.268900201655477,31.16274203302777,31.27300513116321,31.072162195273016,27.163390046439382,30.468892091973032,24.506092316056755,27.97390334974658,26.91799217708901,25.98545688687251
31.26960938514287,31.164113476147875,31.273633477208342,31.071918346301427,27.06851901603253,30.46976718362986,24.50676946172227,27.97561309556165,26.91890292611302,25.98513380702032
31.270123911095343,31.16425049678091,31.273945297137892,31.07287562941496,26.97745382673494,30.471077692863062,24.50660584249721,27.975576703278506,26.919164540936595,25.98475414118115
31.27052842991898,31.16481311394216,31.27428041306571,31.072969172669296,26.89061349926581,30.472000420732797,24.507062561872687,27.97704833094992,26.91950411355372,25.98584687426472
31.271737594392448,31.165143455174483,31.27508599791712,31.073757797416732,26.80110251018639,30.472910593913053,24.508694645714844,27.977394308648687,26.920721429937544,25.98558763303142
31.271957007804883,31.16631696337274,31.27475929149127,31.07444290290526,26.706651437309784,30.474770720386598,24.51128560773018,27.977769203687384,26.920241355056053,25.98683132857282
31.27242446973097,31.166689309996446,31.275310175156168,31.074334041906514,26.620948309536953,30.47412856759991,24.513378700488264,27.98005660828082,26.920538086526804,25.985902859397342
31.27281067029809,31.16743580993621,31.27624264172635,31.074401516606578,26.533012662378198,30.475749475029655,24.514596382056155,27.97999901819097,26.922057217471224,25.98718670408981
31.273452957156618,31.168239483458564,31.276845606375186,31.075040332855544,26.447891479880465,30.47635219800076,24.515740096304526,27.979467834782557,26.921211002460517,25.987372587256697
31.27392018683896,31.16852668474833,31.277667940600185,31.075600379651263,26.363264620235594,30.476759358689677,24.517557859272777,27.981548758892174,26.922681907089803,25.987844106657967
31.27479741134861,31.169333205373807,31.27838123249002,31.07677609311919,26.28050906041325,30.47849715000423,24.519984331120106,27.982184575314623,26.92296655175577,25.988124215880866
31.275319338717612,31.16986731709631,31.279018057650653,31.07709257567544,26.202995814422753,30.47949295418443,24.522901816978763,27.983486233444186,26.9230783372844,25.988184112143983
31.274812283932146,31.170014907473384,31.2796261835345,31.078228902641392,26.12641330564005,30.47948752069025,24.525988058838145,27.98445902378761,26.9238512286851,25.98820245310716
31.275646277197747,31.170265535329506,31.28076570415307,31.079133106797514,26.050105655313025,30.48122986233896,24.528254786220188,27.98450914921638,26.924472356145117,25.98870590359002
31.276231597356798,31.169862960801797,31.281410731423513,31.079579813246035,25.97571625568459,30.482695681175155,24.530238514456514,27.985627380053415,26.92480777657998,25.98935037983204
31.27656285734908,31.170914758447893,31.281657946558298,31.07996343644068,25.90006162152841,30.482663071386597,24.532120430522866,27.986458796523745,26.92575120927199,25.989423655239978
31.277000136655197,31.17129851057164,31.28214615828021,31.08036379625431,25.82577196580992,30.484386595307186,24.53501110325884,27.987188110665336,26.92630502220546,25.989737663142378
31.277352319458046,31.17068425376777,31.28299847326892,31.08145086689998,25.758004740452783,30.485514555942732,24.538417267451713,27.988125396608595,26.926731583231703,25.98912057188441
31.27817314752079,31.170935893747384,31.283473595585658,31.08196537321608,25.688557995609578,30.48634358016962,24.541246672451518,27.988863514072506,26.92661222803258,25.989665711082527
31.278595735434962,31.170906784742893,31.28426527904569,31.081943336035454,25.61935492078441,30.487304536285265,24.54366342341448,27.989415499935063,26.92793016842689,25.99063947504392
31.27943156142433,31.170908718982325,31.284298059317898,31.083470086355803,25.55200676609814,30.488220523484184,24.54586276032576,27.99122533597035,26.928278205881373,25.98995128351122
31.280155229020682,31.17085362259266,31.28515183844528,31.084235703361344,25.483177680545452,30.487492198382636,24.54872854883096,27.990325791857376,26.92879433385583,25.99135595611594
31.280460672314536,31.170366707898644,31.284972493122414,31.084881715740508,25.415830697146134,30.489130482902592,24.55276111287644,27.99154424008856,26.92929746273919,25.99052048369834
31.281220681216023,31.170012960156,31.285189703848374,31.08522253249072,25.350943016678613,30.48849360790715,24.556286282058743,27.99179135434597,26.92965663734313,25.990661427948034
31.28155719658443,31.16979886448441,31.28539954152201,31.086069915098577,25.289177004405165,30.489940207264684,24.55930859668843,27.993557956472795,26.931105920867576,25.991169773402095
31.281974284601866,31.16972565426289,31.286010068772477,31.08648099697835,25.227554190855667,30.489465711661023,24.562046813194144,27.992998538794662,26.931701812832344,25.990868614339043
31.282050894362982,31.170346851188743,31.286688242634497,31.087389411632778,25.169346742358222,30.490634381995733,24.565027325126003,27.993840716479866,26.931386563376805,25.991115814372417
31.28265361247198,31.170745736703424,31.286427705984714,31.088209333581393,25.111739711609967,30.490537680434624,24.56868931163467,27.99446347203764,26.932953007881444,25.991293401875165
31.282997625777014,31.17120790482733,31.286678690071945,31.089050224696877,25.05272187105255,30.49139088038146,24.572614597132283,27.994727096647228,26.932133549616196,25.993069562647033
31.28319595221526,31.171260696092055,31.287283054767123,31.090268511857182,24.99437455822616,30.490734137713975,24.575764078735027,27.99579913862619,26.93245332406709,25.992307620394023
31.283858527594255,31.171714928031772,31.2869014080524,31.091136263683747,24.93431731928041,30.491295287633776,24.578568726794188,27.997037147352508,26.93452890569486,25.992524154677472
31.28440180132654,31.171775080290814,31.28768247076165,31.091620885508537,24.877884063982645,30.49119825361362,24.581692990631527,27.995427327190527,26.934289212099827,25.993901764771323
31.28478227196799,31.172180566018866,31.28770651048384,31.092080707514526,24.823261378217083,30.49097047767536,24.58565478312501,27.998562801513586,26.934514988439705,25.992860269223485
31.285546908452538,31.172550776246737,31.287847821252676,31.09409886419052,24.771470274246216,30.49130715633735,24.589850595726162,27.997277726664112,26.93636918447772,25.9938762016756
31.285797678633514,31.173064688330694,31.288305711398028,31.09452247419405,24.720880442718496,30.491547249907065,24.593436723130853,27.997957154089686,26.935693707233447,25.995173900188078
31.286493889018164,31.173697961123082,31.288554312003967,31.09468447446565,24.667595401749413,30.491788464013748,24.59660510374727,27.998210598603936,26.936748899042442,25.99344668752778
31.28724859594211,31.17449061317636,31.28836054796181,31.095949911933822,24.61584139186627,30.49218843690733,24.59986856360015,28.000496646716698,26.9367529032308,25.995418969643236
31.287541424641976,31.174832528959353,31.289077121387688,31.097034262506725,24.56461092440376,30.493144990410727,24.603550112098404,27.99881854664861,26.93823286928748,25.995482589001778
31.288022511496578,31.175311455240603,31.289776105612383,31.097670675415074,24.516967922077043,30.493058124855096,24.60782525240427,28.00038221640662,26.939035222471333,25.99480339934191
31.28857390133213,31.175341721102786,31.28998026574426,31.09879435337515,24.469795878340477,30.493751719965342,24.61158556477406,28.0006126447782,26.938829000544967,25.994859489815774
31.288777188930847,31.176028801336383,31.290014884908246,31.0999407742969,24.422576145353148,30.494374470599244,24.614549383255557,28.000742352305622,26.940307438094287,25.995949420465934
31.288805564752728,31.17644865901333,31.29089469074443,31.100017192986922,24.376712678671467,30.494913010788387,24.617879175621255,28.002666118876807,26.940254706075216,25.99572654635159
31.289302888852887,31.17729688428397,31.29140574411652,31.10115206731968,24.330321177192808,30.49513220692169,24.621608824069398,28.002306887824474,26.94105001027563,25.996119328443022
31.28864937334088,31.177661325170966,31.291842250208425,31.102023487521432,24.285063248359116,30.495525958570987,24.625624263438347,28.002753323813337,26.94141957819773,25.996939773470864
31.288780287154392,31.178835872790692,31.292530608642064,31.103565562576637,24.24142254152453,30.496922538382954,24.62991670823044,28.003267401767978,26.942042955715845,25.996108843091278
31.28780887749069,31.179531038975725,31.293162154185023,31.10351172013221,24.19889160658094,30.496231836985007,24.633824331038163,28.003841150304638,26.94067637038802,25.99711083992849
31.288675265814057,31.179691411195506,31.292755306429573,31.104430155032546,24.158186453075096,30.49676588136789,24.637640781016756,28.00444803108874,26.942029009133265,25.99726974342023
31.28977149380607,31.18054167269898,31.293978508107593,31.105086459341805,24.117770110246486,30.497636635066474,24.641418046923725,28.005409630989032,26.94256307057181,25.99759486628414
31.289668831079062,31.18162355894441,31.293738993285253,31.105247315477484,24.07750470643457,30.499015926257332,24.645456812638,28.006017257521513,26.942179973715174,25.998584241141923
31.289991214850996,31.18202977206323,31.294591928902452,31.10595229011501,24.036866713025344,30.499902668641006,24.649439151838685,28.006881785169448,26.94328331454914,25.99815556221966
31.29049445944325,31.182445031451152,31.295125375877237,31.10656760599649,23.997508115881892,30.500172028309017,24.65316003805958,28.00920186034256,26.94356541169742,25.99904984455922
31.290989076862886,31.183664259415668,31.295574641761043,31.106753283340733,23.958149698242618,30.500506345741123,24.657085389634194,28.007795904370685,26.943174710998935,25.998657641265183
31.29161764187277,31.184293955150796,31.29665574342504,31.10796574175021,23.919546329747362,30.50147303748866,24.661466045796008,28.00920128367526,26.94388383563124,25.999399587131627
31.292612915762064,31.185795214543344,31.29708932814075,31.108342089076068,23.882790143712715,30.50226035240836,24.66525529552502,28.009671035679457,26.943940174055527,25.999642052193764
31.292717375782132,31.186075454139033,31.297744564460007,31.109101382580704,23.84837464090146,30.502168262754704,24.66889443983395,28.01062162054231,26.944043871614557,26.000304350886026
31.292422142679502,31.18675020383426,31.298309196954392,31.108865707916213,23.81393941990828,30.504329117056837,24.672396176751818,28.011033603214642,26.94435597114659,26.000927836333894
31.29319089545126,31.187539119716607,31.299356284514324,31.11018994486084,23.77739749925288,30.503328087154443,24.676203964575365,28.01165203260043,26.945608930000795,26.000767435519357
31.29357269973186,31.18844804486369,31.30014489428271,31.109313062201863,23.741390085229344,30.504658753245714,24.680426324264104,28.01240459513516,26.944031274095146,26.001326519178534
31.29440100954219,31.189219381535267,31.30095055344507,31.107997666969524,23.706090105735804,30.50633244460109,24.684908175681844,28.013681354606156,26.94529713751711,26.000051150555194
31.295175601610513,31.190259613279498,31.301875167924166,31.10799521272117,23.674352704484512,30.506753270272604,24.68908190370302,28.013636701485886,26.94623155528125,26.00238931366034
31.295641645570708,31.190874790992392,31.3019749869096,31.10628817407867,23.644618377444733,30.50764186308776,24.692945149056786,28.0148231331236,26.94453466896792,26.001325415861857
31.295985631150245,31.191985421719547,31.302580660569397,31.103409486431786,23.614109048018115,30.508602623051075,24.696169160275208,28.014738131335257,26.94496787201018,26.001568797381456
31.29653020318253,31.192461007488404,31.30249231758484,31.097131821659644,23.581972383568836,30.509601424530345,24.699589439925056,28.017286191725624,26.9462926152484,26.002321600992722
31.296787499941207,31.193632383580884,31.302296338782444,31.086922355702548,23.550165018421488,30.509823785844773,24.703579794036536,28.01700938065682,26.944962266947886,26.001715390863488
31.297463385874554,31.194099679170577,31.30259032919611,31.06966278159294,23.517909469639623,30.511160431137732,24.708108323193784,28.0160256711606,26.945872624100033,26.00314775678225
31.297967405493807,31.194865781734933,31.303239168695697,30.966589494129554,23.48797951365899,30.511606473605294,24.711976725380058,28.016737384603587,26.94690962556347,26.002312008512497
31.298395814131496,31.195431622874104,31.30382854867689,30.806712661553448,23.45851261237495,30.51212838538932,24.715716905298642,28.01540213410852,26.94553511956513,26.00302353197451
31.298946864428917,31.196121062848192,31.30354944526517,30.68993796285605,23.431768648240997,30.51343632566529,24.719543157167706,28.01738689057691,26.94689575813873,26.003444121770315
31.29953448600353,31.197101420169243,31.30455658420224,30.55462946597579,23.405058265483362,30.51325482807178,24.723505079721754,28.014889068967275,26.948000726389587,26.003887448310298
31.29994899403485,31.197430656475518,31.30495177263585,30.403470579504287,23.37733517004155,30.514928396305848,24.728264499245984,28.01461682517707,26.947351366133926,26.005048815647434
31.300152304045522,31.19826953592158,31.30428910620494,30.26015786305213,23.349712346144287,30.515711062576912,24.73251835618133,28.01462526069772,26.948871029827608,26.00479407801619
31.30064959977638,31.198517868479442,31.30492071237175,30.120806007647293,23.32264665082277,30.516711801091056,24.73597616307513,28.01420534421871,26.95012327386116,26.00590760905002
31.301608301565636,31.19951431601756,31.305092118172126,29.987787685325763,23.29763051090865,30.517047592785566,24.739390121215024,28.015028088186583,26.94849535602177,26.005607123375185
31.301853783318943,31.198922141257178,31.305061976651203,29.866411147163223,23.274146965890452,30.518321754155714,24.742991961814077,28.01089895694019,26.949891518328446,26.005501167044827
31.302096725742224,31.19955439962306,31.305713986350753,29.751296265974556,23.24967791266953,30.51937363788372,24.746643313420968,28.01315216586133,26.95041341835512,26.006996473825392
31.303052291709868,31.200090381516155,31.306013120122472,29.6399136157607,23.22407418069979,30.520485813372712,24.750404009035858,28.012258169867433,26.950388665289495,26.005722190364825
31.303052989240456,31.200315322452788,31.30633150353002,29.51840436755991,23.199173245206875,30.520919500313166,24.754787842966696,28.009933768055166,26.950586157259032,26.006260440925498
31.30402368037381,31.199247621166506,31.306941797348085,29.400405327276573,23.175907111881948,30.522820418612024,24.758704351363846,28.011811539519115,26.952863972750052,26.007322444326363
31.304944742652697,31.200107006867785,31.307420928071323,29.289593779588134,23.153131503581825,30.524434367382224,24.762857342183327,28.00969051812235,26.951622546330842,26.00538835938611
31.305621906099383,31.19969158810055,31.307575884773087,29.18039583766666,23.13043873286201,30.52392475719541,24.766847607138395,28.007718959679412,26.952334299331604,26.007131548479062
31.305506179424736,31.200274730859615,31.30857439136166,29.075557288278183,23.106726114743484,30.52592005137023,24.770815151099473,28.00965955054595,26.95397578069446,26.006763956905484
31.30611072308082,31.20046304768884,31.30877869367623,28.97203841467073,23.083325901447914,30.52437827376464,24.774408838891702,28.0094440215733,26.95294028615678,26.006011444090575
31.306509921900087,31.200688359715905,31.309695685425645,28.868228537853927,23.060720398640587,30.524488869641843,24.77799997339342,28.009449412129864,26.95388006021798,26.007514134348835
31.306702703738075,31.20128205777588,31.31003296571091,28.761681089229384,23.040701123247047,30.526925749885066,24.781730874159805,28.008362018712667,26.95515991348668,26.007172043796114
31.307667573937835,31.20139039720238,31.31008637000223,28.656054006645853,23.02127251177014,30.526023543315617,24.785473602581753,28.008297229445233,26.95542229593108,26.00694772761271
31.30761962321842,31.201720728840012,31.310473543289277,28.553486025140877,23.00055450488669,30.527181544181058,24.78923683956961,28.009406311208544,26.955545543319243,26.00744520202828
31.307883802802856,31.202108653103345,31.310901854050613,28.451218040672334,22.979759142644802,30.52800343088507,24.79328183320668,28.00903148648784,26.95697109651903,26.007663296663548
31.30856932222605,31.202426978613467,31.312237384285563,28.34933719191937,22.95979726563236,30.527605115979902,24.7972412955817,28.008969216716952,26.95700558906285,26.007303672268904
31.30888832989904,31.20267270679603,31.31204812557751,28.248653783371083,22.940270425988185,30.529190932535002,24.800759209369055,28.00874484868085,26.957749564919947,26.007785363511413
31.309429976024134,31.20391657602024,31.31329214100841,28.148635822381994,22.920336969850453,30.529880547788068,24.80443994372918,28.008581850993586,26.958224794817784,26.007909670656506
31.30979914908537,31.20410821687002,31.313061020746076,28.05087244976491,22.901345449496073,30.52950243670006,24.808449411084016,28.009634505041134,26.958101282025588,26.00800877342842
31.310286516995344,31.20438220510295,31.31391331076806,27.95595498041461,22.883173596076066,30.53118066045434,24.81213680865929,28.009525314847167,26.95895402390104,26.00916039582919
31.309857976258918,31.204797186691696,31.314388411720913,27.855428578577328,22.865664202969207,30.531338102038564,24.815632447403928,28.009689306746104,26.95925849538321,26.00855783510476
31.311054514587752,31.205578379545216,31.314696042782955,27.758591456944558,22.84850594457343,30.531780502666372,24.81893029118069,28.00939839388328,26.959783165618166,26.009153201432362
31.311440650977925,31.205545395260724,31.314948015442134,27.664280899579143,22.83115660068827,30.53287894177131,24.82301526517475,28.0105396314866,26.95934819929155,26.009852246003895
31.311596325147626,31.206752832072713,31.315006931842785,27.57475632810252,22.814531530761997,30.533451677393835,24.827660893926605,28.010759953782888,26.96086032562487,26.00926531284253
31.312484518017875,31.20698895383109,31.315928907850378,27.4870980119381,22.79763459714364,30.533752514290136,24.83190011766423,28.009914295522073,26.960191865198716,26.010848420936586
31.31221804330023,31.20781526775897,31.315768066368676,27.402069590075605,22.78129790656593,30.535024142948302,24.83498729199357,28.010656142636424,26.960691504367468,26.009837327648153
31.311978871032014,31.20856205038786,31.316418311642757,27.316011238667045,22.764404764392676,30.535877501845505,24.838547156784966,28.010359057420455,26.96185498384585,26.01056188950985
31.312914172735834,31.20940874755219,31.31645868652629,27.230707003729854,22.74825450083376,30.536457786276156,24.843042799224992,28.01128508151693,26.96053312676351,26.011439226818453
31.312930175206006,31.210154266051134,31.317825635493506,27.14633549413491,22.732219856297945,30.537919814531264,24.84713448214178,28.011903388449575,26.961958426703248,26.01094122849773
31.313518669843923,31.210272846328326,31.31873488243617,27.062238237521736,22.71631613451863,30.53722170204669,24.850550652801108,28.011470496335775,26.96233676584804,26.011913631735464
31.314374303267954,31.211655383470607,31.318728562235254,26.982460895437704,22.701251971876456,30.538754323673686,24.853961195472092,28.0126630331546,26.961503558812595,26.011533182147865
31.31450602886858,31.211552797316205,31.31916457737328,26.90566034623056,22.685929109596028,30.538438134184034,24.858284896854805,28.0129398967882,26.961684093355718,26.012699787385365
31.314819536689,31.21311533103661,31.319760065503502,26.830176855008357,22.670520177243727,30.538600993619344,24.862074620913603,28.013261856360387,26.963480617355025,26.012617195557354
31.3155233427389,31.21322081890076,31.319696146230722,26.75360784647672,22.65561572571851,30.539221897503197,24.865644429384357,28.015117606279446,26.962901732530785,26.012741906353817
31.316184409808784,31.213721244236044,31.320819659424757,26.679320626021315,22.64099464907913,30.539480039455434,24.8689157159137,28.01444776189273,26.963400310934688,26.01342384325399
31.31611620627882,31.214252182076528,31.321162558112775,26.60592707404526,22.626953723779376,30.540427185455425,24.872784595642635,28.01496740027058,26.96504747715727,26.01150420065411
31.316901321560845,31.21521696950974,31.32170089523475,26.53404707813642,22.61334110944579,30.540071268064214,24.876723017708056,28.016765170361502,26.963001285603326,26.011952815893974
31.317022334640722,31.215049336802274,31.321979451225978,26.466971942727664,22.599659644523165,30.54180538596156,24.880218321411665,28.017305053051842,26.964089362628787,26.013064418038965
31.317373329028968,31.21538416582833,31.323200556217987,26.401214346420762,22.58569485553714,30.54152507520837,24.883591143256716,28.01919114168506,26.965975817568207,26.01231041756821
31.31817098255877,31.215853047039296,31.323237871547732,26.33381644466043,22.572628522940718,30.542147232165433,24.887547200036558,28.018953284752072,26.964638511764075,26.012460522363913
31.31842063108493,31.21598006029619,31.324001827427015,26.265933873754783,22.560333939725574,30.542934820104698,24.89179112485354,28.01996380995981,26.96626733487377,26.01364235485747
31.318483056672648,31.21692280097996,31.324406369124752,26.19979068482154,22.548705424332756,30.541816514534574,24.895403296133747,28.0207850711161,26.966505291493178,26.013271277001717
31.31893409087695,31.217083802712505,31.325264339220496,26.1390138746852,22.53661195456624,30.543412089750866,24.89853305900248,28.022074411500864,26.96689077553666,26.012604827826237
31.31948715542404,31.21719306014279,31.325380611976804,26.080265870058533,22.52370491509305,30.544684039140645,24.902018137454238,28.022487693267713,26.96679822854712,26.013582060865627
31.31938731954566,31.21772713665766,31.325268750554027,26.020411780123418,22.510621983378208,30.544444047918567,24.906222375861095,28.023395329774946,26.96752852546907,26.01298453043899
31.31969020000746,31.21808237373658,31.325940095422574,25.959679964987018,22.498653274444045,30.545545761188503,24.9105911340548,28.024575000436265,26.967609757146892,26.012391621574558
31.320346026470443,31.219071638642394,31.326667271256618,25.900737169006156,22.48715286486762,30.547163552041173,24.91382403075445,28.025041807429197,26.967341575568465,26.014230086321483
31.320924899949468,31.219357036443483,31.327198148940205,25.844944744428055,22.476410702059063,30.54690765754855,24.916851045107073,28.02614720703192,26.968771377441758,26.012867732786233
31.321721396017217,31.2200705886012,31.32657637074013,25.79007818047627,22.465035057761238,30.547981630167946,24.920336378742718,28.02659434725566,26.9686205032706,26.01297286799763
31.322193046450252,31.221177411570153,31.327538720283577,25.734674559424494,22.453697994466673,30.54953080982667,24.924097371643967,28.028089040144188,26.96923232262163,26.014891037497915
31.32245303714173,31.221151716370752,31.32726145002647,25.680359200449146,22.443351574687167,30.549687830652648,24.927518710915024,28.028296460852427,26.97029345732392,26.01421887653535
31.32351888295848,31.221282693393107,31.328119644985726,25.62891329251019,22.433461568292792,30.55145915385768,24.930204495841156,28.02922672438936,26.970545656335084,26.01372335454905
31.323914370021342,31.222400004357507,31.32829569772862,25.57870644204494,22.423573812168215,30.551840799142667,24.933431677432445,28.029583835394334,26.971341820026268,26.014155473956393
31.32470105787248,31.22256455665021,31.328761650375387,25.529751256601564,22.41254127427268,30.553269538216373,24.937913714797904,28.029883333978148,26.97211635827758,26.014472287739586
31.325222117581394,31.22368368989396,31.32914272074807,25.480436683478032,22.40185635087496,30.554871197673855,24.94239446859239,28.03224434261732,26.972503067286286,26.015158609189747
31.32620851610411,31.223665171503477,31.330063605497443,25.432000539508834,22.391810456215865,30.55528429003101,24.946035922113808,28.031588501439728,26.97341010210249,26.01478977382921
31.326952431462058,31.224366965060018,31.32992197064945,25.38489447511037,22.382415730883814,30.55571812058359,24.949082854354113,28.032037904302634,26.97200298485722,26.0157386993963
31.327381503506015,31.224738193521134,31.330476829894973,25.338174288284986,22.37346249151343,30.556110115985927,24.95261432840248,28.032927409794013,26.973407367450292,26.015212456067836
31.327933763550348,31.225280038531547,31.33150720898425,25.29206067223417,22.36371907049228,30.557525973242615,24.956995567135078,28.03464451741754,26.974002820977027,26.01622117757067
31.328424518638172,31.225319071089636,31.33063456181937,25.24775853388554,22.35400905695752,30.55637958738823,24.96100396263177,28.03302077153566,26.973376427130617,26.015922880665947
31.329115137025152,31.226376577460062,31.331731142299866,25.20512736924729,22.345350231174542,30.557398369342902,24.96389457562909,28.034513741545545,26.975188263957616,26.015776611971546
31.3290265722989,31.226992984482948,31.330473797689663,25.164139563905678,22.337327719481728,30.558291163748812,24.96645530527561,28.035777530373153,26.973433286476588,26.015866406151442
31.329450400956986,31.227220500611512,31.331011232654625,25.122264733146864,22.32890534098741,30.557490822145553,24.96996233843067,28.033771711405464,26.973648154998514,26.01704964489157
31.32903174709325,31.228120185396744,31.33210855375186,25.07991385400558,22.319965346503004,30.557679828916324,24.974357085752263,28.036251794924638,26.976066345331063,26.015371701107696
31.329457586826116,31.228492785069516,31.331416677168093,25.0393698600524,22.311019604695073,30.559550267024523,24.978446708415166,28.037166165120272,26.973962722750144,26.01662676630534
31.330082108217084,31.228802390674367,31.33116919345145,24.999742747747877,22.30182273100663,30.55829547109813,24.98174457006713,28.03693484132115,26.97413815328405,26.01679466330609
31.32995883922677,31.229471505387593,31.33120396810201,24.960204851383597,22.29333731179144,30.559935704280967,24.985071206739523,28.038246591996487,26.97521684608965,26.016777745268733
31.330536754274036,31.229676343218557,31.332118790767428,24.920383454795484,22.285550187920013,30.560563763964762,24.98878052855345,28.03819989383023,26.975925875583123,26.017249964433965
31.331196704637485,31.23025321117248,31.332319165952978,24.884024305371998,22.27770057153046,30.56056294061679,24.9923645928336,28.040097459311042,26.97398289163153,26.01655887401521
31.33101309167777,31.230586914169336,31.331814066371265,24.849244171633632,22.26995283527778,30.56132953063099,24.995814532929792,28.040857196148124,26.972618858674274,26.0178374654806
31.330546644491008,31.231059981967068,31.332186800069792,24.813934607881386,22.261862835095734,30.56128777056561,24.999220869769218,28.039607489422266,26.97446155823627,26.01742919595204
31.33082765148025,31.231535535568938,31.33265576795036,24.778069726103045,22.25480983954872,30.5612941014177,25.002394286797912,28.042800352478494,26.97298222381442,26.017420865474055
31.3307353142557,31.232356510009673,31.33325588657104,24.74279497010206,22.247624225506133,30.562061059165615,25.005817813541103,28.041959920314966,26.97089281928371,26.01845097520537
31.331302785263958,31.231716872660193,31.333554872421146,24.70884100862811,22.241351667743373,30.562952269669093,25.010050763370696,28.042305619074046,26.971943148006293,26.017424253661126
31.331353981365126,31.23235859389385,31.333543368371966,24.675892274970156,22.23527214705577,30.563425098810583,25.014116409526885,28.04346964630739,26.9695667254432,26.019204269945305
31.331946504969707,31.23312162898899,31.334295132944977,24.642318462805424,22.229027837399087,30.564481406192474,25.01788373764917,28.043179838702596,26.96748650948667,26.01844785476802
31.33177256382572,31.232814112765922,31.334712756204045,24.609384485139923,22.222117868500938,30.564534149376982,25.02146577150869,28.0439448414323,26.968061394169865,26.018349564078072
31.33214714848446,31.23407511991386,31.335319102708713,24.577291337503723,22.214629165056774,30.56530902469084,25.024623989199984,28.043774846337335,26.96698923118625,26.01899129039967
31.33261423016826,31.234741641168903,31.3364025655812,24.54529140953536,22.207961004986707,30.566630833574983,25.027724822067498,28.045733766155834,26.96620712651039,26.018831316425942
31.33240789328291,31.235361256871105,31.33693174636158,24.515007501561875,22.2014585716566,30.56722819762008,25.031676615897144,28.045385442527625,26.965392908393802,26.01995139312807
31.33291248790515,31.236556793178707,31.337537166829236,24.485191470417483,22.194783947617978,30.567544235842924,25.036006971046035,28.045644600608423,26.96315932472372,26.01977322186766
31.333319781785374,31.236693059746532,31.33833466484935,24.455893666332717,22.188150280549763,30.568756031810587,25.039660439812835,28.047400724944836,26.962244106499604,26.0195151672767
31.33363729566474,31.237353932453832,31.338552424308773,24.427267865767277,22.182201907526235,30.569331577109452,25.04280869401406,28.04569860656767,26.96262971682269,26.020764538027592
31.333718031820364,31.23777920418291,31.339640553582335,24.39797119301053,22.17664623990015,30.57030374811238,25.045916702920536,28.04504061881822,26.96279566881113,26.01967270259873
31.334369764469386,31.238264218034676,31.340217484654907,24.368134649687107,22.170993588562176,30.571507612454944,25.05015431283326,28.047670467490512,26.96107549013623,26.019800639194123
31.334855297642072,31.238265962685425,31.341077782266158,24.339595142638547,22.166081739917452,30.5720350259471,25.05431174295414,28.046726676291208,26.961004493617015,26.020938396445075
31.335237797330496,31.238817236202358,31.34170729920102,24.312277743300733,22.161135852438232,30.572482185425038,25.05739968553616,28.047603946737123,26.961664135674273,26.020139226751674
31.336285224235347,31.238842270987316,31.34246367213852,24.285927088304145,22.155260158993006,30.573555702132566,25.060127804104518,28.049250960393305,26.96174844733969,26.021087703247886
31.336735085537867,31.238892583597693,31.343204403097545,24.259334434914987,22.14908377667077,30.573906132998005,25.063932635068863,28.04751278514611,26.96104816233158,26.02119789666429
31.337325206091524,31.238992927774998,31.343797655286934,24.233686447236945,22.143577604736848,30.575257386851632,25.068140749310615,28.048660052880024,26.96125174116803,26.021461542045813
31.337942307567932,31.239876255518418,31.344205303700697,24.208708034913005,22.13856036847636,30.575752630402064,25.07136056247311,28.04910918647936,26.96105375992987,26.021722293312116
31.337997536484842,31.239881277088244,31.344626503866614,24.183220104907186,22.133780844777185,30.576582133705898,25.074123926967417,28.04977730625785,26.95984138244721,26.023266604431747
31.337889019686024,31.239939397805077,31.345308894882642,24.158087854583105,22.128867117715643,30.577270238881944,25.077527653456826,28.049771589097507,26.96078467510588,26.022254731851447
31.338457629334236,31.24074931120326,31.345708307208398,24.13467606209966,22.123613326695747,30.578361408386026,25.08172842590821,28.050338242055652,26.96103206583438,26.02271001264485
31.339018877544138,31.240972237375292,31.346090944250843,24.111534452133313,22.119375482028865,30.577737213069685,25.085760931792773,28.05133956410846,26.960542899300314,26.024302356196266
31.339113800879787,31.241166168254438,31.346399249948416,24.088081181429043,22.115503828459268,30.578970640372344,25.088690884368177,28.05143686710588,26.96110708957507,26.023453909244
31.340328406220102,31.2418933806507,31.34638110265598,24.064651285526253,22.111877841180263,30.578721856437955,25.091816475975467,28.052881864172537,26.961545868600236,26.02444213888999
31.34132489999886,31.242013934330334,31.347281814832513,24.0426872011189,22.107388288315114,30.579453657481366,25.095543113465588,28.051997085044178,26.961753427788963,26.02517576668629
31.341369140943627,31.24262146768352,31.347485248128702,24.021341638753746,22.102651661885634,30.580030415680014,25.099018707559928,28.05261188375073,26.963026466408294,26.024617777166632
31.34208935740314,31.242830149614107,31.34747852310545,23.999735175342416,22.098040982809852,30.580850481030893,25.102366860264752,28.053949695804086,26.962928107131315,26.025838958529988
31.342755526648656,31.24272504352486,31.34814509777393,23.97767606662079,22.09431705514649,30.581832283066475,25.10568192198007,28.053353539792838,26.963332512688297,26.026587218877456
31.34303654028215,31.2436733332131,31.347824797233255,23.956674669529455,22.090722128160287,30.582019326816173,25.10855047059408,28.054820174064332,26.96455800789724,26.026145268146013
31.343391224058884,31.243973837780516,31.347128425729846,23.935698512138586,22.086981161953616,30.582353527303347,25.11134765039182,28.055972164100226,26.964702194052403,26.027666536990953
31.343180152090497,31.24454396669305,31.347315781045374,23.915533875861623,22.08297017022902,30.582995139298276,25.114810611291986,28.0554129537709,26.965276974872992,26.027334087843638
31.343995694199386,31.244472669054986,31.34767427360682,23.896343223571712,22.078484035874155,30.582991191410574,25.118451569056198,28.056596374238524,26.966368345478653,26.027866459092124
31.34455103922968,31.245360310941134,31.347510774512237,23.877629900477256,22.07447165721184,30.584527329045514,25.121897928153064,28.057973445658217,26.966797485893807,26.02893688383254
31.344714379605385,31.245011346412802,31.348059999538478,23.85869441371716,22.07108078565988,30.58492700110103,25.12541012588759,28.056776096703903,26.96668835537624,26.028768416085516
31.34454464446721,31.24590090312108,31.34865508005728,23.839638270328244,22.068200598875222,30.585226566343774,25.128902802011886,28.057999637258252,26.968510695511583,26.02924463265538
31.345546909791587,31.246612708667527,31.34902576404974,23.82127930386103,22.065641824774595,30.586616561182723,25.132189408186125,28.05928900213218,26.968758972269594,26.029764474727347
31.34582579907155,31.24717574533896,31.34956420884138,23.802718471526067,22.06310934358152,30.587513298908164,25.135260760252645,28.059754150429193,26.968978795427585,26.030638722169577
31.345890545080696,31.247914653938658,31.35012608660462,23.785051184989353,22.059933982272675,30.587566971022973,25.138428876980633,28.060832770592885,26.96996397431619,26.03071669651261
31.346902230866966,31.24744566655967,31.35017913307027,23.767803040734172,22.0564851806077,30.589364369394577,25.141831639987345,28.060673890952856,26.970858128746716,26.03151356155418
31.34725018588666,31.24837109678925,31.350317810882803,23.750367705225422,22.053416879874625,30.58908816492595,25.145139260519226,28.063213378134684,26.97127680697891,26.030771552748007
31.347265355541424,31.248858907089673,31.35068727771042,23.733789001135037,22.05015768325837,30.590225222569153,25.148137882875478,28.06158812257985,26.97270560809038,26.032063593279446
31.34788239154318,31.24941050515911,31.351722560743397,23.71728011074424,22.04708481040102,30.591366517219292,25.15195512148096,28.062602871523403,26.974369548240013,26.032908368045113
31.34835085305361,31.249721933377764,31.351678691735913,23.70076856844609,22.04382722379357,30.591743804630617,25.155691348005,28.06289300147954,26.973236832490223,26.032734300972862
31.34832427092508,31.250356382748148,31.352388692652887,23.685387364189793,22.041078988642898,30.59319007328238,25.158860090071286,28.064588329502342,26.97482963779032,26.03417423142637
31.34906999818685,31.25125926578548,31.352248531952057,23.669918409739118,22.039069644235163,30.592838758588368,25.161817466345923,28.065695877155715,26.975851924777437,26.033027654628103
31.34935006805993,31.25179896249025,31.352972043765284,23.653993465919708,22.036864088908793,30.593941280418893,25.1656864118818,28.06471072018421,26.97559609490909,26.03431957201135
31.34922736406979,31.252285847595505,31.353722148692576,23.63871996302734,22.03466476868779,30.595441551999144,25.168664495174227,28.06685218428384,26.977457573717103,26.03486386824163
31.349918060560896,31.253224855161132,31.353219894711316,23.624370090735223,22.03197646719351,30.596388397538657,25.170625097011264,28.066647264502333,26.977798647388024,26.034854688532903
31.350398254453058,31.254084261083296,31.3528138293206,23.609741883880368,22.029441089538025,30.597398881643546,25.17359944619683,28.06647674226599,26.9780598228638,26.035524267949818
31.350491662945736,31.254691274765808,31.35363787884154,23.595654370833135,22.026852576812026,30.598825197687496,25.177357453781894,28.067907669664073,26.978504514245746,26.035995902626127
31.350951273856232,31.255148763415384,31.353964697078844,23.581813918690532,22.024406553166195,30.599484607071894,25.18073784417899,28.067523617382122,26.979688130346705,26.036421671406742
31.35203318462775,31.255827376613382,31.354517881412644,23.567740762409002,22.022396748017655,30.600220297253536,25.183804162405412,28.06787328167729,26.980445322554406,26.03655576300956
31.35230097750481,31.256935256366212,31.355310183999254,23.554467573275005,22.020243914895985,30.602154596813584,25.187170017712624,28.06943681437607,26.980265891166916,26.036069221774355
31.352751476125206,31.25752447635859,31.356039176183582,23.541794301517434,22.017867808055094,30.600635918168713,25.19062315544179,28.069420531419503,26.982051304522358,26.037056401796292
31.353297297038356,31.258150358999487,31.356775293599988,23.52832605280968,22.01625000839481,30.60030366251597,25.193724721453684,28.071447157817264,26.982505181971533,26.036817529897853
31.35378775856216,31.25895967919749,31.35706081126706,23.514858439822955,22.015061012872774,30.601408778300005,25.19665397564793,28.071544515319115,26.98334909368999,26.0368957911869
31.354463186685244,31.259797599701376,31.357473137536743,23.50254955783371,22.014403426822668,30.602652873652033,25.1991791360794,28.072272759934688,26.983727510828615,26.035940508403208
31.355214413276084,31.260220987593954,31.358291182125324,23.490517404038176,22.012970234496336,30.601110052296075,25.20243786168814,28.072886917283345,26.985180180523635,26.037282344996974
31.356019202082948,31.26100442500642,31.359275925783464,23.478235835120902,22.01063664633553,30.60214928438823,25.20572940663755,28.07364128252576,26.98504912887031,26.036854026205468
31.356397581787185,31.261632269739806,31.359873484765323,23.466219617296545,22.0082361574541,30.602393943150762,25.20920414601079,28.07397762472773,26.985797967354227,26.036284765893797
31.356908514669428,31.262194210953158,31.360618965133234,23.454446230709056,22.00698507539243,30.601760990077693,25.212757322435145,28.075350929172554,26.986154996571685,26.03803089441145
31.357188434618052,31.263175935747128,31.360864271958,23.44318381958069,22.00584955254603,30.60271906581701,25.21600489551882,28.076155149357056,26.98731893374155,26.037446168269057
31.357664488484183,31.263313864345015,31.361433970915368,23.432035801964,22.004105015552426,30.60282128419544,25.21944865387286,28.077283355388264,26.98764219339377,26.037190469163765
31.35784684224802,31.2639223631912,31.36185818470713,23.42109038256418,22.00251903096631,30.602073149202305,25.222462878647004,28.077518848732467,26.98867297335775,26.038259723683236
31.358607701920697,31.264652672668976,31.36214123894913,23.410846677434844,22.000853154036815,30.604453554972917,25.22537662773413,28.078485724572403,26.98947141764229,26.037359297778345
31.359309099848105,31.265547164087764,31.362447524617263,23.40031907677799,21.999908215437003,30.603180349403623,25.228523172629057,28.07844491147735,26.989636754304843,26.038036231524814
31.359726340501318,31.264805754679674,31.36260476000796,23.389820701820447,21.99910855091664,30.602609574226804,25.231631373646604,28.080800896849173,26.990646989234662,26.039541361662927
31.36021377372562,31.26555540273781,31.363015581552666,23.379789393290938,21.998263458928808,30.60354966227308,25.235121637779898,28.08056111377676,26.991813347478384,26.0371649023977
31.36088834647068,31.26557543955056,31.363262336189273,23.37040768166759,21.997144980957316,30.603659022841676,25.238156008541285,28.080435656460004,26.9916343573016,26.038067959708503
31.360935223092348,31.265046683455232,31.363813115417045,23.360981986336142,21.996128632684957,30.603775239230973,25.241209584127503,28.082222923870106,26.992856973906886,26.0390062567037
31.361485911573702,31.265704314254634,31.36424121701407,23.350879299068094,21.995366303833066,30.605575795730083,25.24454418077616,28.081573534968758,26.993088504774363,26.037451488921427
31.361695541038888,31.265915162343948,31.364592260159863,23.341456693380355,21.994472326372208,30.605307006019483,25.24818676009469,28.08342026364339,26.99364399282156,26.03818680863395
31.362013801842355,31.264889553198586,31.365868859259336,23.332349744827468,21.993231068537877,30.605930393572827,25.25141288449901,28.08321061829811,26.994720057583784,26.03918435590209
31.361678572857464,31.26621034289873,31.365824160072123,23.32352982958671,21.991797339338905,30.60650958452618,25.254054547183358,28.08407836768403,26.99496839777818,26.03873816245896
31.362437770672862,31.265424190891522,31.367094720421406,23.31446787622207,21.990162429193553,30.60655889587567,25.25713003548048,28.085386997670277,26.996208668409043,26.0396898861916
31.362772060157443,31.26571228706872,31.367674882788993,23.305744684798956,21.989582305095205,30.607193612166203,25.26023374691256,28.085866908936165,26.995684072248004,26.03945495358646
31.362922285943313,31.26620357079014,31.36790852517101,23.2970943946386,21.989233248952473,30.608561848743395,25.26354930100048,28.086765922117273,26.996827131966484,26.039798157876742
31.363566468552094,31.266241485262643,31.368438735412116,23.28909638961513,21.989045956671024,30.608026929037617,25.267156300529695,28.087197206232318,26.997148921258646,26.040390580614797
31.36416379724984,31.266604247377213,31.368855154976384,23.28131899685662,21.988360945018787,30.608775533833395,25.27063062612811,28.089022185738507,26.99782002343571,26.04082425724238
31.36513285645616,31.266172361764642,31.36981621393585,23.274044049016812,21.987340711218803,30.610274157916475,25.273099604529918,28.08906892290522,26.997912009915325,26.04130762215288
31.36554709307613,31.26626755308669,31.370313146499708,23.267121847328028,21.986578522169367,30.61013074298163,25.276135063092898,28.089226476425996,26.9984924577885,26.041322054771094
31.36616899370281,31.267006229935458,31.370532032549328,23.259971122405254,21.986824067725927,30.61110910200402,25.279651292144734,28.091217225723632,26.998890842159536,26.042270935316388
31.367196804693624,31.267381774091767,31.3710065188053,23.25301248056098,21.98652926103381,30.612354861146432,25.282820661266502,28.091629970001783,26.999267134408708,26.042844097603137
31.367371430064676,31.26783319961659,31.371603560908103,23.245809684102284,21.985748410837623,30.613082437037463,25.285627744714475,28.091015708559667,26.999584964979626,26.04329090585352
31.367904028254763,31.268188089574185,31.371909220305128,23.23836794811132,21.984558830304934,30.61414939685988,25.288605689385495,28.09395495693735,27.00035840644787,26.043494360439468
31.368508931056034,31.268615971367314,31.372849890206318,23.230819732420276,21.98423231495985,30.615933913143373,25.291366928308314,28.09162675898103,27.00114556079996,26.043909521460304
31.369089133797452,31.268603331609775,31.373186591646952,23.224615658825066,21.98398675002266,30.615484418684794,25.29441191912685,28.09282126475548,27.002418040115185,26.043482610334827
31.36903320130967,31.26898606415081,31.373639893860457,23.218220624545186,21.9837036877219,30.617329141535432,25.297327737899728,28.09423568723406,27.00199884418658,26.045396915895882
31.369879535932952,31.2699813985637,31.374097777318326,23.21240064082596,21.98348730101635,30.61749889947201,25.299978187692417,28.0944976772965,27.002790483700274,26.044260651711703
31.370282867273648,31.27008867364255,31.374991541116092,23.206625644345756,21.98378598462417,30.618502991976037,25.302492322941394,28.094838605592592,27.003356325637288,26.045461943488544
31.370807826796543,31.270502545228744,31.37571492094615,23.200405034989227,21.98357487406884,30.618832024707203,25.305358970176673,28.095320458192198,27.004157280515418,26.044744514435063
31.371267616230682,31.271440101616225,31.376401310953646,23.195435766297678,21.983182141750397,30.619241649207233,25.309057379982832,28.09705197375207,27.004693366471976,26.04513997573919
31.371705400787224,31.272340421964017,31.3769061755482,23.18960837461431,21.98292784509333,30.61996878761387,25.313389058750317,28.093605248296562,27.00536367347585,26.04566573271971
31.372347003863624,31.272676581665017,31.377188386338858,23.184193143427958,21.982964929661275,30.6193261645259,25.316506555890438,28.091997976248795,27.00529932547202,26.04614881098161
31.372791426757583,31.27342451572977,31.37742237952425,23.17876219734441,21.983434954268745,30.62108536646091,25.318681514980256,28.095096814318147,27.006005222511114,26.045839430443586
31.37324582027299,31.27461373901694,31.3787406056424,23.173589482545815,21.983669594253573,30.620215988908328,25.321123161422445,28.094198907596066,27.007176567284525,26.046338019146624
31.373367223766344,31.27514277943076,31.378953954062023,23.169575409773625,21.983355011655746,30.622050938011938,25.324443907123623,28.092726229654374,27.00764237041293,26.046704389082525
31.373901993050133,31.275683055257517,31.379379854888555,23.1645396790546,21.98285679883469,30.622031449153862,25.327444142780028,28.092243681399726,27.008186890071837,26.045915871388768
31.374015306228905,31.27622272696792,31.379442608052695,23.159761169112816,21.982781308841773,30.621370339029376,25.330331613911085,28.089920123780644,27.008796187405938,26.047522854126235
31.37489460364501,31.277201050317878,31.380006301499186,23.155576278739378,21.983454364777288,30.622598876338166,25.333099703760894,28.084519480616663,27.00966644632207,26.047516950311383
31.374968711917916,31.278111346589313,31.380149360562484,23.151271222398336,21.9840614599392,30.620993819317974,25.336027158363734,28.085605585450022,27.010456120332208,26.04735195528815
31.375377880384136,31.278243118353608,31.380719532828497,23.146784444559184,21.9840949841254,30.620892209468437,25.339655983305015,28.076407717847186,27.01144917645999,26.048001023049423
31.37656061862382,31.279062503231888,31.381387532440645,23.143070161922267,21.9840296148274,30.62242732879173,25.342900309827275,28.05426377205597,27.012017345880732,26.048480876971354
31.3766653348523,31.279672919490853,31.381356537947475,23.13934366048777,21.984217328732765,30.622662991450703,25.34588195999799,27.99853556629418,27.012916495736235,26.047694414384708
31.377381235139786,31.28012505283438,31.381855434668484,23.13624354870627,21.984734365177367,30.623197988003316,25.348736710284467,27.906229999310437,27.01318340818628,26.04999185436521
31.37824625219435,31.280436156039425,31.381908478606704,23.133200172185898,21.98517741467942,30.624322174189892,25.350851062343494,27.819766731220025,27.013538429768836,26.04869078932149
31.37828363424144,31.281486690290006,31.382093868713817,23.12991519750216,21.985607632258912,30.62414843163408,25.353621271819943,27.694843186334698,27.01463357796427,26.04937830412073
31.379320779102393,31.282236189384392,31.381552653737245,23.12661619047858,21.98591144958241,30.62401170940945,25.35695329058523,27.562788712929592,27.01509164997755,26.049439919217154
31.37997614919412,31.283053011978467,31.3814975020642,23.124031877929838,21.986591319504846,30.62469017372959,25.360353831860508,27.42972075496798,27.01397352901108,26.049202625658015
31.380336589097837,31.283506911357172,31.382497730757947,23.121444308817182,21.987156283339484,30.624876601776833,25.36309644600752,27.2931328435743,27.01492218864609,26.049565627338772
31.38062509883796,31.28400617097794,31.381760305310085,23.11881162064188,21.987944999255063,30.625915505538003,25.36615926625343,27.154451957154564,27.01403786377378,26.049126762068152
31.381046687218674,31.284777515615332,31.381526042771757,23.11575895011594,21.98869341700448,30.626420734675857,25.369571219783943,27.016338254850897,27.0141706086278,26.049260797250838
31.380392096083142,31.285647536744715,31.38158996059814,23.114496018704664,21.98951295002175,30.626448905503764,25.372195933728023,26.877723675457354,27.015758170441476,26.050224152397075
31.381174040416813,31.286056139210622,31.381775336217107,23.111304032277886,21.990076793838846,30.627669346983808,25.3748269347416,26.7405016783481,27.0145783066291,26.05039855702916
31.380942178036936,31.2871391914061,31.380811065736417,23.10913460483546,21.99031929752721,30.62721410813472,25.377716882221467,26.62076474583648,27.012992820831613,26.04990823577166
31.380864312568534,31.28767702359233,31.381187829185425,23.106590966169506,21.99053148736666,30.62841748571204,25.380902675325423,26.52086296561837,27.015686399864105,26.050736794333922
31.38193502491964,31.288791209779482,31.381411128375923,23.103693146327927,21.99115197092476,30.629895888155588,25.383958051757798,26.418885698164893,27.014954845850887,26.051152100696235
31.382042287673272,31.288974719920596,31.38160548625201,23.10171473203324,21.992516990589245,30.629205060518157,25.387288980327455,26.319146297484636,27.013825145469852,26.050499692418008
31.381603353038553,31.289800110239323,31.38175662109031,23.099836838540384,21.993675577747535,30.630657716726436,25.39063766453106,26.222393089057224,27.016372065857766,26.051372740776927
31.38244615355066,31.289715044688112,31.3824023015478,23.098007879640143,21.994963559882116,30.63139123604975,25.39430673315251,26.121997457161648,27.01461796086948,26.05116292026166
31.382745100687323,31.291012710375078,31.382949547416622,23.097404946504454,21.99590999332969,30.63146832818123,25.397106178855484,26.022265462805336,27.013507315574948,26.051403589299923
31.38265582091618,31.290616555936836,31.383360986593914,23.096005807759354,21.9966715987932,30.633546482523265,25.399195137767045,25.932095959151667,27.016549854755464,26.05236219960024
31.38280558963509,31.290279293586835,31.3839771885459,23.09409236688282,21.997555970676608,30.633522175692676,25.402202074248166,25.85106212255086,27.01581561158254,26.051371048337657
31.383233164381267,31.290736002979557,31.383809934204066,23.09285438567222,21.99853398575321,30.634292132754304,25.40549876037541,25.76350247230949,27.014310081513052,26.051969425666087
31.383322799411822,31.289546677651163,31.384658579668013,23.09218024857816,21.99953265446959,30.635906794248797,25.40820933562731,25.67576434754749,27.016619930766524,26.05266821175446
31.38383062595598,31.288717185387593,31.385072838227224,23.091248327106207,22.000268161108806,30.6360378155722,25.410784171669206,25.596013372569438,27.015904961325216,26.052006717352377
31.384417950924544,31.28410894461663,31.385398161092134,23.091334955592657,22.001390026825156,30.637923436029272,25.4146526449328,25.519914884453733,27.01495902915773,26.053197895808104
31.385320962424235,31.266678101190806,31.385755052199258,23.09091379432941,22.00258387959044,30.637887291001583,25.41735946083805,25.446435042720772,27.01601898579397,26.052435426479413
31.385806001370753,31.246108054156906,31.386349815212196,23.090347874202553,22.00357784775491,30.63857274133731,25.419222091641913,25.37499471036702,27.015516255643206,26.053418551210136
31.385498597547958,31.16640893396506,31.386493227003108,23.090682442909998,22.004735205310805,30.63954678287088,25.421854167827597,25.304403126050445,27.015302383291612,26.05429209501029
31.386096913705984,31.05916930503372,31.38752983975181,23.090807634559482,22.00591486817441,30.64009609590951,25.42555636498122,25.237014120360122,27.01716341562001,26.053538512208174
31.38616014743995,30.929506419332977,31.387378573746645,23.090518823409155,22.006712913630793,30.641260062931433,25.428381098792624,25.172385561585777,27.01505602185343,26.054604769039162
31.386490648144303,30.76446301772719,31.387695725115364,23.090654277213453,22.008058449152937,30.640991704873137,25.430388339196437,25.109479508817387,27.015581219433678,26.054769400255104
31.386917452331904,30.579022896174486,31.388402828106507,23.09108425063304,22.009127631657407,30.64211662124029,25.43309376692644,25.045121869827614,27.016558059163557,26.054532734340814
31.386901515734117,30.411783073038755,31.38918082213515,23.09166866855302,22.010059237719787,30.643052135981637,25.436732288109624,24.98253553110316,27.016745878351923,26.055093089385206
31.387033837832877,30.26860138259645,31.389060010613917,23.091942378237395,22.011446997976908,30.643644008262598,25.439698776197307,24.921289563012937,27.01652303251038,26.05497059529835
31.387607059196114,30.135900946209922,31.38917567130097,23.091922796487545,22.013321712861508,30.644818263604847,25.442002875378616,24.86315858905558,27.016059091769193,26.054533054271396
31.387959370155386,30.001580521065083,31.389616503698434,23.09339442218947,22.01482445060107,30.64610682554434,25.444194615814627,24.80581445769353,27.016890237484358,26.057277278414396
31.387922718889655,29.873842719653613,31.389968842484027,23.095125002615315,22.015828901445204,30.646124747083483,25.447362426495403,24.74848134522567,27.015999428585946,26.05520952631903
31.388463584296353,29.743649626453337,31.39016667016914,23.09631935731157,22.016858122923225,30.64625823892601,25.450208550215283,24.691608975940355,27.01575998138789,26.055705787565266
31.388587880443115,29.60673907657204,31.390546643908387,23.097441585310037,22.01849095246486,30.647415112900983,25.452468164567883,24.635605005581755,27.01838343607324,26.056718989194398
31.38892540384917,29.466241319950434,31.3910655107713,23.098085273471966,22.019848338136487,30.64844682624393,25.45525578609554,24.580752931588215,27.01629712416728,26.055724225751632
31.389840153641273,29.334541786311945,31.3914412594768,23.099226480029294,22.020851138677088,30.649384981869183,25.458623170250156,24.527639867891246,27.016308544790483,26.05602896346496
31.390484127295643,29.209590423085206,31.39182489677551,23.100524793268427,22.022778072361618,30.650371516890278,25.46179770207175,24.476072576229484,27.01793420359848,26.056018520676915
31.39099832773079,29.088590491639806,31.391773171392238,23.101705833960292,22.024824916314508,30.651384531111063,25.464632393183134,24.425170186249318,27.017013785465824,26.05585638422017
31.391290409944524,28.96590548089129,31.39210750926905,23.10340746268514,22.02577934345955,30.65286910468327,25.466472717936853,24.37611250594255,27.016928409407587,26.055045761846497
31.39056426426665,28.839888828836887,31.392773650874922,23.106270812736263,22.02642979893018,30.652372342743107,25.469264181015248,24.327992459216667,27.018654628913453,26.056939274849007
31.39125609099738,28.71769752906673,31.392583999126693,23.108298276886885,22.02808854954563,30.653570447331475,25.472840800107118,24.280876772920735,27.01662565804351,26.055520768542465
31.391083383003707,28.597671704031875,31.393279670719064,23.109807445538095,22.029994803811974,30.654913110840326,25.475873329965438,24.234185415001477,27.016119926769523,26.05593723719838
31.390847598946998,28.479922532621252,31.393181633787563,23.111891722800397,22.03145695745914,30.65413216804908,25.478459889930292,24.187508688273578,27.018987380074925,26.055912659303566
31.391028470901855,28.362955002470617,31.394456805825786,23.114658389970884,22.03274708910739,30.65605361743209,25.480410173866037,24.14061844527778,27.018064929768126,26.056900681227514
31.391257311949392,28.248775720929235,31.394476448626826,23.117315349565523,22.034550268118537,30.656675586952993,25.482485949191616,24.094258828708575,27.017206043489107,26.055179092023995
31.39218473176092,28.136853497744756,31.395105954822533,23.120290250377703,22.036315167532013,30.65563228669121,25.485248298471088,24.049550653471407,27.019037849369475,26.056198830424783
31.39279670644706,28.03006159896968,31.394738207587526,23.12206443893494,22.03769738117733,30.657032819221165,25.489056038356406,24.0056264858248,27.01850095142283,26.056859077175414
31.39297960490941,27.925472274487113,31.39630802493826,23.124163311795456,22.039253854174845,30.657895259018815,25.49194970525653,23.96271138044934,27.0183219918582,26.05578469802335
31.393572441996124,27.82141317269224,31.396016186218176,23.127143631117725,22.040709741258667,30.65854544178952,25.494249998375913,23.920282843199658,27.019079911026257,26.05745866940496
31.394356180193988,27.716382912209568,31.396284274907718,23.13023503126216,22.04252685248094,30.659273566385714,25.496649828392037,23.878464149783042,27.020271862069038,26.05742395046559
31.394976134607443,27.61114161540194,31.397838056921135,23.13390221275011,22.044443755520632,30.66032815002364,25.499455488285925,23.837407668015594,27.019834647980442,26.05658638877669
31.39539268437364,27.510048927655035,31.39735201586063,23.13696967941151,22.045849581536284,30.660324462117945,25.502378572104206,23.79762066666935,27.019689541223627,26.058744088591904
31.395928634843344,27.41122867557162,31.39763785553248,23.140029762758843,22.047362564801126,30.660007642982826,25.504524860924043,23.75798800319005,27.02165806556654,26.057854204814788
31.39653711271818,27.312526487560454,31.398671160513647,23.14434183975752,22.048835111976732,30.661707500377243,25.507268965173946,23.71912744887716,27.02069166002334,26.05840856790799
31.397081851532867,27.215291577971804,31.398913706731232,23.148656262981785,22.050642755289317,30.66222591004528,25.510297616361864,23.68005085635485,27.020301647213042,26.058826394887276
31.39693055936132,27.119866679118736,31.39869993094081,23.15264125420051,22.052912136663963,30.663141066172663,25.513363753007262,23.640907582034036,27.023136759581682,26.057994996854255
31.397599848135634,27.02676235648284,31.399604932261948,23.156554112353056,22.054964891757805,30.665021737503597,25.51606338151322,23.60270734622629,27.021883081956908,26.0594553251177
31.39731896489998,26.938221609572047,31.400306968289733,23.15937892115273,22.0566475134858,30.664977362650024,25.518753508994514,23.565950305569405,27.02189255515394,26.05880440485205
31.397885307458274,26.850409651064503,31.40070514514457,23.163186665372145,22.0582668147245,30.66614182694321,25.521421498875554,23.53024264663469,27.023476931858085,26.05945473194805
31.398380393219142,26.7626356359153,31.401349535897563,23.16769418579392,22.06053444881337,30.667192974719462,25.524568523385383,23.49574886681301,27.02244418007732,26.059972198699725
31.398806678618204,26.67577000344414,31.401950044796276,23.171088464668024,22.0627615856614,30.667508814966567,25.52767982589593,23.46100873990042,27.02289806493369,26.059798752344868
31.399044665978842,26.589776919184946,31.402940575923317,23.174455024997258,22.06461114210207,30.669536144185532,25.53016094126675,23.42628388216701,27.02474572248348,26.06083756328306
31.39954187482244,26.507173484255695,31.403096049674435,23.17881141018551,22.066167904183338,30.669533921431366,25.53266958129879,23.39118449618279,27.023516561631595,26.06026129239643
31.400172730280556,26.428612060237484,31.4039904485972,23.183248137335156,22.068136920173096,30.67116496803704,25.536024012218974,23.356759032940108,27.024130653551314,26.061399383334805
31.40032463536039,26.353050453181336,31.40397936580753,23.187749272983858,22.070722395775224,30.672572083254103,25.539282008229453,23.323368225731606,27.024781628853876,26.062065807149374
31.4005395827612,26.277450541237215,31.404604813275597,23.192616701934142,22.07312281711044,30.672708340717545,25.54205728468739,23.290974208078325,27.02529668967809,26.06182813686472
31.401423484059848,26.200626767042465,31.404937507092416,23.196990494696642,22.075353446831116,30.673264579300902,25.54495673761769,23.25943653537754,27.026008477253495,26.06236311588186
31.401477298835548,26.122966735192577,31.405291624366917,23.201988468067057,22.07692978212473,30.67466654877684,25.547339051254404,23.228690185863083,27.026463259690576,26.062901067854213
31.402018326681258,26.04719881021544,31.406039621148125,23.208169410740503,22.07867435164737,30.674300020199574,25.5499620130213,23.197806010072256,27.027194807473567,26.062718685498098
31.40248215749175,25.974233943030413,31.40655440657923,23.213502414635965,22.080667455723358,30.67617018916942,25.55234093707952,23.16745548979659,27.027351507814046,26.064248459661748
31.402344350211298,25.90415653702252,31.40692463047874,23.218008619407463,22.08275762981053,30.677395053112726,25.555398592064066,23.137643321074044,27.028215663382454,26.062480337993513
31.403393655222324,25.83604241410785,31.407602427415288,23.222386195362592,22.0842874021416,30.677097380063362,25.55891718963414,23.10857100592186,27.02905932990633,26.063536553443992
31.403936667496136,25.76880167773592,31.40787357423655,23.22717202013657,22.0862967839127,30.679610241664726,25.560739543836295,23.080243105859367,27.028596386738414,26.064955421283152
31.404483454462827,25.702593755418324,31.408867104045687,23.23268408250423,22.089547461879366,30.678816645796587,25.56221961630836,23.05274236439694,27.029999477384294,26.06309903350294
31.404860485461597,25.637225421653493,31.40860293640611,23.238580722477657,22.091843037986962,30.680127273303928,25.56504117881233,23.026087066783386,27.031326720672023,26.06378890266128
31.40505570171335,25.574545537460605,31.40924872150506,23.244083504913952,22.093072323513244,30.680669969378688,25.56858075006228,22.999923364803678,27.031411662492904,26.064760283028114
31.405599064967078,25.51390740424484,31.409998977185897,23.24969618636507,22.094805744126514,30.680659876940553,25.571727182354593,22.972779002978246,27.032071858664636,26.06369375812827
31.40607506628976,25.455610757627163,31.409661539294113,23.256097505909764,22.096982406077636,30.681972422984714,25.573926356892823,22.9466002271144,27.032861802967126,26.065242935134563
31.4061381861768,25.397571139382272,31.410480649446583,23.26277326121016,22.098805229670813,30.682384706417587,25.57639716455666,22.92102684089827,27.033342562439685,26.06465631557278
31.40678561471809,25.33954500975115,31.410187333982687,23.268595857205902,22.10106220688006,30.682674330700486,25.57931854676103,22.89556457734696,27.034672506124675,26.06476282488552
31.40672430486404,25.28232000177136,31.410875974520774,23.27375990576963,22.103804698660483,30.683236809832394,25.581607434031945,22.871259098508354,27.034612691622044,26.066188115993974
31.406776161661526,25.22609992241847,31.41067849137604,23.279640048604904,22.106433043537525,30.684638915122818,25.584462932860493,22.846835387478617,27.0356791579852,26.066051207374915
31.407267662060274,25.170681633887135,31.41082504905732,23.285681849143096,22.108566252845094,30.68361300085261,25.587101364804255,22.823241716015595,27.03671966891944,26.065386387303864
31.40778882490601,25.118171769018073,31.411291151207806,23.292000394693705,22.11082380960077,30.685265801909086,25.589694851250698,22.800481155749214,27.03644916945116,26.066207880558796
31.408097918041875,25.067823541853098,31.411044521560964,23.297807042106925,22.113449467260278,30.686688846452142,25.59284787833219,22.778823323829126,27.037913991105228,26.066682031338946
31.409323014279558,25.017639164763725,31.411744211304466,23.303331435766694,22.115722146745064,30.68624097490227,25.595221118176745,22.756831860200542,27.037461508596977,26.066956451127684
31.40920731307301,24.96920869599551,31.41242059348775,23.309812214643337,22.117516072932588,30.687581550296997,25.597627985232087,22.73491214413371,27.03879843594512,26.06758154555749
31.409777346040336,24.921532880644786,31.41189736077915,23.316073447286946,22.120278246830104,30.68891477900558,25.60040249438005,22.71340405750117,27.039394997692252,26.067575721881852
31.409828326268663,24.87479947980582,31.413219591123173,23.321835548027426,22.123412772814888,30.68820582014585,25.603009999529323,22.692337798769135,27.039310661093637,26.067039112031864
31.4102941828162,24.82781660960997,31.413369102786177,23.327162876650807,22.12552472663078,30.689454380692016,25.604816301673708,22.67216634601487,27.039806722003416,26.068036695923148
31.410675135052646,24.781530946735856,31.413916040208996,23.333068350631887,22.127457549519562,30.690245725983875,25.607047031502358,22.652818243098125,27.040988177536377,26.067302997519786
31.411159280518042,24.736453676982848,31.414128766082282,23.33976978036834,22.130017979742384,30.69002980567527,25.609366706444305,22.633702080225902,27.040494843487515,26.068276316064484
31.41101021992982,24.6919567207995,31.41460739774523,23.346026259370205,22.132617528982937,30.690864937019185,25.612003672508813,22.614090042392565,27.04165633434328,26.067996478845863
31.411873152414046,24.65003042793805,31.41460581132747,23.352653242761615,22.135086782941467,30.691791305942036,25.615539105699877,22.5942113838734,27.04164580092418,26.068565483986134
31.412212193120208,24.609245215958463,31.415161032430575,23.358847731666884,22.13740489729898,30.690754592848922,25.618136526028113,22.57542353255782,27.042754687256128,26.068445558178638
31.412027721913034,24.56866833742561,31.41575249886708,23.364963656146855,22.140195819031277,30.691740661650357,25.620412134121562,22.55769392197188,27.04349838685753,26.06887727163837
31.41264730136795,24.528755891288437,31.41586611545057,23.371726982922347,22.143050541003745,30.692279002932178,25.622926878540675,22.540883410518102,27.043775154353927,26.069442253020267
31.41256229792509,24.4891354006641,31.416214801936512,23.37809921602257,22.14575397305638,30.6919792814924,25.62594678721163,22.524008850212184,27.044347569072904,26.068936252033037
31.412766979279,24.450259036217716,31.4168840111596,23.38417470390067,22.148202978270533,30.693838273887003,25.62939851381917,22.507025654451066,27.043925680539786,26.06981899525206
31.41292955296715,24.41260419071834,31.417219566360217,23.391455941646903,22.150987900750657,30.694288378690125,25.63065821778748,22.49006670886215,27.045439820577705,26.070675817602833
31.4126816766383,24.376142294082193,31.417875630334386,23.397880791457425,22.153861783086523,30.694320687869798,25.632250513597516,22.473670298629095,27.045829705683474,26.069747921531583
31.41305241602231,24.34016881272113,31.418160227565693,23.404894654530963,22.156660667502482,30.694625361370704,25.634753545119118,22.457389231079553,27.045630668188693,26.070904044316208
31.413618361929608,24.30441457843444,31.417830716517074,23.412494788733547,22.159322019833137,30.695798678039445,25.637159978425007,22.442596285389158,27.047000711030424,26.071596191893626
31.41422846981972,24.26910186543068,31.418613783816255,23.418703096597923,22.16261095420295,30.6957004983961,25.64032069807309,22.427953768907948,27.046664948049273,26.071056123011225
31.414675039794446,24.234534802812796,31.418916387275058,23.42449918191555,22.16542762903525,30.69711019780556,25.641805398537294,22.4137425656105,27.048326737313925,26.07259678563087
31.415023185390435,24.201237603280102,31.419380829931317,23.431714464731588,22.167658312271016,30.697655009523352,25.644864596759103,22.39931220010623,27.04737754505612,26.072498074726127
31.415345670447792,24.168931913240034,31.42021362848334,23.438747600706897,22.17032373695765,30.69783897981435,25.647902133866687,22.385683175222766,27.047956942377205,26.072206872268204
31.415748097139982,24.137091175102686,31.42071572721953,23.44456229487045,22.173274725616746,30.699246508468292,25.65000431199076,22.371821058064945,27.047344258005907,26.073951205372495
31.41588718739567,24.10494323582668,31.421478789296494,23.4515757350985,22.176495101519066,30.699876491661605,25.65224322304085,22.357612571897107,27.04830822435369,26.07384052358953
31.416943104244957,24.07336859777091,31.421628380769306,23.458870490453645,22.178607423898473,30.699989992660512,25.6551524875255,22.344143008269555,27.046938072401417,26.0741268811829
31.41726642392964,24.042715326189818,31.42268334249502,23.465096092892725,22.181239169564982,30.700527643158786,25.658008040552097,22.330950331269182,27.046208626826946,26.0756338874753
31.417481895855786,24.013070355571756,31.4229502051749,23.47092736078663,22.184413075313458,30.701759534110458,25.659873990879284,22.318815364219873,27.045525718513353,26.075377750091345
31.418106023443478,23.98404477329106,31.42360216742974,23.477978147390587,22.187276111437324,30.70171895639367,25.662065475097386,22.3070010753899,27.039766714804074,26.07600533775839
31.418647591959534,23.955036286993913,31.423606831857253,23.4851013622135,22.189738027622752,30.7022594988978,25.66484596630589,22.295318627825637,27.04074045699533,26.076272113393234
31.418700981883507,23.92549415890945,31.424068291101165,23.491925691192282,22.193261985960184,30.702991427408296,25.66790305106537,22.283154175229278,27.02580002075131,26.07735302211656
31.41912208673848,23.897548479502223,31.424287999427474,23.49880542731228,22.196888155881858,30.70352171114071,25.670530978608515,22.27080541026617,27.00408300706947,26.076669094467718
31.419821792715872,23.87104001892913,31.42454835834496,23.506492771639763,22.19974186870925,30.704931437569197,25.67368346309251,22.258492797320947,26.956427234493514,26.078340253797755
31.419050834503995,23.84595309325483,31.424056210226734,23.513319809029063,22.20329185119066,30.705820993454918,25.67680942679715,22.246912028884868,26.877682091026067,26.078296039708118
31.419384059284496,23.820418912265282,31.42458870450608,23.520622066862966,22.206474494002837,30.70654304601268,25.67906108922727,22.23665353491083,26.798185521702603,26.07797757382713
31.419412883135365,23.79428085876117,31.423981090768002,23.52829160102695,22.208870164265004,30.707745171438987,25.680916149548022,22.226724415852424,26.721899071180374,26.078843784929454
31.41950150261942,23.767980418015444,31.424676245186273,23.535652943733616,22.212048963110306,30.70824915338617,25.683198438093207,22.216209126429586,26.645292198826823,26.07977499311273
31.419607168005918,23.74182946825512,31.42504693131029,23.542523684337002,22.214987111825568,30.709545505514242,25.685519697549964,22.205956020908232,26.564275185901014,26.079326943934284
31.419847722592355,23.71758880922207,31.425825149410937,23.55010133061766,22.21755448158687,30.710891192586057,25.688131213475227,22.195382464761558,26.49913626155292,26.080257208163165
31.420014367233563,23.693923574678042,31.42549494283381,23.557307133862437,22.22051128721685,30.71043712108182,25.69076116724347,22.185028130699607,26.42902212494182,26.08107345958366
31.420738292801467,23.670859611205664,31.425764296555627,23.564084256092084,22.22375990093417,30.71106669612538,25.693770305253466,22.175231492679885,26.361929274959245,26.0799519115511
31.421407324634952,23.647961222793032,31.426060166941454,23.571127330476926,22.22702506229503,30.712946320570467,25.6964451276677,22.16580586894336,26.295155253363944,26.08172520686411
31.421437229330913,23.624509309968747,31.426555690071766,23.57837823767045,22.230172135616826,30.712313782434816,25.6987388436349,22.156881492324146,26.227888586777766,26.081599468908955
31.422027974084934,23.601488423981397,31.426932654486073,23.5864548079426,22.23314122220585,30.713615702942914,25.702004756081,22.148135244471835,26.16142636453801,26.08132628802216
31.422584271202837,23.580078349328126,31.426208735892317,23.593532765524103,22.23606567486901,30.712184322692156,25.70485492770561,22.138912879540182,26.097034616343464,26.082923135070885
31.42289961316444,23.559366355731527,31.42626882834065,23.599616593273748,22.239026500294564,30.712664322095247,25.70619156924299,22.12997171771637,26.034838862163078,26.082750089753446
31.423510819796732,23.53894314708828,31.426830285346732,23.606047808426478,22.242117859845276,30.710309113484335,25.70774509402586,22.12139393482543,25.970447129653817,26.083333859459845
31.424217101670177,23.51870864432957,31.42702414130584,23.613106728678854,22.245112577980237,30.711456058117435,25.710925065830818,22.11324276797997,25.906718673737736,26.08407940798847
31.424505745639934,23.49794865021403,31.427348042499936,23.620908488517152,22.24887969535689,30.70866395537741,25.714371788439543,22.105105476531183,25.845706584313113,26.08311216254567
31.424615124451343,23.477176757125797,31.427649924444445,23.628152438907286,22.252324342361955,30.70732849420535,25.716673624734028,22.097404168260233,25.78649021936011,26.083603941741757
31.424633125828443,23.457044640872287,31.42820479837761,23.634003294498193,22.255407436184022,30.708076278941057,25.718520002723977,22.08951581009574,25.72635809391601,26.084307765038538
31.424811660919936,23.437962356555527,31.42793619662602,23.640570691570694,22.25911161182691,30.705602594996073,25.721289368590604,22.081295352865503,25.666631495158008,26.08485581598829
31.42517802191989,23.418836423602826,31.428567889519243,23.647868105338357,22.26201975719194,30.704061354871843,25.724810574570533,22.07331864208186,25.60907015577235,26.08503601134565
31.42535126422054,23.400118736116408,31.428955232685855,23.654472969952817,22.26449062051521,30.70410953821643,25.727541369941882,22.065537712474146,25.552818880217142,26.085709759092786
31.426055889526964,23.381869980240015,31.429249584007877,23.661299370491765,22.267558147859717,30.703377251471252,25.728851763240197,22.058635448634163,25.496439026519614,26.086105701416685
31.426573254465616,23.363458969574825,31.42983077071937,23.668334835918948,22.271885882002703,30.702338985364822,25.730433762778393,22.0521494218179,25.440319269987192,26.08629281724304
31.426766385696858,23.346014929255887,31.429518220250074,23.67557189917394,22.275156215933777,30.702490458937977,25.733003637345174,22.045953167938844,25.38579554825317,26.086832450178786
31.427444060801598,23.32883856674139,31.42927781997909,23.683411712052443,22.277399311523,30.702731094247063,25.735833836953134,22.039442359637782,25.334083993619167,26.087128468070688
31.42805647081537,23.3117897875047,31.429848297288952,23.690976285949915,22.28034835113812,30.703124579277677,25.73831751420022,22.032700776000862,25.282917950365842,26.08691857294323
31.42848890864152,23.295236293114165,31.429550283642243,23.698135573180853,22.283671934217036,30.70253352127128,25.740595510929904,22.02567948169355,25.230592468281934,26.087943848167036
31.42901364157835,23.278638280662406,31.429736682138163,23.7050132454901,22.286845663456795,30.702531194042493,25.74288412639591,22.019185096735253,25.178548052622514,26.087825471522606
31.429432313717527,23.262585247436995,31.43033285526419,23.71253620630309,22.289955162387205,30.702743043933985,25.745717529308312,22.01282422165439,25.128507366116008,26.087721046073117
31.430048005930527,23.246765385875158,31.430416692505737,23.71967025280833,22.293623237528397,30.702405714475983,25.748427822157623,22.006438851840528,25.081010449577338,26.08929593341042
31.430493341685597,23.23138493287829,31.430817167722722,23.726035982974054,22.297273886579756,30.702473560622543,25.750782139440062,22.000102021637225,25.03401732485051,26.088118298193827
31.430462790242434,23.2160647423188,31.431062094128155,23.732972945852598,22.299864825341547,30.70325113544596,25.75321665240552,21.99409569350637,24.986358216740566,26.08881717172958
31.43075551431979,23.200235659398196,31.431537849098202,23.739655530133415,22.302862027352734,30.70377275749323,25.755331847202186,21.988463717715092,24.939622617896042,26.089545928402767
31.43109113706451,23.184982812912743,31.431515303798946,23.746886268836892,22.306319950517434,30.70425240386455,25.757271433002266,21.982869883664588,24.894074958894006,26.089405674034815
31.43150647351367,23.171158623442256,31.432040011863222,23.754544421312076,22.30958371819069,30.704325636704013,25.760167828779483,21.977951880742566,24.850688364979337,26.090130544880985
31.431991270695185,23.157451987554527,31.43201276869291,23.761805019634473,22.312822281606763,30.70525100015283,25.763668306384577,21.97285588961777,24.80815739361549,26.0907737458818
31.432401052828965,23.142804745337795,31.432851278562076,23.768702242465082,22.316880598591208,30.706051432057574,25.765409351075235,21.968499080267957,24.765355639013038,26.090480716899528
31.43309985452892,23.127914993661236,31.43349628629163,23.77609384425358,22.320540157244896,30.70639708452404,25.76696203573094,21.96349937659469,24.72300817501154,26.091405466275216
31.43370710855254,23.11426332149722,31.43385157779339,23.782969338791794,22.32313613111014,30.706918083508043,25.770055184242793,21.95844640882204,24.68138718182317,26.091450370487944
31.434085957973913,23.101571495301236,31.433611661568083,23.789851650759918,22.3260896381898,30.707929963532848,25.7727720991195,21.953446969099147,24.64123298368885,26.09218011839698
31.43395501533086,23.089196947166588,31.433526769959748,23.797098518440663,22.329823535857738,30.709064186492366,25.774868579555243,21.94819348317119,24.602283922893868,26.092279461376734
31.43484809842931,23.076458214838436,31.434127621877565,23.80384559136029,22.333214845125248,30.709264728744028,25.77733689230779,21.943482437406384,24.563579687046197,26.09287435311781
31.434325319194677,23.06346559531004,31.434261664131892,23.81126660108023,22.335741270072408,30.710595185360727,25.78015955329038,21.93938540231042,24.524691670488327,26.093505483760357
31.434816518571637,23.050508256882797,31.434619341586497,23.817986499158188,22.339117012269263,30.711314423433876,25.782770449696738,21.93554416096365,24.48547305711573,26.0936477410552
31.435648397106153,23.038272753268053,31.434954069815035,23.82493149186752,22.34280766758715,30.711916457651345,25.78429467254443,21.931941265112055,24.44772468912426,26.094310825942205
31.436180254437055,23.02636561281579,31.43485679810398,23.832347989028435,22.346264522709063,30.71299310181573,25.786916312008938,21.92806661644749,24.412166937043832,26.09405643844298
31.436586887892886,23.013868829161808,31.436133921828326,23.839326052652595,22.349327011090864,30.714012594723194,25.790279089768728,21.923799426199796,24.3773518831903,26.09597207888289
31.436919676448383,23.002009293315933,31.436423729532684,23.84653580373284,22.352780334249648,30.71450742818557,25.79227660156308,21.92005612479667,24.34170551748697,26.094230012726097
31.437104476493293,22.990459173945176,31.437056588051675,23.85370386847463,22.356270161393212,30.71534920498973,25.793626471344588,21.916220348686394,24.305758726266813,26.0951570923972
31.437887748185346,22.979020891052603,31.43736562787013,23.86054383336932,22.359551714303123,30.715938693785937,25.79550672061842,21.9128880273114,24.270385892549207,26.09593741743881
31.43812339590749,22.967748401602734,31.437680508669743,23.867187940563383,22.363022073737675,30.715861283107184,25.797859176131766,21.909321249061225,24.23601954076723,26.095621925018264
31.43810801886145,22.956727523715603,31.43790964379349,23.87399787662087,22.36689258450268,30.71685269605045,25.80028276343444,21.906019734910803,24.202795808620404,26.097367591527785
31.438835475183975,22.946268637544854,31.438305680835743,23.88149051879457,22.370753488215488,30.717860089580505,25.802331988823497,21.90309404145821,24.169675556497502,26.09515430857559
31.439309734293253,22.935881711697018,31.438257231913845,23.889026858469016,22.37411180350939,30.71731072442089,25.804507615451673,21.90020605596244,24.13754229052678,26.096399044553067
31.43935600254337,22.925700867158035,31.438556877320924,23.896325270575144,22.377312238203174,30.71922096517909,25.80689566140595,21.896985846639474,24.105974632533744,26.09708110393035
31.44003892389871,22.915249943576875,31.43875421757547,23.903300922750592,22.380872206272763,30.718939832219093,25.808488645838686,21.893430937197618,24.074669894617102,26.09518131664007
31.440386077262158,22.905072575117487,31.439055843943432,23.910313708796913,22.38408593211066,30.719991608717244,25.810458554515364,21.890593223575298,24.04366373836958,26.098016121593517
31.440681814915067,22.894881581298804,31.439897128871106,23.917655156511074,22.38713063397697,30.721039038073847,25.813565095860223,21.88785023690931,24.01294744310206,26.095154992067503
31.440685580552696,22.88481746899635,31.44063373339017,23.924916738992124,22.39141855599054,30.72091501577034,25.81580576469564,21.88546262583621,23.98295446326841,26.09580194037134
31.44121655279438,22.875731634385886,31.440523929873834,23.931695516656628,22.395695653370513,30.721947394042225,25.81758297543923,21.88337326306524,23.954188321081094,26.097239378896255
31.44141073892833,22.867087103327187,31.44102074822305,23.93902479987019,22.398488065810497,30.723200400244007,25.819800525191248,21.881252857652292,23.92599233908932,26.09586394625657
31.441910964428622,22.858401426426823,31.441647638963378,23.945407407544174,22.401556644074955,30.72371989845336,25.823441822895266,21.879441603573838,23.89771187911691,26.09713526043146
31.441723579304647,22.849831285754792,31.44195005562411,23.952205966412016,22.405134477153872,30.72440146935309,25.826387178505634,21.877185518868686,23.869388459750493,26.09655425533248
31.442177804716998,22.840817181783653,31.44250226336304,23.95951362582479,22.40814623598788,30.72652882810832,25.828395200613183,21.875047893263275,23.841115649313558,26.096221825702614
31.442522243338793,22.831854946775362,31.442662428121967,23.966362643693827,22.410492313397434,30.72654614444533,25.830280912937027,21.873231423369035,23.813290094009364,26.09680575404355
31.442796293064564,22.823054742916973,31.443771888315602,23.97370892018253,22.41377899406368,30.72774481032593,25.83273965570273,21.871549508607117,23.78656487960129,26.09639988191428
31.443414047760466,22.814459719826175,31.44418266348884,23.981089632056324,22.417911503768533,30.728616815385905,25.835481055587213,21.86961289170082,23.760866744886656,26.096627926668322
31.444095430596178,22.80582301108009,31.4447348620567,23.98802905990646,22.42117079528351,30.729812872472362,25.837986121313037,21.86822254935815,23.735386613568483,26.097040358315432
31.444618053685755,22.797564792529354,31.4450592666238,23.99434842262273,22.424149345257483,30.730819173271442,25.839978683160872,21.86665200554453,23.709910754947508,26.09765229136691
31.445098250118374,22.789949875574354,31.44547146613997,24.001680561711098,22.427701220628926,30.732633353461885,25.842019877176842,21.86501524006914,23.684324807112827,26.097376219667346
31.445187187666733,22.78238148982763,31.445921290903115,24.008682471714376,22.431701127502386,30.73260298880434,25.84410546509465,21.86371783424388,23.65923611673379,26.097911891910424
31.44550042414408,22.77475069980005,31.44643475751942,24.016046247209136,22.435043848121143,30.734066376512324,25.846466827906312,21.862669730493558,23.635192908206,26.097979609141486
31.446096892639304,22.76690452559364,31.44708049794302,24.02314300493326,22.437759374334757,30.735452438209684,25.849208159495085,21.86128911051091,23.611218236068332,26.09846837701184
31.446314020792045,22.759633828675646,31.447609428082906,24.02954087739936,22.440672291772362,30.73567629067091,25.85149654270453,21.860051150243763,23.58729928357822,26.098492279166514
31.447085749088657,22.75257804922402,31.447831366837722,24.03670307438235,22.444595531671073,30.738089332889768,25.853780448056085,21.85939332749703,23.563721524873067,26.099235617412187
31.447472599144355,22.74553775054045,31.44841999773967,24.04415330713458,22.448286986568803,30.7381428517648,25.856457494168797,21.858883094653585,23.540690776201355,26.099308377956763
31.447330934407365,22.738462908722497,31.449026992731547,24.051278542696956,22.451613686559103,30.73939844686835,25.85835888346256,21.858314988527496,23.518227534575754,26.099666928447533
31.44769567133116,22.73128320658058,31.45011013965053,24.058707769484634,22.454538407445597,30.739486824874763,25.860221243608375,21.85739855076723,23.49611057697501,26.099939064649785
31.448091661683662,22.724656816139955,31.45002308087523,24.06512461270684,22.457580010750597,30.740823212845896,25.863138761582967,21.856120109220743,23.474163929063373,26.100702192315506
31.4484003893984,22.71807562985316,31.450887605057197,24.072376947999675,22.46120564825808,30.740499558332143,25.865547944195256,21.855287173998313,23.45323913383089,26.09981547697677
31.449043734260655,22.711775041658658,31.450590250228476,24.080060830482562,22.46467741795555,30.74170550571878,25.86676727679548,21.854516414697688,23.432437590904755,26.101052502738774
31.448804737227043,22.705077013126008,31.451893016826418,24.085599639568194,22.468306235357133,30.742233326186252,25.86892302867073,21.85397607744557,23.41195823774559,26.10073261722263
31.449861589007647,22.69866807920092,31.452015318882186,24.092104034506555,22.47222033977755,30.741668669863227,25.87220975333944,21.853949821936943,23.391142437151245,26.100712924204256
31.450058550912132,22.69257825679311,31.451933793413552,24.098122445476385,22.475775980317387,30.743686753620523,25.87406159515771,21.85362461490864,23.3705432236098,26.10232954372097
31.450002908670726,22.686795962071564,31.452002274697442,24.104663227419934,22.479312995528172,30.743642908450603,25.875661076799105,21.85280598007236,23.349808718871266,26.10033666165448
31.450687716555088,22.681244926541773,31.45237046452489,24.111715525489288,22.48281314065638,30.744913952677674,25.87843545928983,21.85233573255732,23.329626640500273,26.10087704703785
31.45142512731445,22.67519183604555,31.451513920769237,24.11793663656805,22.4863382829737,30.745840884751928,25.88158339433059,21.85226173655095,23.309924536675155,26.102286818492438
31.45135802897559,22.669278831160575,31.45195922155164,24.124872133345463,22.489803421243302,30.74599098926374,25.88410862191672,21.852256393034622,23.290651607968176,26.101203398611702
31.451877788176965,22.663334372123003,31.451234482830863,24.13262076337256,22.493176499529458,30.74766876505035,25.886226211192845,21.852225925663376,23.2720645455379,26.1018468127375
31.45229105690551,22.657703745261657,31.451140583744987,24.13837300061997,22.49651133829135,30.748102260553104,25.888034421031904,21.85226499603472,23.253853095978563,26.101071203557495
31.45287651037126,22.652359003016265,31.4515829914663,24.14399645325508,22.500094364695578,30.748740711123325,25.890236813301687,21.852428693240658,23.235667895461596,26.101674894281874
31.45324952814514,22.647168963149674,31.451085434418772,24.15042015299325,22.504055831421276,30.749858742772552,25.892435555805214,21.852403085491435,23.217393399017332,26.10288860860482
31.452902318446114,22.64163481461192,31.45010333530337,24.15717220681053,22.508042439561606,30.74978610303023,25.894969994471438,21.852523649957057,23.1992652657228,26.101672178555543
31.453492362814846,22.636061983062135,31.44974751503352,24.163279257732313,22.512465904866772,30.750873493858336,25.89767395379864,21.852422863533466,23.1818211601418,26.102086178798785
31.4527720386329,22.631257641523575,31.45028669696355,24.170433161558883,22.516373826975492,30.7506191626676,25.899650395002528,21.852378410622634,23.16547952339593,26.102092950424264
31.45213552139845,22.626992962814498,31.449395535101573,24.17688098210329,22.519854739063817,30.75054212311988,25.901382836706336,21.852907271511256,23.149117451669934,26.102608519444637
31.450059795792136,22.62273579068657,31.449184462511695,24.182650731260402,22.523455363060595,30.75201466309217,25.903919496047966,21.853133530269414,23.131897430348417,26.102304357133296
31.44753043506574,22.61866621492313,31.449133838104167,24.18904859965826,22.52718028635308,30.751456651669187,25.90600917295998,21.85285747232622,23.114654402756486,26.10168402167018
31.438862852906233,22.614808695963305,31.449507006083618,24.195011449794322,22.531124590749076,30.751654411544717,25.907634846527664,21.853235589947275,23.09812753112564,26.102552356145765
31.40571402082052,22.61060354434937,31.449890216846793,24.200858000555495,22.535400640809957,30.75251315416925,25.909589995606748,21.854281234248983,23.08246906071773,26.102689591678892
31.37148303961572,22.60580801452878,31.449831571338432,24.207861444831494,22.538858340468735,30.75285501934291,25.912811637164864,21.855129826393235,23.066862787766908,26.101599437395578
31.298833596557177,22.601302916598335,31.44992709607188,24.215590275493195,22.542472122135642,30.75320327205393,25.915896297478632,21.85569964871259,23.05140061410424,26.102238912381686
31.23059199111558,22.596919205595803,31.44993352127431,24.22086613258456,22.54655165412896,30.753778436050773,25.91765543135238,21.856367319070525,23.035985376384396,26.102464205819377
31.07504784451657,22.59278606828131,31.450071547821143,24.227467472392124,22.55025491635333,30.754370768423577,25.91923021316946,21.857118853533144,23.020762345497985,26.101605707553578
30.939038824461193,22.589228251680026,31.450430159434415,24.23476380053865,22.55365832479849,30.75448991643681,25.92202629775374,21.857386246536116,23.00647071166672,26.102727292721326
30.805360784367302,22.585487903925404,31.449965716112654,24.239932081149554,22.55686780353968,30.755261443780853,25.924854966478925,21.857332400010527,22.99285591462184,26.102947795009996
30.687160036413704,22.58184316727307,31.449817543028743,24.245364684325608,22.560783821162445,30.755273524482604,25.926445865961405,21.857754394249866,22.979095658692525,26.102134877299523
30.568182652802683,22.577990345892843,31.450543740910405,24.251654415872103,22.56531552946462,30.756515965522382,25.928362142245327,21.859153449401695,22.964726562562994,26.104114811251684
30.455333054341743,22.574604083013075,31.450843374513276,24.2582818855618,22.56917706511924,30.75729127279915,25.930879283203684,21.86020793887449,22.950736247534635,26.103218331990576
30.342116027182318,22.57151910413437,31.450841740033052,24.264051401033132,22.57281127803025,30.75795492315088,25.933242591205094,21.861531071229212,22.937685330979832,26.103067089759744
30.226453419079217,22.56826666777425,31.451106618567145,24.270342052760615,22.576684519964143,30.75887915500411,25.93525509417276,21.86287241827526,22.924682588071,26.104418422322205
30.115954425205867,22.564958254621015,31.451270895098915,24.27724255988572,22.580264065212106,30.75978168271867,25.937279987439325,21.863796194407975,22.91062311521983,26.10340641028866
30.001314765826905,22.56189178305084,31.451934567031916,24.28392568458813,22.583393746981997,30.760585099049425,25.939625694689866,21.86468383088778,22.896300567452514,26.10441398989295
29.885062838612466,22.55870350519826,31.45208828075066,24.29044387367096,22.58686891236359,30.762252644261174,25.942534784656203,21.86558302879487,22.883249610378023,26.105005995074826
29.771112809939005,22.556140467013964,31.452899183064204,24.29770767935873,22.590639666071812,30.762062775762715,25.945036431649896,21.866887348309913,22.871126685759542,26.10522342464005
29.661621336847453,22.55314250018472,31.453336138504472,24.304728028141376,22.59533928219774,30.76353924200643,25.946648776930118,21.86777917974218,22.859421496927958,26.105143712614712
29.544115633984454,22.550156626243513,31.454146846964747,24.31029110711517,22.59974610478873,30.764123214945847,25.948064137218864,21.869559704646502,22.847360098552635,26.105624421823283
29.430430125111855,22.54739356649995,31.454502178315668,24.316192636332808,22.60318435549715,30.76515140855085,25.950464250330548,21.870735029081313,22.83479623505245,26.106143399074135
29.324462960773392,22.544175546737975,31.454479026998836,24.32348876308724,22.606467187901437,30.765300483372123,25.95319313832768,21.871658168550475,22.82270383557416,26.106487068100897
29.220334240486146,22.540700722289895,31.454973473758102,24.331150846022464,22.610427436433177,30.766866878675827,25.95551419571693,21.87267529419532,22.810919133881725,26.106302015283326
29.11193135241359,22.53765376891804,31.45548672195128,24.337226576231444,22.614767198117512,30.767711252881295,25.95769003312444,21.874104860126593,22.799774366115294,26.107725841459647
29.000880243156857,22.53510698847538,31.45627125590498,24.343280536164528,22.61826313844768,30.768314931314077,25.959065010259216,21.87510647330051,22.788694119866356,26.10718826272143
28.895946892534162,22.533162914793667,31.45695674338963,24.349344510067702,22.62109901696663,30.76965279031096,25.961230292920312,21.87653111301877,22.777857659173,26.107393730576014
28.795500589215493,22.531436044149864,31.456965932864822,24.355970715164197,22.624699859559726,30.770052135230962,25.963500653618222,21.87832090496339,22.766878633925298,26.108601624525896
28.69572653139194,22.52929947119,31.45768070227529,24.36283853101893,22.629514330912247,30.770756135333322,25.965043497514326,21.87990458052472,22.755841914648872,26.107930403160495
28.594871933996963,22.5271650721811,31.45786873272026,24.369962014546076,22.634091286646907,30.772108904883247,25.967154320938196,21.88130284244036,22.7447723927237,26.109499248883175
28.493872868400313,22.525594110369802,31.458011598001782,24.376796136285705,22.637836550398305,30.772474585596793,25.96885385830946,21.8827519073902,22.734328033319088,26.108742954727326
28.395912097763542,22.5240438353473,31.45875774614585,24.382923678275755,22.64225451501774,30.774236180149405,25.969388651318802,21.88458713338481,22.72435633649775,26.10873352080152
28.298574546709347,22.52201266007061,31.458934471372846,24.38910981648217,22.646054052098453,30.774577630295326,25.971295507976166,21.88645371816441,22.714618147666176,26.109965189264017
28.20200259433719,22.52007497125922,31.459318972058178,24.395975976791267,22.649196421561516,30.77539072185493,25.972707730902712,21.8880423369026,22.704576811677978,26.109190279741025
28.10988742792588,22.51825199132709,31.460292731734114,24.402311780989727,22.65288347762409,30.776350985075375,25.973677174845484,21.889379558513248,22.69430819278476,26.109926619123698
28.018799678995826,22.516867595566904,31.460531433627796,24.409023781408045,22.657046960615034,30.776647983103814,25.97388760742045,21.890899257082946,22.685148960756045,26.11014223520748
27.92586081647564,22.515614598003317,31.46098767779371,24.415917285801232,22.661273984631908,30.777882862220984,25.9763368687582,21.89307122592598,22.67641412526882,26.11029312549787
27.8344903775103,22.514034753956306,31.4619888778521,24.422223046333848,22.665423213057544,30.777618831640897,25.978099390983957,21.89534212459027,22.667106833047793,26.11106924480162
27.74699331602449,22.512479348116763,31.46218948536067,24.428514660071144,22.66920580795697,30.778611780910037,25.980148476627612,21.89690379415803,22.657576257194943,26.11080887061405
27.66390295719992,22.510917269393936,31.462720856369483,24.43562105999762,22.67271309265312,30.779094457441968,25.98075419221322,21.898445908165286,22.64802933125797,26.111474383145094
27.581587380801956,22.50984165280063,31.4629610163246,24.441385123052704,22.677115103840727,30.77959871498471,25.981228871814746,21.900066424219204,22.6390744355755,26.111848330769135
27.4978565588342,22.508832708821636,31.46339826397424,24.447249261834955,22.681741846860568,30.780480378792884,25.981951619485002,21.90151909203665,22.630644946596053,26.112626020002274
27.413732656472124,22.5076093022762,31.463756255927564,24.453621291656628,22.685543922176755,30.782099288952573,25.983691330006376,21.90330949068679,22.62190660764372,26.112704653438975
27.334403648722386,22.506317189866767,31.464050627129104,24.460363211876235,22.689311365549795,30.782315575679668,25.98627453123847,21.905426230949793,22.613662320362007,26.111860082922753
27.260630951439623,22.505400809559852,31.463991645153282,24.46778499890273,22.69336077450225,30.782600337047587,25.988136659515938,21.90799486039209,22.60550590407707,26.112131286230213
27.186373502449996,22.50425680455699,31.46443974791987,24.47466516510289,22.697268589744123,30.78299072055492,25.989636160613813,21.910317540413914,22.597418675190287,26.113543197661468
27.11117705645378,22.50322793625486,31.465409096241483,24.479999022443085,22.70169475060169,30.783881070839367,25.991183875012226,21.911985308826054,22.588972121865876,26.112420534575453
27.034919355688313,22.502647545330603,31.465282669912508,24.485840440547136,22.70545336999095,30.783964109303625,25.993118723133154,21.91382901802237,22.58062044821847,26.11395459606252
26.96127683270735,22.50239194582467,31.46559469969332,24.492790429250828,22.709409434388057,30.78487033090528,25.995084937118904,21.915877910386307,22.57273978222878,26.11306181226425
26.891203034223242,22.502357955537487,31.466009299144954,24.49833519240257,22.71377733193549,30.78460084782645,25.99674610869558,21.918316040724516,22.56546164077546,26.11268859096397
26.8235543053257,22.50178942974256,31.465566068410112,24.504630408894172,22.718325735027854,30.785087049276978,25.998366050596946,21.920511857232125,22.558657169362185,26.115246145835776
26.756353954709233,22.50099072558651,31.467003856475785,24.511658874783848,22.722042045848504,30.785518565307438,26.001002086594468,21.922954763034458,22.55168791563775,26.11231664137531
26.69022589839358,22.500313285877205,31.466696934088336,24.518158388366892,22.725916486483957,30.78555418623292,26.002844860627256,21.925359612110714,22.544666486248026,26.113059105352697
26.625370580582633,22.499848768590432,31.4672654194966,24.524309139738616,22.73023525561441,30.787538067007404,26.0042212063116,21.92739566410871,22.53717322310335,26.114948356363108
26.5613749507297,22.49957379846466,31.467034559729186,24.530567898153713,22.734356823733883,30.78821060979632,26.006036547797926,21.929613192595912,22.53015975619021,26.113622734416936
26.498283355251424,22.498838404673958,31.467603732435986,24.535956447453092,22.738294892880262,30.788048031913092,26.00801520894443,21.932329405668835,22.52357526734862,26.1147107185931
26.436504141302905,22.49818708460176,31.46812442625629,24.541252202096558,22.742278526981565,30.789224758036276,26.00990302800374,21.93445374084365,22.517101603966353,26.114262230359525
26.375374770443244,22.498326229300403,31.46835704874122,24.548338655654472,22.746908237282124,30.789374536660404,26.01211143532447,21.936768918377155,22.51053571312022,26.11453550204161
26.314299605073977,22.4984368025862,31.469280891879375,24.555065597556784,22.751605099796887,30.79015261197236,26.0141959817817,21.93971993531191,22.504064046727944,26.115847623871606
26.254828367265958,22.49805328873026,31.46869169313885,24.56092274734028,22.756578201894705,30.791212427155767,26.016775622026884,21.941613315495026,22.49812219237622,26.115388106304202
26.196462540208387,22.49779956353231,31.470030571224296,24.567212981689348,22.76009025766857,30.79137829709627,26.018774082578613,21.94418337095975,22.492397928059383,26.115815705031903
26.13886660217082,22.49773529927036,31.469899187453198,24.574026820680977,22.7635527702341,30.79248664911715,26.02065508798397,21.947214918157417,22.48658218908335,26.116180821168314
26.083960506713183,22.497449673929587,31.470130427501992,24.57921203645919,22.76794720642971,30.792671102167127,26.02212933815379,21.9499553421031,22.480713905502732,26.116729669268214
26.030558396987015,22.496885652070937,31.470569141404354,24.58475794640882,22.772304543914245,30.793750462643175,26.024050369533317,21.95236401267217,22.47522356047463,26.11729878977496
25.977753929255588,22.49713244051697,31.4707698761459,24.591300471600945,22.775756082368112,30.79384749488139,26.02681219891631,21.95418014527254,22.469694483750867,26.11686986614273
25.92481015269531,22.49770918232769,31.470690863781805,24.597580205156685,22.779504167107653,30.794320707044143,26.029296831807216,21.95632870042133,22.46424439155934,26.11751327736201
25.8729521737202,22.498054807202085,31.470611125381254,24.604220074624905,22.78397151548277,30.796081869725754,26.030999600189485,21.959395682007028,22.458155198408768,26.118186076381132
25.822820302676398,22.498012528412126,31.471440870141713,24.611184207923053,22.788247717384028,30.795134452035366,26.0323546633737,21.962606554613426,22.45259394492098,26.11806459423586
25.77436898032135,22.498319442455,31.471889597473243,24.61775863960796,22.792091982429476,30.7962521327456,26.03466452275812,21.964820564313744,22.44776320668514,26.1187936668583
25.725840443162244,22.498951689988253,31.471236873788605,24.62476417289928,22.79571025247435,30.79712628564885,26.037402574087615,21.967260482278515,22.442971055489423,26.118379082405138
25.67737682258796,22.49988689245839,31.471755981615534,24.63158564095007,22.800198948871863,30.797563695214127,26.039714908714167,21.970063386971965,22.4377852815703,26.11859478010324
25.631139302373267,22.50091351844134,31.47203341856697,24.638067243995106,22.804832948454184,30.797280825395056,26.041726171340915,21.972083918768426,22.433248935265368,26.119001745122674
25.58681226457947,22.50141700696031,31.472414515746046,24.644444960481827,22.80920016992939,30.798647347940772,26.04390946903513,21.973492426850253,22.428889143865067,26.11873626158294
25.541580092312547,22.50137090037444,31.472287054690025,24.651334111387126,22.812922952974407,30.798497114927184,26.045646298162104,21.976273514696054,22.42446846745255,26.11971310580485
25.495453016632034,22.50185781507932,31.47223205159372,24.657399652538636,22.81723498911815,30.798961804863964,26.047447974445113,21.979914438485327,22.41980551334204,26.119890132773264
25.450763227737493,22.502843120217264,31.472096509133657,24.663543322469916,22.821749419273903,30.800074740608423,26.049546071018014,21.98300334233347,22.4154421617422,26.119963431162112
25.408175578827862,22.504149940898778,31.472688977774954,24.669848299062934,22.82623159508125,30.800774174884452,26.05157269815459,21.985555796884157,22.41158127624304,26.12037643616943
25.365909717814805,22.504295095944453,31.47298938026745,24.676040410668797,22.830045787276497,30.80150956425216,26.053268804351625,21.98782258214116,22.40713984806698,26.119751401946342
25.32395631055501,22.504161460809378,31.473586321654693,24.682805419713908,22.833699130144332,30.801024129502128,26.05571574645215,21.99039370631434,22.40331968701018,26.120763215237417
25.282121877777808,22.505035105780276,31.473368273458888,24.690005493715354,22.838455325069702,30.802422160887673,26.057746318527375,21.992788276708595,22.3996586055214,26.121371427882963
25.24278635650992,22.506440907075888,31.4743191162891,24.696663670701795,22.843341035188498,30.802245675376454,26.059677076879773,21.995259488600954,22.395588625338352,26.12024991861578
25.204036202865524,22.507711703211722,31.47460152893592,24.70238505594914,22.847260601386402,30.80224200851927,26.061880636021797,21.998365010431066,22.391428639438516,26.12170696837383
25.165616545360365,22.508522393272266,31.47519204685476,24.708397852032814,22.850781810601973,30.803049146071316,26.064173690361493,22.001611444465496,22.387567913256355,26.121175759143572
25.12801327914804,22.508753807120605,31.47514902906909,24.714585544781688,22.855429203871992,30.804163860194308,26.06596251364373,22.0044120214153,22.38452701594781,26.12090003019004
25.090948750313487,22.50962265311653,31.475355460713335,24.721545447237116,22.860000338399196,30.804706681845918,26.06766159018788,22.007380253327224,22.380964480512993,26.122507713591677
25.05521704134874,22.51089925011899,31.47582507424541,24.728224236582502,22.864312757978983,30.80478003642211,26.069671947502894,22.010474263939454,22.37684880280949,26.121564179119773
25.019236347992898,22.5122483427874,31.47597856908892,24.734305669602456,22.86837703928188,30.806558035175748,26.072050485463556,22.013734265324185,22.373491853522705,26.121940211670335
24.9824766246337,22.51364144245583,31.476294137376506,24.740998599059093,22.87267051093947,30.80736417340381,26.07462351790748,22.016400500261927,22.370947728524065,26.12328599524359
24.946365089090975,22.51453855964855,31.476276400168864,24.748171107879138,22.877661622053417,30.80750524381343,26.07626834606757,22.01971008116822,22.36796020498165,26.121781098297102
24.912271182505023,22.515316422555408,31.476756157551698,24.754354545584555,22.881816306442197,30.808499375163652,26.07868618488923,22.0226548072414,22.364509105860474,26.122837209375064
24.879521787246905,22.516679601841247,31.477291660909543,24.760913387469525,22.885695961004224,30.808806027101326,26.080963038287447,22.02590789686294,22.361076244477516,26.122872750896637
24.8463476632684,22.5184462040476,31.477745000771815,24.76736642239762,22.890218438332735,30.810042077821706,26.082159335632568,22.029170826007864,22.358628553683335,26.123436125585258
24.812921933409452,22.51946493590809,31.47768369932812,24.77297743156418,22.894326734373127,30.810815550489927,26.083973862224493,22.03256778481299,22.35630680503396,26.123873544688188
24.78141000106191,22.5206652842704,31.47816052956905,24.779605791370276,22.89834902186563,30.811804426101528,26.08648753298898,22.03540902917513,22.353431141004837,26.12410320749047
24.751080698393597,22.522191928832523,31.478830839524083,24.786652440136862,22.90261802498661,30.81362816853609,26.08825031851593,22.038023798164787,22.350433980554186,26.12486211385564
24.72009239143325,22.523649216990588,31.4788718616799,24.792292067985112,22.90686510734065,30.813631149803538,26.089738650798097,22.040061885865523,22.348146857255678,26.12469067817196
24.688093141947395,22.525180104830138,31.479166055412836,24.79856470375333,22.911381190310927,30.814826650378905,26.09205181946944,22.042650346512506,22.345933439016598,26.125765711892722
24.65776058296261,22.527246380448723,31.479994100396453,24.804945247148215,22.91640266046846,30.815469537553245,26.094934762103797,22.046028392720515,22.343882022964912,26.12581652141983
24.629174379580498,22.52904395064624,31.48056215676116,24.810583387754583,22.92132479951677,30.816418216348985,26.096983945292173,22.0495598556573,22.341636843248054,26.1262119452107
24.599862143624293,22.530977323779744,31.48150564587596,24.817781249149206,22.925496310891017,30.8169307992063,26.09850660571279,22.05312106484496,22.33957326187728,26.1273922129609
24.570178713941537,22.532548672224976,31.481871235720543,24.82410443983983,22.929882982497972,30.818060676222853,26.09942991949469,22.056742842094256,22.33814145220114,26.12645750082259
24.541529070876344,22.53455618374418,31.482762114155754,24.830224533064854,22.934464290642698,30.818238747709632,26.100899064554316,22.059489645588364,22.33623447673303,26.12710247755601
24.51416292229103,22.53697975559706,31.48267357758919,24.836962075828737,22.93852511015915,30.819449190857625,26.102742909468382,22.06256218792528,22.33344624018458,26.12812130344272
24.488332173547352,22.53930551798203,31.483307095056567,24.842922797472195,22.942827453564902,30.820204368911273,26.10504192589788,22.066223549875588,22.332628724604355,26.12683891899591
24.461635143082102,22.541033925622397,31.483833886910414,24.848567981613403,22.947424187136267,30.821051080171493,26.107900439551454,22.069650994683943,22.331277064740892,26.12851154482661
24.434628377434247,22.54309468458091,31.48413438869205,24.85517190055463,22.9518514162744,30.822110531664187,26.110305059028796,22.072154473174237,22.32991885382347,26.128039065766977
24.408060747556313,22.545317924137894,31.484386785583446,24.861843233815296,22.956520571810437,30.823732481668095,26.111221681188574,22.07557661202847,22.327930305441757,26.127526863657184
24.383358376108752,22.547463739746625,31.485264031325592,24.86817597969015,22.96080231324045,30.8232143368827,26.11267758101187,22.078806905829182,22.326727238407745,26.129062229075195
24.359014398902946,22.549775469120274,31.48551709173207,24.874695254052433,22.965396891562456,30.823954205573706,26.115701039361152,22.08214334020787,22.3260682583458,26.127947122485583
24.333837759611846,22.551836013931343,31.48584718505925,24.88139265060734,22.970043998027062,30.824251365219723,26.118527453467124,22.08610376395569,22.323630731602954,26.128209453472223
24.308918123155614,22.5540577618311,31.486427195604797,24.88677380936189,22.97468327672113,30.82520102334191,26.119865564375576,22.089827307026813,22.32170091256078,26.128491378059906
24.28548577086863,22.556734056144535,31.48704473675751,24.89240259202333,22.97917253003243,30.825809984620733,26.121287029960296,22.092775735266326,22.321046991562415,26.128561470092656
24.262243550287153,22.55954224942211,31.487354045336136,24.898767551942544,22.983941556520797,30.82691690008335,26.123753207496506,22.09540998402792,22.320398493891727,26.12841212153038
24.239049653404585,22.5624794780111,31.48738584456062,24.904760560757065,22.988024552906445,30.825920216898872,26.12598938351196,22.098454430877695,22.318671019345757,26.128601614234377
24.21639220124142,22.564672245637674,31.48781118691013,24.91076926249039,22.9914523021178,30.827670255778653,26.12787106269105,22.101316710861777,22.316465642707897,26.128854719692207
24.194212833644606,22.566763465057424,31.487794562499836,24.917393481389524,22.996070523816037,30.828537884453283,26.1302313773352,22.104588862650036,22.314895530015583,26.128970834683134
24.172346829238577,22.569668198337347,31.487652483289775,24.92245870851964,23.000551335888765,30.828933750529725,26.13245620704309,22.108368400679556,22.314023828638252,26.129190894568804
24.150136172254527,22.572396607963725,31.488766038152548,24.92752986055228,23.00467648476453,30.82921059141107,26.133861902194102,22.111841236602594,22.312965043302672,26.129754234898634
24.128586662030035,22.574879435763634,31.4889337292532,24.933400290889352,23.009400087086483,30.830467772998354,26.135259973581306,22.11536396660412,22.311291954098525,26.12960557548009
24.107674351821263,22.576971164682963,31.48914909409838,24.93903231318582,23.01386721183038,30.82935731681105,26.13714029363773,22.119861755119743,22.30997107660807,26.130394702219895
24.087620927028667,22.579294177759962,31.489628856023213,24.945430516754996,23.018341897752457,30.830541969206987,26.140526094669628,22.12299698459818,22.309261518384087,26.130943312421806
24.06791540877961,22.582325802619557,31.489824107366164,24.951720181092814,23.02269091294623,30.83074606215108,26.14268141608878,22.125199171243985,22.308777733788677,26.13073350756037
24.047959308722966,22.585331894052292,31.489539947636253,24.95720785395435,23.0274264515841,30.830730932450827,26.14469568171691,22.12829363752995,22.30789980403063,26.132028427208347
24.02823840014435,22.587114100667502,31.49012575339774,24.9640469893128,23.032247308635306,30.831930837649686,26.147416407537758,22.131469257487588,22.307001825064884,26.1317954359356
24.008579701136107,22.58804355228659,31.49077234403333,24.97152816683178,23.03663857156359,30.83162910727947,26.14966710052929,22.133997628102723,22.306569526492407,26.13241565453727
23.98969454755163,22.590642991244167,31.490588432301045,24.977318976066307,23.04189383818813,30.83175140720812,26.150875115120684,22.138257262442256,22.30643687909625,26.132787665744168
23.97148628857323,22.59318997638044,31.490837142291987,24.98228549923855,23.046760528494353,30.83357005768756,26.152102550050028,22.142345557086504,22.306090511566673,26.132405652082966
23.95328949410981,22.59515474470259,31.49104143062697,24.987773938251987,23.051779853014605,30.832382348364938,26.154443195041353,22.145452485317353,22.30545135761169,26.13410909576585
23.935561677040592,22.596418406951564,31.490899869848587,24.993605226988464,23.05681609404166,30.833468718568753,26.157615356326403,22.1483640886748,22.30506779498366,26.133754882931214
23.917127977304627,22.598117617804103,31.49142622489752,25.000055840411683,23.06133378618517,30.835024773521443,26.160027305029125,22.15203367778896,22.304789321280154,26.13467376697228
23.899263079411185,22.600437525996277,31.491111003699558,25.007138923330587,23.065792574765823,30.83426014171132,26.161439341419268,22.155533785226417,22.305116979423598,26.135329354477616
23.882420252565147,22.603773697264717,31.491436382741895,25.013355486415026,23.069956984661015,30.835802404235494,26.16290458375651,22.15863025379607,22.30497774102038,26.135228041410038
23.867078188871016,22.606906805058458,31.492568907940747,25.018342511682885,23.074022229662244,30.83582936170645,26.16532637898537,22.161905720403055,22.30446593409542,26.136373701117904
23.850577904479408,22.609346796639393,31.492589663292883,25.023407764069674,23.07925150543856,30.835980850969882,26.16744715951283,22.165390287417072,22.304467861130828,26.136565618067735
23.834159252699536,22.612500274523413,31.493228191659796,25.029893161806648,23.084148978720187,30.83773629061767,26.1689803150744,22.1684879086574,22.30467177270222,26.136942872807083
23.81812140682611,22.616318496060074,31.493397353191767,25.035331086593477,23.08901873835954,30.83818505447354,26.171253224288577,22.171651502103316,22.30478825473268,26.13807839966562
23.803280883162877,22.619988146250197,31.494095076065083,25.040438770662536,23.09392403188331,30.838363804993296,26.17385508484088,22.17506525530821,22.304724919731903,26.138400569256966
23.788123685157018,22.623543807484232,31.494081757058787,25.047180940174233,23.098720391465896,30.8396063066966,26.176154799156166,22.178658052030666,22.304373984505105,26.13880226090915
23.772347282272687,22.627158138878443,31.494889382527194,25.053555796642225,23.102877245799217,30.840066708772515,26.17878574539087,22.182426567043017,22.303975439525516,26.139715773832783
23.75772060639914,22.630546205645857,31.494578561627463,25.059170246779413,23.10775143965751,30.84076467740592,26.180005915592655,22.18622650267627,22.303848194088136,26.138879799353546
23.743586989885213,22.63374469516602,31.495117953760975,25.06524437198359,23.112733558284123,30.841027936678852,26.18173307222904,22.18972600865461,22.303841371629737,26.139815266105842
23.730105264376157,22.638670654847708,31.49528522234077,25.07143533328368,23.117839197177098,30.841958251978866,26.184249591530694,22.1930207187646,22.304132811095574,26.14014691918568
23.715749553009815,22.64287508546832,31.495944699903134,25.077256579259842,23.122617762661722,30.841392757774617,26.185802162608983,22.19639173856129,22.304247895268222,26.14013363266094
23.701797967433848,22.645684582941506,31.4958106475305,25.082772240407838,23.127029229305016,30.84206852087498,26.18787700398951,22.19947269672812,22.303894480128953,26.141124733879874
23.689096251226474,22.648610407888814,31.49611839511206,25.089120819621527,23.131361155690296,30.84034727823829,26.189853821664673,22.202922335133792,22.30418016479466,26.140205075786795
23.67679591327458,22.6524076749379,31.496307112895508,25.095736774388534,23.1362851273547,30.84207566265882,26.191039076772373,22.207120124073782,22.304640624899893,26.141473039075013
23.66334418142744,22.65617137404167,31.49650765045145,25.101452660688643,23.14090152104665,30.84024043238074,26.192669297224057,22.21103643227881,22.304829302201064,26.14040123883133
23.649905794434623,22.659852463500524,31.497058456253797,25.107096829369976,23.1453685051854,30.838935715798172,26.195531653636593,22.21434371884783,22.304840465862643,26.1404429249568
23.637658414338937,22.663227150124513,31.49694867291984,25.113271034789637,23.15051735863573,30.836526281567572,26.197397717991088,22.217673384843476,22.305372959866865,26.141187038645967
23.626265234577268,22.66673558254321,31.497147661013656,25.118410516771817,23.155920840515833,30.837888880748125,26.19846235170881,22.22117654079472,22.306464766583805,26.13972550881353
23.614503579005792,22.67071091370857,31.497553631454956,25.124218551694764,23.160645797214436,30.835828387308908,26.200356582897815,22.225365307798622,22.307460089820093,26.14079796609181
23.60235683901783,22.674901875930157,31.497904200808225,25.130990189008592,23.164844107902788,30.83416824103807,26.203135027173037,22.22947931918433,22.30815127760411,26.139649865442593
23.591287650819034,22.679000009317697,31.497989422627917,25.137867505249275,23.169294353069077,30.834195769635073,26.20537334121466,22.233457422154963,22.30900084878349,26.139128837128133
23.580776562124374,22.682831787567068,31.498283473786785,25.143844001836698,23.174058599254266,30.83418237293264,26.206950751087447,22.2367953249999,22.310056039437917,26.13994871105256
23.57018679596741,22.686399582315055,31.49850399914776,25.150000116456788,23.178603623016357,30.83316219910983,26.208376081094702,22.240103303288613,22.310653909888345,26.14019751614075
23.558798291272055,22.690487540257358,31.49852135525693,25.15555648678147,23.18270231349288,30.832835169202518,26.21069651898886,22.243137468079773,22.311145521984294,26.13903227214265
23.548004341210664,22.69475828922015,31.498477165815277,25.161043702881468,23.18719881969974,30.831434564360066,26.21344827697154,22.246880166436036,22.312280560023847,26.138911473887422
23.538296467485726,22.699654877189204,31.499047253826852,25.16709454694658,23.192961034602785,30.83156595541126,26.214539752327255,22.250965094769303,22.313964527681343,26.139506352167064
23.528838220332403,22.704552571530037,31.499793201121914,25.173601943532358,23.198700681022054,30.832052361572938,26.216220555318962,22.25501869130931,22.314621734018218,26.138792866317292
23.51867035818413,22.70900276765459,31.499887021329446,25.17939865652793,23.203339710654355,30.830609834028472,26.218531944020707,22.25871693070864,22.31589055040373,26.139176674989585
23.508693277355796,22.713290925724298,31.50048432571705,25.184797953813188,23.208003195612378,30.831282846644704,26.2205936787611,22.26196931004544,22.317272228420997,26.139183978052117
23.499866742669333,22.71774214792373,31.50055190934826,25.1904699768267,23.213266462808832,30.83219001384423,26.22249324713266,22.265441713597646,22.31850333677853,26.138267189161454
23.490934068280765,22.72313668548039,31.50154187203438,25.19663003894694,23.21803740583381,30.831905477123144,26.224544918093287,22.269274290060252,22.319650903578875,26.14016420241807
23.481546995341233,22.728588654599704,31.501857319100814,25.20286981694224,23.221645416402133,30.831851385061988,26.2259848880951,22.273860453199813,22.320530847329607,26.139674615519528
23.472144857096996,22.733011925510574,31.50273858305995,25.20894570895312,23.22605224798042,30.832850272678584,26.227470686218318,22.277945174710894,22.321781004283817,26.139249766518304
23.46378657602219,22.737221070912558,31.50343853705699,25.21490375576947,23.231025011070898,30.832927281962196,26.22927760552557,22.281048324166328,22.32337192760768,26.13960792132572
23.455311550709794,22.741860647213787,31.503764849152304,25.220912712795464,23.23579632684467,30.83329148511738,26.231098305411166,22.284494392480987,22.324436920305168,26.13957315562718
23.446663781260074,22.74684781979102,31.504283264443718,25.226723560415024,23.240108786718032,30.83473537302791,26.233387433083482,22.288018819600076,22.32584402989986,26.139686813614738
23.438214367681354,22.75167235214858,31.50483585414723,25.232358704084046,23.244421174122035,30.834807308235046,26.235842664864578,22.29162915263048,22.3280588470559,26.140298898223264
23.430568949721895,22.756094600046847,31.50535240618231,25.238833180458453,23.24925266659259,30.835256723927724,26.23766175187957,22.295284688780477,22.329574571686663,26.140391613406134
23.42349008210471,22.76063154969585,31.50620362176585,25.244985282464754,23.25419065446418,30.835821107324595,26.239835952154507,22.299798013027136,22.3306969243444,26.14088372309999
23.41595043091893,22.765297480316157,31.506085705970808,25.250979451093993,23.258644216370907,30.835983244993102,26.241578567688638,22.303681603720683,22.332301688110757,26.141837965916665
23.408393353919,22.770340410393935,31.507369011905126,25.256732890317796,23.263546035903158,30.836920080367697,26.243255890538283,22.306644823238834,22.33436464553082,26.140629051778625
23.401208955914733,22.775034431489722,31.50749982201663,25.262651445905316,23.268694885691886,30.837101787584913,26.245360103391896,22.309897264122696,22.335872728989866,26.140233540036412
23.394327626090963,22.78008321131859,31.5081808311407,25.26811417233735,23.27365697377525,30.837954570810876,26.247463865913332,22.314097224379378,22.337374532196847,26.142190899022705
23.387936741190032,22.78535305253387,31.507873154290277,25.274131719668272,23.277842802324923,30.83879388790397,26.248752897235967,22.317279917922342,22.339281995330676,26.140481205764004
23.381529598103374,22.790773702077267,31.508698839635016,25.280676527975373,23.28255210056749,30.83910996684712,26.250298670508737,22.320223355526352,22.34131012213727,26.141015647464844
23.37468506271753,22.796455465699896,31.50936597397351,25.28569816445475,23.287318333650134,30.840311279453324,26.25319426862483,22.32450401153524,22.34327719371592,26.141430527626998
23.36903353768239,22.80216450551846,31.50962915056793,25.29182980730755,23.291961231490408,30.84106639391091,26.255748037419707,22.328343543684802,22.34460593641075,26.140263535135027
23.364164023284776,22.80745112007571,31.51005218052525,25.297378503649846,23.296874164153554,30.842023846968345,26.256824204649455,22.330825391097736,22.346361941902178,26.141345881449176
23.35849887723759,22.812652359455146,31.510546340235752,25.302347606937317,23.301677203158256,30.84245141678853,26.258418350433562,22.333835401222494,22.34821626578487,26.14154458206255
23.352813526334945,22.817932557746218,31.510459235300882,25.307912792538325,23.306297691471848,30.843772748122117,26.261027563801317,22.337943733090235,22.349911951162387,26.140544836743935
23.347889391035494,22.823363619323572,31.510298853591728,25.31338961983765,23.310459207675017,30.84465567324753,26.263232327213455,22.341634346329396,22.35224211448213,26.14154782223368
23.342743399219668,22.82865593140493,31.510430014874228,25.319847462571513,23.315041924579234,30.84534583111762,26.264462960558973,22.345443394027,22.35398248976162,26.142792639371642
23.337780434815055,22.834256965254653,31.51035028443767,25.32617656943409,23.31951678919323,30.846569954891287,26.265492212691864,22.349086175260574,22.355755033230498,26.141367632068654
23.333285404444,22.839626448382646,31.51056686676187,25.331399102680972,23.323259731388085,30.847331846276028,26.26759015222966,22.352727913808998,22.358295852658088,26.14270663019315
23.3292107372879,22.845328251033393,31.510785101199748,25.336783091405024,23.32816919840159,30.84897455398664,26.27031738633617,22.356355594016915,22.36049591418963,26.143896897479678
23.325088261680598,22.85077667500371,31.51146610646746,25.342740171680276,23.33313184609792,30.84943167496446,26.271586785201087,22.360056960621456,22.36272916750412,26.142093578814226
23.32119442158902,22.856183540385075,31.51203555784901,25.347956119194293,23.337268810561866,30.850535556116636,26.2729612904933,22.36414214454289,22.36497152364146,26.143535563821636
23.317754977378286,22.861419867835977,31.512455158821187,25.352968998726283,23.341131571908434,30.85132711717447,26.274214269546036,22.3689108681807,22.36658006936825,26.14404009042994
23.314647502105885,22.866668840194876,31.51310674570661,25.358028295489458,23.345691259989948,30.851221328317212,26.27618102526572,22.3731365536255,22.36851486696514,26.14350187468725
23.311368513810045,22.872725507064537,31.513206403108956,25.363504280353858,23.350477277772885,30.85320810830906,26.278858311675336,22.376722940161887,22.370714640278702,26.14505623971104
23.30831233260191,22.878526446627944,31.513665923440183,25.37017688888177,23.355191180452696,30.85210635427828,26.28138161812498,22.37992135862268,22.371562993634036,26.145330442863273
23.30544527334146,22.88413476476193,31.513834180866873,25.37542104931676,23.359097674080292,30.854543834210794,26.281725200502144,22.383652378200964,22.373773512732683,26.144706575709797
23.30309816965186,22.88940589160516,31.514664048363294,25.38068324291512,23.36317365167098,30.854692070207555,26.284062529099522,22.38742359141223,22.376199172885237,26.145968882371573
23.30044300128388,22.895240846714408,31.51450999329515,25.38650305547817,23.367879734949305,30.854970702765016,26.28602967616021,22.390884137670287,22.378018420339,26.146538077164493
23.297801401260166,22.901574957307062,31.51527505727321,25.392280166991846,23.373022440192543,30.856875304049684,26.287423871648326,22.39456112609098,22.379768461153006,26.146584182969534
23.295494464702394,22.907387905590294,31.51513718716016,25.39702514289564,23.377525375775143,30.856384731404837,26.28869907183638,22.398592110179806,22.38215480660147,26.147237822623413
23.293814988883817,22.91298246311206,31.515631304855273,25.402159528528404,23.381383452532134,30.856486196007268,26.28950466046728,22.402590424103774,22.384427282623186,26.148225246280926
23.291830150743394,22.918811467864817,31.515684507729116,25.407827678528502,23.386044659536914,30.85806838535095,26.29102186185007,22.40608328385949,22.38637923203993,26.14832910171716
23.290678655414176,22.92535806700166,31.516309298795928,25.412888984434858,23.390872490771343,30.858078687169783,26.29396648215003,22.410074888857533,22.38840255738389,26.149138527535886
23.288462550664374,22.93127929536808,31.516717206308293,25.418692148295495,23.395630682629765,30.859109803553615,26.296822090649353,22.414670598303992,22.39068303309766,26.149396934592804
23.28673486515328,22.93675811063015,31.517148649137905,25.424296740622022,23.40037489570115,30.86007541375611,26.298135361172665,22.418911939228025,22.39314028025875,26.150213660846017
23.28648154798854,22.94198745043328,31.517537605007586,25.42850141746139,23.40483903550445,30.860616485831347,26.299574802553703,22.422208182247182,22.39539710482593,26.150603002549737
23.284049114296366,22.948054801516037,31.517639875853042,25.4332328001029,23.409870054994112,30.861655630140415,26.301575584847257,22.426041661243694,22.397666190809588,26.151313356799232
23.282385658555036,22.954413021325447,31.518152060006827,25.439264838276102,23.4151848319567,30.86241384816865,26.303017613768954,22.430390531075382,22.39992591425846,26.15184080211288
23.282572317403947,22.960389404991595,31.51876871547469,25.445161566673615,23.419720708014605,30.86278184287182,26.30421216506602,22.43453340018899,22.402461189726488,26.152401414787157
23.281345605437483,22.96559232204128,31.51857440066793,25.449879902419738,23.424186128378558,30.864270758122938,26.30532578081474,22.438576693618213,22.405290053164826,26.153002195024705
23.278222520164903,22.971077002319248,31.519603291731606,25.454857206178833,23.429720853657763,30.86479966738394,26.30727696048835,22.442639549911053,22.40783180174366,26.153705594633347
23.278655202889627,22.977498397353223,31.520325890254263,25.460234458327943,23.435419753927512,30.86596268078621,26.30904602300495,22.446422434978324,22.41064973983732,26.153895543877862
23.279621121355632,22.984258698109777,31.52025800973191,25.46497885480104,23.440677291126995,30.867724794752146,26.310844607566054,22.45025936275733,22.413533851824717,26.154173137034277
23.277215146297088,22.990168643393567,31.520567439314114,25.470239906976193,23.445451027757045,30.867914011874603,26.31307820350905,22.454096009766356,22.415755180258188,26.15608028073914
23.274234243569836,22.995815420539355,31.521017368518773,25.476028994255934,23.45042626199728,30.868879726034,26.314459290220938,22.45850399041354,22.417897128363606,26.155404920039842
23.274432507894826,23.00195945429625,31.520945268930653,25.481349489452775,23.455552894960363,30.871008687278252,26.316186292345364,22.462117923645156,22.420114659149306,26.156517398427056
23.27582566631319,23.008585297083712,31.5212911858464,25.486702756292065,23.46087503639888,30.870466052275525,26.31825770632528,22.46457317540461,22.422608107104963,26.156506573043885
23.275131662175372,23.015514963873894,31.521017325283665,25.49253848034297,23.466022652661295,30.872395844919534,26.319827486513955,22.467612207788463,22.424652066186937,26.157576638759732
23.274737572558145,23.0220491600662,31.52146653588993,25.497330626169187,23.470869649930908,30.872752948349248,26.320933204851876,22.471840792184814,22.427640384775405,26.15712499282691
23.27617638858098,23.02795946043048,31.521362947587885,25.502671798750782,23.475632493631625,30.873160063583327,26.322327660420587,22.47570946648771,22.430720039856205,26.15847243629656
23.2777033911766,23.034306643672405,31.52236694964023,25.507835185989364,23.480926247633125,30.87445679321999,26.323960354470056,22.47927304984287,22.433847883644763,26.157976125438633
23.279341904725612,23.040710348724772,31.521942457107382,25.513366532943103,23.486051886982516,30.874870195990777,26.32640401909155,22.4834899375642,22.436182810001473,26.157640085691966
23.280521613776735,23.04718576638171,31.522223727815764,25.518637436541745,23.491621457012066,30.8745891339395,26.328285602453803,22.486960976131947,22.438798660481023,26.15905288940255
23.28173321046332,23.053322180938668,31.521888201564373,25.523432776344656,23.49667488968541,30.87687563705366,26.329940920992637,22.490526568694253,22.44142507212002,26.156793590406743
23.28331506560542,23.059455267827577,31.52150772471355,25.528564521236277,23.50149830255614,30.876533419295722,26.33206644908531,22.494203798154793,22.44427121962144,26.155928749903747
23.28576933316205,23.06543940517189,31.521046945156957,25.534554253672628,23.50617839635649,30.87807939228921,26.333565516181018,22.497687877589204,22.44668203963947,26.159031232961794
23.287573666036394,23.072090567199734,31.520868672697624,25.539442396531467,23.511150373279065,30.878982599822223,26.335716514251573,22.501061083301188,22.449020913257115,26.155364343430833
23.288522913621783,23.078335315921592,31.52103452628203,25.544520538511204,23.515922597792777,30.879521473487088,26.338559964708956,22.504876218800373,22.45269847223343,26.155747131692703
23.29036890218562,23.08488255514313,31.521927066154593,25.54942441047109,23.520993167652804,30.880862600941043,26.339673711485364,22.508725148741075,22.455941100990373,26.1579060574846
23.293375899738823,23.090838860286738,31.521850085245212,25.55395008199551,23.526126503825438,30.880437476040065,26.341108399225387,22.51204211186451,22.45883442915811,26.155122676698866
23.295865018201273,23.09761808160131,31.52190872999592,25.559620402263295,23.531306108201942,30.881127597776562,26.34349431921158,22.51582049077455,22.462234298634574,26.155389719690252
23.298171707312072,23.103495597893165,31.521572543033763,25.56458629461956,23.536450961086793,30.882154028932955,26.344533519744438,22.520515620551095,22.464734295127254,26.15626546851629
23.30105088418935,23.108742646961726,31.521886500796615,25.569850589427293,23.5414405967689,30.8824421372772,26.345941695019434,22.52418966904251,22.46693640427639,26.155475133034614
23.304484266719374,23.113618833794106,31.52186107270453,25.575499569926464,23.54639721421611,30.883795560292207,26.347955801184373,22.527480663501102,22.47044318364457,26.154782429362285
23.306778091301364,23.119062417887697,31.52194991205789,25.580952686150216,23.551904045766353,30.88477282369956,26.34984284058993,22.53103647914935,22.47319387842857,26.156889570346614
23.310120661020264,23.124998470441398,31.52205155367416,25.585963943175383,23.557149888361543,30.884627431786775,26.351769186705646,22.53430764820939,22.475981851988976,26.15600838723183
23.313780092816103,23.130987497233924,31.521854579606952,25.590989455206334,23.562671908882592,30.88643681533275,26.35398650773064,22.538386160776405,22.479302365264232,26.155083099863454
23.31722468383141,23.136655194219937,31.52270096972463,25.596343051524443,23.56816856206853,30.886533749388466,26.35492989733992,22.542575689664105,22.482976579792748,26.15590247032976
23.32130540494297,23.142563626992384,31.522735260358054,25.601919002801715,23.572941829705393,30.886771249272055,26.356362408162767,22.54629625053613,22.485778562955065,26.156736051979784
23.325060709422726,23.14920587146417,31.5228636896817,25.607158457428444,23.577968937939772,30.887719963757032,26.358625200261216,22.550176385370726,22.48834690372734,26.15469931097891
23.32806201127619,23.155943244756628,31.52356099017358,25.612553312227785,23.583110586781366,30.8889421371101,26.36044723623054,22.554244544551377,22.49088713437174,26.15469510776766
23.331995919623676,23.162447388724697,31.523602624179944,25.617238147012035,23.588620561208245,30.888865455285174,26.362445704211197,22.558004834483715,22.494394981832393,26.15577040621412
23.335661286808485,23.168643241965384,31.52426051359861,25.62236900535554,23.59428457438249,30.890652476879893,26.36385188731733,22.561463496283622,22.49787275599393,26.154587452019452
23.33893645368578,23.17512713357884,31.524749410782093,25.627197648101596,23.598992102506596,30.890099584414163,26.364980084572032,22.565592540048414,22.50087839327774,26.15581768475672
23.343838983957937,23.18172599943015,31.52514887184569,25.632343969070565,23.60371160364004,30.89061552081727,26.367122276392095,22.569679354196257,22.5047143858821,26.155010431069485
23.34811540340244,23.1884679410223,31.5252710682347,25.63700439992532,23.608679933916108,30.89226558372742,26.368477842999027,22.573086864784525,22.507860586502872,26.15471840903394
23.352848643125,23.194855548143106,31.52607551497066,25.642182251600204,23.61338474408302,30.89210938229456,26.369639983153988,22.5765701768052,22.510465096658443,26.15562095159423
23.357466308081676,23.201225778169587,31.525851392703533,25.64745225956573,23.617978349109517,30.8930105263737,26.37181028368556,22.580482377504822,22.51396423515495,26.15503808587683
23.361151873331224,23.20765300222852,31.526686581430393,25.65254711484574,23.62328197036698,30.89426931301887,26.373580406187898,22.58491871503566,22.517652102019806,26.15599951008715
23.36567396129256,23.21427443999098,31.526204106864736,25.658204089516392,23.62850002608573,30.89423941148251,26.37560503139497,22.589131986698767,22.52082863555988,26.155727910920582
23.37111009350472,23.220920465536857,31.526927486326738,25.66304366329796,23.6333925127477,30.894475128811752,26.377911073666066,22.59266547777258,22.524098456059566,26.156142992557147
23.37568155003185,23.227244073329153,31.526406756485112,25.667916103475154,23.638817442816883,30.89662574978888,26.37916094989422,22.595857235374876,22.527876620778873,26.156627382509715
23.38000625124167,23.23327164651144,31.527390994460255,25.673556464698393,23.644353506946977,30.895798503909234,26.380922689710555,22.599528024678577,22.53139721514256,26.15676515859412
23.384537894041518,23.239738061827772,31.526799943758718,25.677892787431624,23.64877883500479,30.897369368900605,26.383501130947113,22.60328088434633,22.534997737173125,26.157099402530196
23.38983620886684,23.246430771695294,31.52691248414433,25.682943717918118,23.654081184780974,30.896887106384657,26.385159826440034,22.607011240640414,22.537777819220082,26.157130946832986
23.394817395219928,23.25264863699463,31.52730072154106,25.68808389200925,23.659690510369956,30.89769445059813,26.385688779157537,22.610724365630922,22.541568731726777,26.1568931388749
23.399145203241464,23.259444455666678,31.527933250788116,25.692724996132725,23.664381980620416,30.898481700071567,26.3876287560911,22.61471845383188,22.544853084703774,26.158108934656795
23.403857429605992,23.265829943924746,31.52814398199034,25.697795408715752,23.66925236208726,30.89788633598898,26.390518818744233,22.619265301945823,22.547608081482093,26.15799064829366
23.408592256256483,23.272071140427787,31.527689810681018,25.70213859284062,23.67458015480674,30.897981436127164,26.391455484667592,22.623447342478844,22.551330460154603,26.157984381597046
23.41464670076618,23.278560287626348,31.528567632184185,25.707760526656184,23.679539482605616,30.899453902414642,26.39252457670443,22.627124432112815,22.555071666801037,26.159221755525515
23.4209283556182,23.284974063388365,31.52885831537112,25.712809716333584,23.683879909091907,30.899936276057506,26.3945878541455,22.63104995975834,22.558674898592027,26.158817739312287
23.426435240595076,23.29094279621239,31.528541431152625,25.718089314560928,23.688720933460836,30.899118617603957,26.39621914131713,22.63518420933992,22.56206405431627,26.159048957979543
23.431302262068524,23.297238489879586,31.52836715494502,25.72344783076522,23.69398632941429,30.90046815402991,26.397019401864906,22.638926274953455,22.565343089190204,26.160571206700386
23.436008733955184,23.30386191196458,31.528818255652418,25.72808897786517,23.698699306647313,30.90110389162337,26.398103042446174,22.64294064013039,22.568874369385085,26.160388970843023
23.44111636807744,23.310631650550317,31.529201171109158,25.733079199976018,23.70308785276851,30.900520277521423,26.399920727917888,22.647244540487385,22.57275328234828,26.160566894434545
23.446708140842993,23.316609948777582,31.528704951173665,25.738129512500308,23.708589163316045,30.901950601359186,26.40178653476481,22.651523123065363,22.576221737247153,26.161601203846125
23.452217626910272,23.32239485835754,31.529253581384353,25.742710491133156,23.714558011662614,30.901891395520302,26.403742619928234,22.655853031147252,22.580221207832082,26.161633608492174
23.45841098114054,23.32854960699717,31.530426480925883,25.74784534051609,23.71947973756185,30.901670206722596,26.405474117771213,22.659845625562337,22.582229129681718,26.162642129629337
23.463881028699713,23.335012000306044,31.52951952069769,25.753557959934067,23.72378857160339,30.903397679878974,26.40768051659245,22.66355973944222,22.586270645736633,26.1627322390492
23.469210458988698,23.34162929981084,31.529552227395268,25.75833415981364,23.728420040339117,30.90344525978599,26.409015437403514,22.667687626138623,22.588539421345423,26.163249484926723
23.47509386360997,23.347837593661346,31.529596733039153,25.763003096233156,23.733422663052416,30.90373437450401,26.410077284795985,22.672223225359392,22.592351730099406,26.163667438911475
23.480777685353175,23.354134495829282,31.529655897401547,25.767483109175235,23.73769428062118,30.90486577118505,26.412695891458732,22.676160921452194,22.5935616027421,26.16412083844528
23.48609858158683,23.36064405284123,31.528857409962995,25.771985447089527,23.742846679659188,30.905357960343437,26.415300980920406,22.679409821947907,22.59557015164888,26.164955265686558
23.492236287442,23.367487457073818,31.529228869026014,25.77731909537051,23.74825320517687,30.906159534111772,26.41605825575784,22.683477296567958,22.598173164305866,26.164142655413322
23.49809249503245,23.374138572912294,31.529818750483546,25.78265144324387,23.753322600301146,30.907901169552147,26.417342375532606,22.687394877861458,22.60022768443789,26.164979416355397
23.503950170461685,23.38016900363951,31.529691470318944,25.787608907955992,23.758287531912114,30.90772853526095,26.419879459309357,22.69083204131828,22.602424096379508,26.16531160587445
23.510722636910618,23.38654282124739,31.530081434504098,25.792590468192138,23.763514350606588,30.908947381693928,26.420481888675795,22.694568093970332,22.60570297749394,26.164926741784065
23.51715629345723,23.393733077342986,31.529788131137945,25.79708996184687,23.76893811669376,30.90995699151719,26.421635603622732,22.698985568863364,22.60885998901363,26.16657266746302
23.523526363962862,23.400571513703508,31.529537609389035,25.802094371129126,23.774185044045154,30.910595168297846,26.42415535113861,22.70309590259259,22.61244541182755,26.1656845420616
23.530119747736702,23.406760239952362,31.52979356596504,25.806235937178474,23.779634604052728,30.911609102580723,26.424521277498897,22.706702689136247,22.616644998178582,26.16590419722238
23.537192163409912,23.412723286918688,31.5293175675425,25.811456362518953,23.784609604320895,30.912606670697706,26.425097533148467,22.710610254040713,22.619845995226644,26.167320321202414
23.543056244862413,23.41911876580237,31.52934083795126,25.81613405072117,23.789532626511583,30.91316003727137,26.427687148017878,22.714376236540485,22.622599757586435,26.166521472333958
23.54935019513782,23.425673606128726,31.52954537454139,25.820644786766778,23.79439475225872,30.914627608900624,26.430177115070393,22.718534809450382,22.626671941591244,26.165372401770668
23.555836114895577,23.431955952087087,31.52980163459754,25.825563629865833,23.79930614458427,30.91482330747713,26.430659034614177,22.722427068250983,22.63108933847451,26.167021489757047
23.562263003570077,23.43827406076121,31.530282099941044,25.82942960007898,23.80380223286346,30.916354376307286,26.431472196325345,22.726777887346913,22.63393839186836,26.166845793832376
23.569208826651717,23.444692914028472,31.530520131604224,25.834372151453422,23.80815918781265,30.916985771723322,26.433727382147502,22.73106558532199,22.637604779862453,26.16606833175989
23.576544664914078,23.451563537998684,31.530425578583934,25.839539721470608,23.812945110209334,30.918286855565885,26.43632014542003,22.735250295150653,22.641966343176996,26.166211047566172
23.583684341215253,23.457806115170126,31.53096124355201,25.843551216126492,23.817640436852354,30.918587871981163,26.436810884483926,22.739207351986266,22.645584391319456,26.166308325294878
23.590246465986265,23.463825747994292,31.531239166145106,25.848410512560665,23.82263872476575,30.920523398757002,26.437159919142847,22.742891955301516,22.64918224762181,26.165200317318885
23.59721598024762,23.469856979164337,31.53139210660912,25.852767297492562,23.827574812900203,30.919892919516542,26.439581539692224,22.74698444821531,22.652981636649137,26.16583851349452
23.604263416657346,23.4761555841014,31.531950973554025,25.85693592899024,23.833114617334953,30.921396090823293,26.441673890783054,22.750934289367976,22.656097566310002,26.16597466229151
23.610768053850663,23.4822021707601,31.532024965411445,25.86235118248256,23.83819238605245,30.92133078191455,26.442856644104204,22.755139319559078,22.65877029417725,26.165407953233633
23.61724451478942,23.488947148365533,31.5325196558566,25.867462712705077,23.842019762721492,30.922022588770762,26.443620253183443,22.759117098489266,22.662435578781416,26.166066465299068
23.624065841023835,23.495481624023483,31.532844864768567,25.871970762103565,23.846665108666116,30.923038339948423,26.445169248696242,22.76365144278759,22.666857041818215,26.166401985277314
23.630285673480188,23.501663622823678,31.533147779883347,25.876559813825956,23.852350079050257,30.92223725778981,26.447649795036096,22.768364834455706,22.670887228520968,26.1655598761587
23.636858563646896,23.507858984470733,31.533505184742275,25.88077503728882,23.856064296809674,30.923316877905094,26.449362914104356,22.772963729975082,22.67487253142844,26.166042080640732
23.643882434558495,23.514868542730024,31.53397983934912,25.8854829336805,23.859987041278107,30.924749148767667,26.45036895745081,22.77731514369296,22.67832358047647,26.167026628857432
23.65089945705477,23.521683211605247,31.534120792536143,25.890160172210102,23.864963500921753,30.923748730749576,26.45158929086733,22.781833556519423,22.682573627405716,26.166049664350503
23.65681301104727,23.527988420737465,31.534768380364934,25.89440746128567,23.869178457482807,30.923616777551437,26.453976707273412,22.786385839545765,22.686971082201968,26.166882763594135
23.66401568503862,23.53363162041195,31.534422987026545,25.898812884675614,23.873318799480167,30.92520837255002,26.45531081238441,22.791133355413734,22.690326272879282,26.166877505490582
23.67175329062164,23.53970043225443,31.53553743141532,25.903168157678003,23.878159938130818,30.923837549673063,26.456147959302754,22.795596794726663,22.69401195972197,26.166368236894332
23.678118112495547,23.546122725697458,31.535481388094183,25.907681382467295,23.88289978569858,30.924327558542643,26.45797713090506,22.799754992303725,22.69854070614126,26.16803537580426
23.68428175889982,23.55241248136171,31.535810190940552,25.91225894307389,23.886523445725253,30.92650645984394,26.45969973648196,22.803625046637784,22.702580127809764,26.167590524657506
23.69170834468488,23.558426992837926,31.535980616569113,25.91612497928185,23.890855836067416,30.924866999210682,26.461392035795473,22.808062809222275,22.706734157061227,26.16714673424887
23.697992224526857,23.564944754637573,31.53663488624316,25.92004768889222,23.896477754116113,30.925637702261252,26.463104112642853,22.812987498689683,22.71034671656257,26.168870366642366
23.703436100399173,23.571691712387043,31.536925527800143,25.924999019941378,23.90122638447523,30.927013497883866,26.464829483881612,22.817751560730912,22.714081886089055,26.168013270338342
23.709316933832415,23.57803227516225,31.537772512024024,25.928746134895317,23.905355356178596,30.92545783282571,26.466660219155166,22.822056380566686,22.718367337431374,26.168410198433968
23.716934807653764,23.584361805616737,31.537729000373524,25.933844074793576,23.910450826935488,30.926869998903314,26.468058611604583,22.826140386374515,22.722151108618853,26.169059232110076
23.723124676058156,23.590560808551455,31.538256328729585,25.937983185819554,23.915932423671883,30.927884190813323,26.469496790641433,22.83074301384061,22.7260427524035,26.169332270642897
23.728354280225403,23.596820198520383,31.5390154723745,25.941149522589463,23.920605579636103,30.92736057116594,26.470972157449243,22.835080312386506,22.730134520726757,26.170061016286375
23.73483069052795,23.60293413039113,31.539141686756626,25.94551856073454,23.92457091827562,30.928467585021117,26.47282358129011,22.83931645298427,22.733925869228454,26.170766146014003
23.742549030525232,23.609032286916435,31.539186119684658,25.950385390052656,23.92893211793046,30.92926944151507,26.47527978114693,22.84382389293392,22.738169371235767,26.170711560581097
23.750129126866526,23.615129132302982,31.539601894845866,25.954379557215503,23.933680895218558,30.929809578898805,26.47653943711951,22.84794234706419,22.742574427469187,26.171494257915768
23.756415740492734,23.621276195224084,31.53940869541684,25.958585031590747,23.93839639561008,30.930411596849517,26.477403162640385,22.852095077555674,22.746265095496717,26.172180226743325
23.763037859323575,23.627672979383888,31.53929500302293,25.96350561825375,23.94291023419564,30.931255880536696,26.479237325985295,22.856978065859963,22.749705231040647,26.171400134664825
23.77085575211252,23.633243559481215,31.53914470777318,25.968157539235758,23.94746199898371,30.93168402898019,26.481680514872124,22.861918279423183,22.753670025659495,26.17238652348447
23.778543638861894,23.63905510563331,31.539318814791102,25.972367547793567,23.952308566012466,30.933117260059227,26.48314009012737,22.866249820587687,22.758467753718268,26.172449023871025
23.785208872173797,23.64508001100012,31.5397945094038,25.976966705799946,23.957224197852625,30.934293694216016,26.48485817100537,22.870363290022375,22.762306453101495,26.173612025540194
23.79202113267743,23.651374724604786,31.53961090774653,25.981593909821594,23.961805515617737,30.934613135828762,26.486752494572595,22.875027328125658,22.76546855323163,26.17418982896421
23.798914231639543,23.6574825604178,31.540148614759524,25.984468614720036,23.966631976257972,30.935199979139185,26.48853729321675,22.879527797748068,22.769738853413024,26.17336742924644
23.805848248433954,23.663901562337184,31.539615063777898,25.9883209216901,23.971805027014042,30.93609619695065,26.490125778412043,22.8840915153878,22.77470144526086,26.17500314182909
23.813285200917626,23.67056629690446,31.540529896739663,25.993342098050185,23.976544367058107,30.936779365494715,26.491610489790567,22.88907339040591,22.778626508526166,26.1741244343955
23.821173467699136,23.676612008411574,31.539896506252916,25.997497464205747,23.981231805175884,30.938171880864473,26.49338344688983,22.893480001082086,22.782879240423483,26.17476780978098
23.8288661193683,23.682492087607898,31.54066156314564,26.00255701817074,23.986283882900405,30.938558213094183,26.494840010148884,22.897977655179215,22.78650486198611,26.175696566618356
23.835864727265093,23.688660105789452,31.54046533741427,26.00697020321318,23.990528123007028,30.939656712955582,26.49637137870649,22.903157807741273,22.790455201165646,26.17486373607706
23.842771623355002,23.694427013844592,31.541120508903717,26.01036938923064,23.99483377907074,30.939741782002464,26.496863178230342,22.907965224586107,22.794564181146356,26.175872448515072
23.85066199016674,23.70028676713726,31.5409171402359,26.01431266909649,23.99955044354956,30.940682705334865,26.49914342868224,22.912219780587037,22.798321843923013,26.175399718178216
23.858193879777204,23.70635961894678,31.54149985140713,26.019075086905712,24.004605419244065,30.94003802685996,26.50081085887254,22.916523586871456,22.802367297084068,26.176468426861437
23.86570708807183,23.71237363826499,31.541023805545983,26.023051913596284,24.00890737585884,30.941186940759454,26.501267094525673,22.921728402566174,22.806205883679183,26.176824581167804
23.87307447901959,23.71864988003526,31.54133411471538,26.027443217542633,24.01348070216423,30.941379480082997,26.501891340748678,22.926243854642188,22.81062267135258,26.17668093015837
23.880889208653173,23.7247804765708,31.54169107323515,26.032180650827677,24.018349483485398,30.94107664293898,26.50236371942848,22.929913692628997,22.815486231794463,26.177148100504155
23.88831087726531,23.730826070791245,31.541183709021144,26.03588298849632,24.02314296394161,30.942705827005046,26.50369322213194,22.93383406107676,22.81966283376412,26.17771662780916
23.895168804505076,23.73672113225114,31.541332969616708,26.039636115126804,24.027885804587847,30.94241068244903,26.50540132985533,22.938398991859586,22.823606114772893,26.177413065124902
23.903147953360033,23.742822956890016,31.540814222480513,26.04420335569777,24.033388816959338,30.94289967948071,26.507059421998814,22.942407349577515,22.827631867014908,26.17893271835699
23.910738827806345,23.749111605256967,31.54147146750585,26.048268392747687,24.03788860334766,30.941492655684538,26.507790367998023,22.945742423504885,22.831878295236873,26.17815824988495
23.917836788271774,23.755123236396216,31.540908586203926,26.052066524234448,24.041963819842795,30.943088512151824,26.508496416035243,22.949426076662025,22.835465159253733,26.179162813828775
23.925845493857313,23.760501699734803,31.540737413056302,26.05659014279602,24.04619073995123,30.942900548420255,26.510494626056094,22.95346330374678,22.83939588014097,26.179859322554666
23.93299066033546,23.76622312728852,31.541558725321647,26.06109823516498,24.050786112500127,30.94310530548274,26.513212235655878,22.95717498294682,22.843824136017933,26.179886687087183
23.94075295716999,23.772669891841737,31.541735352969184,26.06420042162903,24.055418453393763,30.943235172691367,26.51421012615042,22.96023723339475,22.84863608697643,26.180591113910946
23.948668178377805,23.77883172188357,31.542198526747875,26.06802745768878,24.060418526750592,30.944304833532414,26.514401196943428,22.963612976688708,22.853019103023165,26.180831015740765
23.956310360412427,23.78487868747582,31.542479545219372,26.072448192552162,24.064425626805736,30.944825576891013,26.516186933293888,22.968150347814003,22.85679560498613,26.18198286188268
23.96374907922209,23.7907681937034,31.5426120921688,26.077070844929032,24.068302747052577,30.94348549341474,26.518510000539827,22.97341084589501,22.861184267266204,26.18162908541107
23.970586575965296,23.796507054390133,31.54256217816078,26.081875807232585,24.072612931252646,30.94466949521305,26.518684050535878,22.977920932405226,22.864027684303494,26.181995848755385
23.977671665476628,23.80251929556174,31.54275778672119,26.086308580055267,24.077302853479008,30.945565815826743,26.519114202054162,22.982235362951275,22.86788232150238,26.18291261308228
23.985071986449434,23.80855578611342,31.54315121039368,26.09027935400276,24.08250327677552,30.945931148748965,26.52074582289675,22.98660557930048,22.87126338163319,26.18254352938827
23.992133420871635,23.81422459302786,31.543431901136696,26.093997079593954,24.08817478049297,30.947016112047496,26.522406692105328,22.991089550103414,22.874436330907933,26.1841235236197
24.00021715768564,23.820041896715097,31.54438625385101,26.098142454047995,24.092836937543257,30.94733326373319,26.523804133897244,22.99567513765787,22.87880881995609,26.183348712264113
24.0084122459485,23.82627304065654,31.544650705750428,26.103592780655447,24.096788799604735,30.94840668955846,26.525419115684812,22.99997935421593,22.882461203675618,26.183768395865886
24.015804958436455,23.83248571439467,31.54536010155352,26.107220649799842,24.101030520684162,30.947624464355133,26.526769861707105,23.00471548269799,22.885214291345903,26.18455603028417
24.023657168487706,23.838093434587794,31.54593345855657,26.11025222724541,24.1057890179394,30.949432735898526,26.527759748148934,23.009473304457874,22.88896772479431,26.184778828966245
24.031758009222138,23.843825680247352,31.546332561023895,26.114468488605635,24.110847418992268,30.949076738912595,26.5292970168261,23.0142894088968,22.89298963674637,26.184552151491097
24.03944173360862,23.85005047924182,31.546688507667575,26.118260309105494,24.115032136655927,30.94984925699084,26.531669575304406,23.018719321678766,22.896865623119915,26.185278059386356
24.04720108191026,23.856324212760605,31.547335673295418,26.121623915847792,24.11931662159472,30.95160857278919,26.53261168486713,23.02377708300575,22.901237470270086,26.185610753832755
24.05526192368528,23.861956571659636,31.54730256413465,26.12658137087169,24.12355339258471,30.952016731035087,26.533677703161832,23.029270159582378,22.90509154854245,26.186002264948094
24.06301014863132,23.866875871639262,31.547835760545397,26.131255254304225,24.128000262345324,30.952615704311803,26.535683243024273,23.034121393606707,22.90864878119626,26.187024667922728
24.070627944423464,23.872431453993332,31.54789053973422,26.134631074501762,24.132899041099222,30.953380260800827,26.53867344688114,23.037950807509766,22.912729313470116,26.186507140500453
24.077040509118323,23.878383383808885,31.547698599172683,26.13792014159352,24.137820254909816,30.953140855009448,26.539764453405773,23.042294764938678,22.916967316734326,26.187633302144818
24.08481726907479,23.884852368174382,31.547722694685994,26.14211902140856,24.141981699686106,30.954629777300084,26.54044285638946,23.047583514000895,22.920629254049416,26.18797573262767
24.092312191715344,23.890526953210767,31.547607785429726,26.146482663300233,24.146281244303047,30.955480433868637,26.542022530154167,23.052143514398907,22.924656015927187,26.18761302437298
24.099936042174694,23.896289574076576,31.548040819853686,26.150683022228787,24.15093858566038,30.955644984067185,26.54426375294471,23.056226379950118,22.929160852559654,26.188795915338364
24.10645547680112,23.902765567886707,31.547691801254597,26.154406292035798,24.15592072303925,30.95710470753286,26.545212521190592,23.06110409042304,22.93294964135589,26.188768162491336
24.112946200754116,23.908530192986927,31.54819005778318,26.158963996933583,24.160432747251544,30.957618866817906,26.54560744578133,23.066773789418498,22.93698466855288,26.188920642189245
24.120386391774336,23.913789534722042,31.548073272673143,26.163211025015137,24.165070630873927,30.957546116324256,26.547333730672662,23.071085590030226,22.94155396641439,26.190582325147055
24.12778062230634,23.919581636312227,31.548955850553458,26.167269462693827,24.16903240792051,30.95874908776561,26.54961372090378,23.07537627112062,22.94561275341064,26.189256905379303
24.135260866790908,23.925124218641244,31.548838153402908,26.1714286426303,24.173259283836952,30.95948902485826,26.551202937805606,23.080286708401356,22.949107850622084,26.190438373507146
24.142774763277824,23.93047004071485,31.549163196241295,26.174603711017514,24.177547379739547,30.959248005255663,26.552836031080645,23.085824218803694,22.953640624339087,26.191156402368794
24.150177218908734,23.936228775860915,31.549565353830108,26.178406615148518,24.182289759613283,30.961143416022956,26.554645064212625,23.090863063930385,22.957928502953457,26.18974686176778
24.157327625221733,23.942691749554726,31.54943002504405,26.182744147019243,24.187124967285914,30.961283932028316,26.55656770709311,23.095057176185314,22.96218905395596,26.190878815858962
24.165400444907764,23.948888572225492,31.550025113593243,26.187693395502095,24.191811607232804,30.962123060024158,26.557830509728362,23.099487642806373,22.966457043330006,26.190527728901777
24.173736874388815,23.95453992329283,31.550166700297705,26.192499667423775,24.196251242345014,30.963037322100142,26.55977689094467,23.104614915887474,22.97070789144607,26.190865837824667
24.181526876584595,23.959934881509803,31.550781839389614,26.196826494695387,24.200494149089316,30.963515509555464,26.561860355828166,23.109795803460543,22.975057624468036,26.191113602564315
24.18904006296691,23.965873530064428,31.550910019618893,26.200118411569356,24.204731612139938,30.964313367211478,26.563267298846238,23.114289668530862,22.978733034084094,26.191179020568775
24.196073525542086,23.971863804494873,31.55127699062245,26.203694163030345,24.209341655339674,30.965250088917742,26.56475732721232,23.119284809512116,22.98242459911116,26.19160027781905
24.203591138091053,23.977538867671015,31.551772387955864,26.20825880873967,24.21407169857577,30.964400032964612,26.565715529307298,23.124538559181943,22.986414107989027,26.19193706750226
24.212241427739386,23.98301096858283,31.551632106044227,26.212366041195942,24.21811495973993,30.965948151906943,26.567484390565845,23.129667364900847,22.990336037048834,26.192516733864064
24.220501555219947,23.988837238985706,31.55227861024281,26.216408029724985,24.222532989597056,30.966093801955182,26.56970882057439,23.1348961684642,22.99423914345092,26.19189550374392
24.228105643981216,23.994785469538712,31.552482321486586,26.220535745299465,24.22712165915632,30.966074239110753,26.571358665927495,23.138989445921826,22.998211634351406,26.193166321011287
24.236351417911205,24.00033102480584,31.55318616257256,26.223727572680758,24.231598220058,30.96662650918843,26.57284836829384,23.14372933150033,23.002236204540726,26.19381575265116
24.243489509056456,24.00623454780333,31.552917416443268,26.227831949163903,24.236095212210863,30.966823289252396,26.574904145545748,23.148645644864402,23.006383493743265,26.193013101766944
24.251021697102367,24.012002787878473,31.552896339870067,26.232156701727508,24.24115482364481,30.9671542417046,26.576470720890256,23.152830307440727,23.010603395037982,26.194152672733363
24.259221965579925,24.017555807082953,31.55345695237161,26.23575808094135,24.245730419302035,30.967974912685236,26.578329589708613,23.157179351812584,23.014805267366363,26.194053763780442
24.266932848660186,24.022985235483606,31.55328268938042,26.239898002822216,24.249962285721,30.968850112679288,26.58047076572787,23.161900688159427,23.01845142423314,26.193840235678007
24.275201512097553,24.028508114324442,31.553486373851687,26.244569349716855,24.254853928546723,30.96876380073555,26.581017582038818,23.165352204412862,23.02250842100943,26.19501657170009
24.283073474806713,24.034536810297887,31.55308823373643,26.248420752765465,24.259118225920453,30.969778562029386,26.58257709084324,23.168735009409925,23.027353819672737,26.195162431361936
24.289587117014776,24.04092275559245,31.553453700021855,26.252717666837604,24.263336334492923,30.96997288083452,26.58459839174434,23.17280973533915,23.030959811202365,26.195104863139797
24.297657594447813,24.046373747780756,31.553677172473186,26.256752285146217,24.268107751113902,30.971383423562354,26.58541655275163,23.176907813053653,23.034499096834537,26.196011921137703
24.30634996322795,24.051809842244275,31.554329742112483,26.25957531000789,24.272692146183417,30.97162441155081,26.586406444874093,23.180731474076875,23.037457417964138,26.19594087898374
24.313651059495353,24.058058193844353,31.55389690526283,26.26285178125452,24.276296188042924,30.972484482584047,26.588166736785418,23.184298891380458,23.041691758073295,26.195475263059897
24.32160537185552,24.0637305198897,31.553633569677896,26.267330695327434,24.280380993556502,30.972876584732525,26.58937307644868,23.187528809372328,23.045725775893228,26.19755159371102
24.329386660589467,24.068999414035062,31.553462600463572,26.271432404482326,24.285425542973904,30.9736826912875,26.590291979181035,23.191278579667337,23.049448677965355,26.19637108806002
24.337031584323,24.074610451378827,31.553164809604155,26.27588027094606,24.289565766662506,30.974339380378613,26.591784145048834,23.1959315145148,23.053599139897525,26.196752700427343
24.344815492498096,24.080165574094316,31.55308252784674,26.280281411134006,24.294058272134855,30.976137078708415,26.59400129316492,23.20019829602856,23.056838138075886,26.196604202026474
24.352496929667748,24.085246318965126,31.553891656450954,26.283798481464487,24.29864661678409,30.97550794767345,26.594472632552137,23.204440933326843,23.060280394966114,26.197143960159526
24.360596574988552,24.09049032685962,31.55387447545609,26.28752848590775,24.30321073250793,30.97651793292102,26.5957722131445,23.20943624783996,23.06426406051053,26.197376869361023
24.368558866593418,24.096061577068348,31.5541455363589,26.29207126080965,24.30734921898832,30.976998401939824,26.59833978668921,23.21408401803709,23.067702775981466,26.197492693469098
24.376512786917083,24.10157405764151,31.554290616520543,26.29640618072418,24.31211093828874,30.977357344983673,26.599192401645592,23.217911887229057,23.071968757631254,26.197381063761046
24.383677304829966,24.107195344904934,31.55463852651147,26.299710893197343,24.317193372152424,30.978388658787217,26.59992117168997,23.222342981496247,23.076339032165563,26.197825386196115
24.39265967165945,24.112768379443608,31.554705638873486,26.30350450189091,24.320710825579287,30.978538750841743,26.602274316397487,23.227486977811488,23.080072697664022,26.198294357050482
24.401225167197897,24.118056042109256,31.554824594757562,26.307389153031714,24.324519879457867,30.978858558846593,26.6040255673107,23.232471639474458,23.083982819000756,26.19858088847904
24.408959090573177,24.12365721191181,31.555448584176755,26.31140104931478,24.3294981506239,30.979520170746614,26.604997058300526,23.236862724054873,23.08701459900461,26.19833991975305
24.4166072907837,24.129544938755117,31.555705208832126,26.31582107381801,24.33394046330374,30.980749122360514,26.60570366085414,23.241345624286133,23.09045877537722,26.198248635687605
24.424672337916178,24.135056524689553,31.556150042128024,26.319831974279456,24.33783096765724,30.9802916391291,26.607317989048024,23.24611658576947,23.094604492949273,26.198083163394333
24.43267664317165,24.140533313551494,31.555994978037866,26.3235669513977,24.34284165815867,30.982172044828783,26.609735640528083,23.25094101012526,23.098618976288073,26.198121556014115
24.44141958064963,24.145160602072284,31.556517957663736,26.32702084291077,24.34742994892584,30.982012469347254,26.610666051348296,23.255485620075753,23.102450564908462,26.197792236315756
24.449408848579964,24.150270935689235,31.556573978395477,26.33101307921645,24.350879203781265,30.982740527347318,26.6117938415667,23.260206512875637,23.106258957147734,26.198981446456322
24.457545284654508,24.15594472694287,31.55699449029253,26.334217524769834,24.35533180550982,30.983220053195485,26.613332194775946,23.265099441110593,23.10981429899947,26.195839327806596
24.4661877805828,24.161801528961742,31.556733591849664,26.33814968768528,24.360081471074565,30.983062437440644,26.614884922700437,23.270219684035855,23.112985180719186,26.196648345449173
24.474958337911573,24.16712817281454,31.55711688109982,26.34288442298999,24.36396585234445,30.984514454858378,26.61640467852074,23.275063197684748,23.117216838176297,26.19693053377805
24.48253325936427,24.17283800123657,31.557130789356297,26.34685457463455,24.36761497319558,30.983431398426834,26.61730989625445,23.279820749459596,23.121354608255626,26.196217720155737
24.49102584521821,24.17866985881777,31.55730120023599,26.350986174422513,24.37162218451896,30.984654602270755,26.61748989568661,23.284404971292428,23.124754641488778,26.197378215342116
24.499572812793442,24.183912099278903,31.55766289029557,26.354418365555695,24.37609831375495,30.986216288549954,26.619481243620882,23.289343477456047,23.12864159260488,26.19594250453
24.506077840535934,24.189126920865146,31.558041342710375,26.357686363503632,24.38064483688661,30.985336687436526,26.622320738653478,23.294110298444636,23.132540917944198,26.195262256794667
24.513801491683203,24.194612174162305,31.558212553628877,26.36161581385175,24.385191354553367,30.98611023115815,26.623484533775233,23.298631570220103,23.135759991402814,26.19626307530197
24.522622940044528,24.199624006986422,31.558668586792674,26.365563908891147,24.390111203861714,30.988052008277194,26.62421919142982,23.303426531164682,23.139222946990667,26.195435134804214
24.530681261713802,24.20495756048346,31.55897207060482,26.369814165519067,24.395237203222337,30.98629531731661,26.62475035163081,23.308163297281457,23.14300623472521,26.195399616771056
24.538501910450258,24.21041769974408,31.55941330179898,26.37358956021329,24.399073656385898,30.987634435319915,26.62569615128383,23.31335377489092,23.147153478579597,26.19510498628328
24.546968088018502,24.216364758043575,31.559542676304446,26.37729309931189,24.403266603311693,30.98734422674444,26.62797791742242,23.317974280896593,23.15117164396806,26.19598979724706
24.553447597823755,24.222200836073196,31.560066629086116,26.381081109512827,24.40776860780098,30.986814144947395,26.63006359543941,23.322529649194742,23.154870269604597,26.19595849756235
24.561389370967042,24.22742146844505,31.5603974548469,26.384520898280655,24.4118978171848,30.9891750069478,26.631325569969285,23.327489573511443,23.15860981364733,26.196093540502233
24.569770696658985,24.232701461605583,31.560650515142477,26.38866059971456,24.41581998859897,30.98912649502345,26.6330087979912,23.33111082508529,23.162281681810594,26.19664588836986
24.5776910920426,24.238158951266968,31.56119633061997,26.39264428239617,24.42021001494611,30.988562378171757,26.634732112217897,23.334663365831283,23.166039579200792,26.196741803208727
24.585656042812857,24.243666054153053,31.561220005776395,26.396202896308722,24.425041222075702,30.98970237211441,26.63681433527786,23.339374310361393,23.17028156446804,26.197579192779035
24.593094500898836,24.248408722329433,31.56194091776673,26.39999804743933,24.429174465982534,30.989286338457482,26.638326094264187,23.342900053545538,23.1740787464245,26.19775607780277
24.601335179765385,24.253763610167326,31.56160457036663,26.402924018533582,24.433670645130235,30.989791873018874,26.638709859434023,23.34564579083576,23.178127713329634,26.19764158101215
24.608809316437995,24.259803815372912,31.56233824428325,26.406832299522165,24.438591282749623,30.990972915213497,26.640993451601148,23.348917750929026,23.18231013520088,26.198133394876283
24.617464211890475,24.265955012005406,31.561694747692254,26.411091883696116,24.442693447647144,30.99118385542543,26.64223483172625,23.35200854007219,23.18585687836172,26.198932641912233
24.626010287283012,24.270955648357496,31.562258872144696,26.414840227814295,24.446514736759724,30.991805994941096,26.643550072502286,23.355575721958534,23.189506994740412,26.198319467558207
24.633766518506484,24.27621280250048,31.562377906163846,26.41872715783387,24.451566469612303,30.993065214372898,26.644840267024993,23.35924436226597,23.194011561052772,26.198988266509275
24.64216570985481,24.281755232193056,31.56291743197381,26.422813117530374,24.45615361850711,30.993236170946375,26.64654491110394,23.36339330091191,23.197695392668113,26.19954853369974
24.650863929825913,24.287219553121034,31.563060779672398,26.426778407880754,24.460051193909635,30.99462075355426,26.648353654133064,23.366629803196055,23.201001143521495,26.199240990805883
24.65715990082691,24.29192902435821,31.562867682989463,26.430346924574685,24.464628211931412,30.995294323143497,26.649444630587208,23.370114801181803,23.205092240659944,26.200181122712824
24.66500931058695,24.297193214466986,31.563993232005764,26.433602975453013,24.469670669362024,30.9959796763071,26.65044237275658,23.374487860643114,23.208929320669984,26.199804641655806
24.674051240557098,24.302714531366433,31.5637528083016,26.437850650204815,24.47354934377617,30.9962210112497,26.652895935132097,23.379273522563373,23.212527159436164,26.19960331640819
24.681613285594942,24.308052691049618,31.564367365708286,26.440933871244148,24.47689866095166,30.997819562277616,26.654176515077715,23.383750745458723,23.215470518459234,26.20171138881528
24.689002945803527,24.31383771475245,31.56502932625329,26.445084654195213,24.481759545630663,30.99768867869429,26.6549575355269,23.387331675825695,23.219877951301292,26.200048307786727
24.697589105391685,24.319279128510317,31.56518313766454,26.44911365480013,24.486006262117442,30.997799720360973,26.656881869916496,23.39138502574974,23.22329704317817,26.201220793586803
24.705885785115523,24.324852286112225,31.56553774713651,26.4531237618771,24.489410964787794,30.999360995689948,26.658728284269444,23.395712760610778,23.22665243781791,26.202044127467495
24.713102427700946,24.329736326280702,31.56538664894615,26.456477078731982,24.49363421046771,30.99884453898057,26.660431160390612,23.399958548829396,23.23072341020264,26.20047985484554
24.721108983887238,24.334680226560558,31.565869163743624,26.459499142298245,24.497757642569916,30.99992035043436,26.66183498348866,23.403912077307073,23.234282728079098,26.20224947805051
24.72887263335416,24.339704143623045,31.566033639313385,26.463840927091468,24.502187042453556,31.000304277270907,26.66238550674461,23.408410281523345,23.237820985202088,26.201996224991014
24.736749668956314,24.345436252932814,31.566630973007072,26.467943787423923,24.5071499258042,31.00075795623034,26.66426972471485,23.413190365606216,23.24139626385025,26.20122278161425
24.745056323500382,24.350630533372435,31.567272435000405,26.47068396914726,24.511569118773075,31.000445554476332,26.665593305107368,23.417457470205566,23.245086900690165,26.203038285704558
24.754123263546393,24.355367312494067,31.56759011610831,26.475021601753976,24.514405664218376,31.000842073340166,26.66650028740007,23.421157210634682,23.248537201991372,26.20205376101001
24.761119710963268,24.36027466749234,31.5681429090538,26.47831911175693,24.518103561693877,31.00015427890705,26.6683610875589,23.42540632354577,23.25182183737272,26.201969830051528
24.76837322598068,24.365490983437738,31.568353706681037,26.481448920977964,24.522706729751356,31.00207437049043,26.670146673265748,23.430277521802076,23.25542840272577,26.20349033249947
24.776833079590975,24.370576168330924,31.56887026660791,26.4859317767416,24.52673413194512,31.001653532889804,26.67097024583894,23.43520029417202,23.259423657630684,26.203549524048313
24.784343433615753,24.375969673826287,31.568824077378967,26.48877642092581,24.529744504155886,31.00189100654671,26.67210199294039,23.439818834446076,23.26312828483654,26.203323018578374
24.791960441460652,24.38098143291772,31.56943335511408,26.491914167753507,24.533868753154053,31.002864614717502,26.67387096694586,23.444472223595483,23.266606325602638,26.204096116008525
24.79990110405606,24.38694614635068,31.56953540638137,26.496326632258093,24.538793170103368,31.002887722242534,26.67569178100741,23.449091332852507,23.270684102821875,26.204652415272918
24.808363528999973,24.392412059476683,31.56958813930697,26.50032937956773,24.542291177195196,31.00258573593315,26.677911219506697,23.452913834790273,23.27418547497995,26.20389448225577
24.81562745645376,24.397519128273366,31.57025487576056,26.50363853775426,24.545937810577847,31.004284522711863,26.679106407871394,23.457017232039775,23.27787294946575,26.205038905844205
24.822483289314306,24.402821317667325,31.570590494518264,26.506753815797563,24.550568046793032,31.004888791502342,26.680097319630587,23.461135972562992,23.281760739201175,26.20531508231503
24.830720423217542,24.40823822443491,31.570737866212145,26.510865099498613,24.555205036481237,31.004066400017383,26.681635840160457,23.465312197702456,23.28471678555683,26.204645559656903
24.839031317866258,24.412696560409653,31.571328653533275,26.514544341411344,24.559373316902473,31.00485685859701,26.68311956326661,23.469814861766775,23.287904721086758,26.20624040374064
24.846977388728106,24.417599600117565,31.571403615518992,26.5174678746583,24.56279779682147,31.00495165792985,26.684115325233584,23.474318527445078,23.291452914318526,26.20607502995041
24.85492758569029,24.42330402530782,31.57167475350837,26.52157707299752,24.566759051026356,31.00557804213671,26.685115945054534,23.478596203538192,23.294764089150867,26.20546756749379
24.862897943318924,24.42903371611223,31.571975435336398,26.52511872150272,24.571368564777536,31.006085216559033,26.687476700456763,23.482539834052616,23.298720446108753,26.206620970367336
24.8703525251156,24.433838806695466,31.572496435590484,26.52829552842018,24.57531798469944,31.006829253289663,26.689980171681317,23.486887911786983,23.302829224477616,26.206624483690458
24.87878326470417,24.438724856074817,31.572112446084514,26.53220228117437,24.579371378307783,31.006768984126904,26.69155533784563,23.49094903700001,23.306945737788695,26.206971605345384
24.88724202814941,24.44458078570961,31.57250140386617,26.535430420791766,24.584144807671212,31.007676707500302,26.691645117857753,23.495438869065207,23.310148402843364,26.20737320338693
24.89514110998812,24.450107907733635,31.57237439157145,26.53908607772673,24.588186408602702,31.009092416895786,26.6926099133871,23.499721094855687,23.313341019974395,26.207672346082976
24.903093976526907,24.454657529001068,31.57270403975659,26.54187342364824,24.591599527554866,31.007476466996778,26.693774244838625,23.50331249825502,23.317617843155954,26.20764926188594
24.909657649835943,24.459874554996738,31.57295899431992,26.544806068841908,24.59534799459511,31.00911740118373,26.695348804513657,23.50747167790975,23.320900128300654,26.20808538968427
24.918704619465707,24.46509094950853,31.571857446280323,26.548799323914707,24.599780493366428,31.009780505174472,26.69723646075189,23.512532218148717,23.324201254270672,26.20878983407507
24.924525250052074,24.470013174432125,31.57174158041495,26.55220472315706,24.604576368788624,31.009831110831065,26.698439786688798,23.517211927058103,23.328323299916455,26.208212865070752
24.932143879809374,24.47515600674211,31.571387115334307,26.555338351617475,24.608947798345973,31.009837367369624,26.699697786480115,23.52114408149779,23.33128323161652,26.20948984910147
24.93891581207357,24.48062362651916,31.571822128068515,26.55887453237782,24.612773069070748,31.011033637705122,26.701878436302138,23.52529864789382,23.33443836235282,26.209429596679037
24.94563483423409,24.485644371946233,31.572201831953723,26.562530974036317,24.61717800289469,31.01027997290002,26.703329748095626,23.53025649002732,23.33813001438683,26.209357378300165
24.95297728189218,24.490770870873217,31.571404551266955,26.566409073610924,24.621439623920097,31.01073389953923,26.70388832454171,23.533869345489073,23.341851095354937,26.20979298229573
24.961131837652715,24.49592295509614,31.572021740510987,26.569983905509496,24.62494827003887,31.01193266423862,26.704324306369557,23.537334825212717,23.345431531903813,26.21051812436177
24.969370710627903,24.501040866488125,31.572497562543003,26.573122508629666,24.629465358192974,31.012085543956772,26.706144799300667,23.54142602518476,23.348721023519143,26.211041466955454
24.976840726242298,24.50601816151304,31.57150333142618,26.576763061529597,24.63362511195693,31.012831558160492,26.70816034024595,23.545786427537777,23.352781550507736,26.209903084441187
24.98422027505187,24.511730368241476,31.571708408596347,26.580086604513827,24.637266970479196,31.01327560842038,26.70953924418145,23.549379369465534,23.356722983374638,26.211168785582014
24.991187462014498,24.517045958422926,31.572227263909006,26.58362049337366,24.64099453739085,31.013385939923914,26.710383773856403,23.553159359392026,23.36006247354871,26.211260157049516
24.99866970486189,24.521961039267342,31.572331067088406,26.587126444909757,24.645362936507475,31.014549324156746,26.712095687418675,23.558034783717826,23.363705370152573,26.21157150831357
25.006663422053165,24.527525885196976,31.572505960371622,26.590507761276008,24.649666261500585,31.01505800623989,26.71357659955885,23.561828615714564,23.367333680707034,26.211878549607928
25.014920087448857,24.53269063822491,31.57295177664399,26.59360257462826,24.65424058238685,31.015761253204715,26.715092136431462,23.56598749657591,23.37069414003657,26.212196721424622
25.022104322868376,24.536988156424975,31.573131167774452,26.597823914188574,24.658279422209116,31.016832228534227,26.716441404508778,23.569963697106996,23.374187669804734,26.2130306098523
25.029708664054734,24.541833156637725,31.573771180384604,26.600168914235386,24.662184644284665,31.01745164954789,26.71729903516563,23.57435881335617,23.37731770670592,26.213108577925222
25.03689576538402,24.5477046235338,31.574508334577246,26.603283105077438,24.666830947052773,31.01831808950542,26.719113714134686,23.5786287499652,23.380970621890242,26.214082263709923
25.04442529709078,24.55261111137149,31.574523511097414,26.60670999204516,24.67148764397754,31.019525409030777,26.720959380845105,23.582489504297918,23.385104635286954,26.214017503133505
25.052453429159065,24.55695500146648,31.574493331862556,26.609404888516348,24.675923387304746,31.019425383211555,26.722586855372604,23.58671952453097,23.38868104136521,26.215005518140273
25.0599090262107,24.56167690899434,31.574983409333534,26.613159500484667,24.67984761211561,31.02138046603047,26.72392325203376,23.590980810187105,23.392358676859576,26.21554023351349
25.067205348947297,24.567152364816618,31.57546557597994,26.61696394294578,24.683489142560045,31.021386215316937,26.724421308979522,23.5941150268448,23.395717975087695,26.214538541882547
25.074375308680047,24.57188845729274,31.57559073307877,26.620000522291676,24.68735148334943,31.0227759511065,26.726513874481235,23.59776476178134,23.3995216408349,26.21628170774671
25.082460873337368,24.576592091730653,31.575667860658996,26.624064955635266,24.69176345924952,31.02280926701708,26.72835379637061,23.602449502705195,23.403262370323624,26.216011100465696
25.090602602989506,24.582074948301255,31.57607188555627,26.62733055135581,24.696001744329056,31.0242124968037,26.729509109381997,23.60609869041462,23.406951591370433,26.216790387054786
25.097577992640257,24.587444185743486,31.57636576106924,26.630184245220402,24.699671370974276,31.02380627698725,26.73128480435257,23.609470522228087,23.41085383731805,26.21761245070038
25.105265924114576,24.592199825985837,31.576186244464367,26.63409101033934,24.70406398867299,31.02510251916152,26.732889232464846,23.613465823284926,23.413453670359292,26.216929835017268
25.112839907375538,24.596790201736884,31.57691064900749,26.63842068768426,24.708698181585113,31.024382758674726,26.73414422280287,23.616683187896314,23.417132789693518,26.218246537267056
25.12058428813958,24.601848956977026,31.57684615724932,26.641072056004166,24.7123748125776,31.02479375418431,26.734427857168825,23.620273861989443,23.421364148933527,26.21772423836635
25.127857733936864,24.607070621377755,31.577141584483215,26.643611828131114,24.71662671172126,31.0260792083794,26.736514936480514,23.624110280268887,23.42498761326329,26.218870959486793
25.134482557497584,24.611890400562046,31.577691704359854,26.647401033106966,24.720870714156845,31.024463203339693,26.737661963547147,23.627066700106198,23.42873600986126,26.21910570287611
25.1413427656812,24.6171488360684,31.57874600461912,26.650242000151884,24.72452034132538,31.025012696252997,26.73941957759615,23.630373504635536,23.43154842140091,26.21914640276135
25.14959105302049,24.622481933034987,31.57807720272863,26.653604415172715,24.728922361091517,31.025262603541034,26.740982880378134,23.634532532562638,23.43492823395025,26.220145266647968
25.154953251968173,24.627492114368877,31.578496826323686,26.657775088060973,24.732851186436978,31.026064810609626,26.742185241252198,23.63801786961833,23.43829209007335,26.21939984798545
25.158795179331918,24.632776369392943,31.57826569835544,26.660493058028017,24.737023184172614,31.02623666609493,26.7433218722042,23.6409221787937,23.44165218430002,26.220789986880007
25.164490056550473,24.638254666701602,31.57834217365115,26.66349649389826,24.74125999926239,31.027015634685885,26.74498169006832,23.644727442571302,23.44575879035373,26.22026071486505
25.172445050872838,24.64272820348052,31.578883216169995,26.667355691143598,24.74512731233128,31.026469604482255,26.745777497471156,23.648916154590708,23.449514263170283,26.220839869106936
25.178925075254412,24.6474109380028,31.579194517047245,26.670646945591518,24.749036184535594,31.02649736944255,26.74638204467611,23.652703593044848,23.452687982398835,26.220982081742413
25.183463461349525,24.652703673387535,31.579633937612826,26.673238230325076,24.75366480115699,31.02707034131729,26.74897208535259,23.65628514583787,23.4552623810602,26.22030541290295
25.190164135731912,24.657919816714333,31.57903677031691,26.676801902267467,24.756980084094508,31.027624859735496,26.750591083354106,23.660594486452364,23.45898905670176,26.221318684889496
25.195951597022585,24.66273406317804,31.580134615902743,26.680094763210835,24.761020109720935,31.028121627907165,26.75263684107168,23.665298002771188,23.46314576672325,26.219962638887438
25.201297212215135,24.66743286100457,31.579414629202482,26.683811313542908,24.76553993635438,31.029078306317288,26.754397497757708,23.668925361519978,23.46595846141682,26.221151796303065
25.207473511106894,24.67285420719979,31.579941403150293,26.68803005519917,24.769065299463495,31.028929426497474,26.755221215506882,23.672119473034897,23.46802838796503,26.221427761750377
25.214157695743964,24.67806204038679,31.580220498467394,26.691050954904295,24.772899568552646,31.029121276306995,26.756091876527265,23.675741104731138,23.471333218286638,26.219821962575264
25.220796324960553,24.683320647126802,31.57969369053685,26.69404276974412,24.77671709399855,31.030547144376705,26.756939758046006,23.67975927092246,23.475250938149532,26.220557198427947
25.227742489405195,24.68845968593618,31.579745111861925,26.696685229291575,24.78002727428814,31.030724584735793,26.759882793310368,23.68375358907766,23.477850460474098,26.22097363068081
25.23383591370118,24.69343319825542,31.579616638283078,26.699747811600787,24.782961715072325,31.03126479017428,26.76136866247996,23.68719653950103,23.481067287270008,26.219531581540835
25.24180374927601,24.698343656616043,31.579180450414892,26.703871045560128,24.788008286501228,31.032523271503276,26.761695499660544,23.69035045893384,23.485130153676835,26.22089169449671
25.24866694725414,24.703132415270357,31.5797588291802,26.707355532661218,24.79282759856072,31.03310175861411,26.76336760999742,23.694535776942903,23.488506700454188,26.22110353256591
25.255625820076624,24.708455609481724,31.579469067686723,26.71078881617307,24.79591567289688,31.03339619347111,26.765257634167124,23.699392428013294,23.49092688834602,26.220615406633097
25.262518896226158,24.713637830064688,31.57914938501362,26.7149832328445,24.79957570178893,31.033861659096043,26.76544559884586,23.702669889199125,23.49423629310388,26.220930592975414
25.26760894958685,24.718715780285795,31.579364608478695,26.718417666051735,24.80386053511286,31.03413064528911,26.765952188251,23.70549333665133,23.497905252541113,26.22095049097706
25.2735767949736,24.72435253201732,31.579078358276437,26.72095806928712,24.80661146550586,31.035206144847468,26.76755327689875,23.709702572866036,23.501274392131933,26.221079314292357
25.2810441961001,24.729797061696686,31.57936353075573,26.724007032460726,24.80959155596316,31.035115775602648,26.769334064094018,23.713740888701697,23.504378255438773,26.221920048734958
25.2883818154679,24.73449067110748,31.57938210830846,26.727805039974307,24.814203050522718,31.03678744204672,26.770791356310298,23.7170989178227,23.50712877334571,26.22140616897502
25.295232025753332,24.739301387160666,31.579767055439397,26.731014828796546,24.81847068168588,31.036436876236802,26.771467816331636,23.721448453369586,23.510878294477976,26.22216919765164
25.301197784060076,24.743947413628863,31.579631444560718,26.73498432021679,24.822467970138785,31.037062523708478,26.772868437664187,23.725260916527496,23.51333526251424,26.22256705181089
25.307277788070493,24.748101151535447,31.579244091454445,26.737406633102246,24.826409644594158,31.037987116980457,26.775266643276105,23.729055713692016,23.515985406509607,26.222707596410444
25.314699074822343,24.753071256311223,31.57921006250354,26.74040791051107,24.830938833680918,31.037756055926195,26.776703408333297,23.73243650920144,23.519143350655774,26.22343461376607
25.321678091260083,24.758394443940684,31.57917311099463,26.74274529642738,24.83503271489319,31.03951409738049,26.776927472535466,23.735526929995892,23.52236095302136,26.222765735119747
25.327714415400383,24.76332891892007,31.57963411389694,26.745910450161638,24.837944303952245,31.040286363386215,26.77785198112239,23.739313754373192,23.52526060032136,26.224639851364326
25.33430362097078,24.76794171023075,31.57978591783337,26.750435137837755,24.841570904408528,31.040630020876346,26.779907645630644,23.74295712614325,23.52825405481945,26.224115117660695
25.341907606665842,24.773140703965254,31.580361701936223,26.753156989636942,24.845947118372358,31.041726300091508,26.781961845244147,23.746322667638935,23.53141111728327,26.224722598490082
25.34900939989198,24.77836390326026,31.580460055308144,26.75668436799461,24.849200319816575,31.04153722428277,26.782472097631747,23.749569635584816,23.5343885763799,26.22546082209861
25.35506691929184,24.78316778497007,31.580430446931945,26.76041316666486,24.852908233721895,31.042901071135816,26.783847811772876,23.753008068367794,23.537704346705635,26.22556314623028
25.361653054795816,24.78755615845102,31.581040268665454,26.762901085041896,24.85821541122094,31.043012356005548,26.784408572827928,23.75663567358569,23.5414445926359,26.226083698097206
25.36914173324337,24.792503942018975,31.58070369019111,26.765874736072885,24.86202128555997,31.042995590654602,26.78632520588345,23.75983407085404,23.544581549293895,26.226819009839932
25.37597128304501,24.797639461489524,31.58100885787414,26.769320073253514,24.864919452731776,31.04372458500327,26.787396797243865,23.763247174471633,23.547709600281557,26.226324956602753
25.382526380245807,24.80232391837268,31.581106399520266,26.772570018940833,24.868773336031825,31.04429146776317,26.787076622475425,23.76682494398818,23.550650486977496,26.22761662936183
25.38948259538889,24.807816933776266,31.581239171076763,26.776337466497306,24.872963400227913,31.043158744166227,26.78943059671045,23.770069208289275,23.55371986949708,26.226753297075824
25.396074220244905,24.812982282885933,31.582006873060177,26.77951711670737,24.877313495932903,31.044529333543316,26.789316658061956,23.773996985406328,23.5557874327595,26.227981488739047
25.403021517358603,24.81765419043628,31.5822812385243,26.782237334870118,24.881228354188664,31.044789958021187,26.79066174610408,23.777586359337462,23.558614258918098,26.227422126782564
25.41075466838853,24.821726433117757,31.582355854868496,26.785836950248605,24.88488618034594,31.044258138239286,26.789426077791596,23.78121868196306,23.561775253892463,26.22756623921847
25.417821353228163,24.826542716067785,31.582760210558682,26.789350517037114,24.888407019284458,31.045873497831778,26.790022565149506,23.78500101714676,23.563968100544315,26.227822058896585
25.424143270636257,24.831957726402784,31.582898732225082,26.792765465587802,24.891925166030916,31.045034530465358,26.791690919675712,23.788180287793026,23.566944097577235,26.22762927570698
25.43053582825695,24.836736175238908,31.583542277124366,26.795564903180058,24.895710652315483,31.045627101484783,26.793124871658915,23.79138454621664,23.569651495874922,26.228666262322594
25.438216329772317,24.841293389148632,31.58351223839756,26.798794497798795,24.900328730826246,31.04627160845667,26.793268902842943,23.79490810528939,23.57208378036477,26.227583558506037
25.44552239938607,24.845643054040245,31.583808007203334,26.80173597354175,24.904139576696835,31.046024290929246,26.794034405021392,23.79850582938768,23.575522130259017,26.228494025307775
25.452002153775126,24.850460471980348,31.583830953863558,26.804926609771634,24.90733815237212,31.046205728093753,26.79707158626924,23.80199892535845,23.57773994403871,26.228885360739312
25.458712345903507,24.85576710650486,31.584071164497555,26.808812569246637,24.91093330196883,31.04708537831453,26.798689930171044,23.80547283459528,23.580063763874843,26.22713289764645
25.465618753992615,24.86075458987354,31.584509623028403,26.811054752327983,24.91573175758407,31.047018169909823,26.797927333459214,23.809085881436584,23.583491106538407,26.22843941673309
25.471818685855627,24.865245357072965,31.584916140327593,26.814241038024214,24.919894654272277,31.047932078748882,26.798203709050327,23.81242677441175,23.586808516034115,26.226163501017904
25.47848149393667,24.870220305081414,31.58533621293584,26.817524847470843,24.923567609912066,31.0477637563455,26.800785521727978,23.81595670643129,23.589057746213182,26.226856829581635
25.485464918520726,24.87535861692118,31.58487573861267,26.820334232450488,24.92757527452912,31.048107601843242,26.80246761023551,23.81906271235553,23.591192612267676,26.225825704818668
25.49241779685253,24.88021320860556,31.585350026011803,26.82421525165058,24.930569525551828,31.048919372778258,26.80246695474797,23.822840415256955,23.594317565258514,26.225401760629147
25.49862117782797,24.88452219591813,31.585643902217797,26.82784258841018,24.93419827537421,31.048862785740162,26.803423295185944,23.827206794730287,23.59707942215436,26.2255361137551
25.505512095181217,24.889259908436788,31.585787456376046,26.83032178580792,24.938332924758168,31.04914072296717,26.80477578081801,23.82978417469587,23.59978495715564,26.22525419717543
25.513059251638634,24.894565813222833,31.5860986087512,26.833456146742563,24.94257770970995,31.05011511569539,26.80658333795013,23.832196066081323,23.60298132419794,26.22578788841038
25.51949591635491,24.90010120592239,31.58609364699351,26.836657075998946,24.946546520022522,31.050167013386872,26.807645297435304,23.83594704922463,23.606313466780225,26.224400043026517
25.525487470304242,24.905755414067713,31.586600205924924,26.83901460702903,24.950429983686355,31.050305182633487,26.80774660076533,23.83884247566551,23.60916986532263,26.2248067863371
25.532461565320194,24.910862204780205,31.586118979573072,26.842872992262144,24.954497726403083,31.05194162197837,26.809374296804993,23.841690019995617,23.611674118858673,26.226239462639885
25.53915906106747,24.915447610025115,31.586542632135718,26.846417652411397,24.95861667739312,31.05206552277993,26.810990618430473,23.8452634793215,23.61508022497642,26.224266719245
25.545447051520277,24.920031744757768,31.58678864788825,26.849638396497937,24.962457454384676,31.052520687588846,26.81302132813132,23.848368443149944,23.61834131042716,26.22527988475135
25.55233105752953,24.925213562116525,31.587058702337142,26.853216229761472,24.96651366175005,31.053206587280755,26.81292144848534,23.851676306627656,23.62199614359008,26.225514632548478
25.559368991547927,24.93055806440067,31.587971936739866,26.8564954768788,24.970259483012036,31.052808351548205,26.813780878918262,23.8544958585342,23.6255907636733,26.223729418874456
25.565666210616765,24.93582020692724,31.587987805532975,26.85871843946032,24.97415382015022,31.053786738455553,26.81641280435513,23.856436272047432,23.627921049843597,26.226404546971356
25.57255632579581,24.94112212506819,31.58823414269788,26.862257529112977,24.978705633176407,31.054839509367174,26.817468439694167,23.85963304683922,23.63092685286364,26.2266930959074
25.57946554827599,24.94639120187732,31.588890268582453,26.866464038458613,24.98188792833831,31.054086283084356,26.818172430314764,23.86363812690609,23.63440181871571,26.224713869919718
25.585225421673933,24.95171129738487,31.588484789246518,26.86856326425383,24.986037579858078,31.055818434664747,26.819314032176923,23.86606445334256,23.63694783524426,26.227052874775207
25.591848641618824,24.956338048644476,31.588287226179443,26.872087113953313,24.990115351468244,31.055595227860977,26.82047874093968,23.868529161003877,23.639620514039553,26.22646776636874
25.599354499924868,24.960991741196153,31.588299025215075,26.875521985319992,24.993703124121787,31.055407343684344,26.822077402691242,23.87221536082723,23.643470526061293,26.225795646378295
25.605555605715328,24.966408858094837,31.588775949050284,26.878161014164327,24.99805530994733,31.05722296977586,26.823525632320035,23.875751986392864,23.646262239111667,26.2277561028244
25.61118132884223,24.97157940435669,31.588359173327486,26.881232608141215,25.002388790656806,31.0569379487079,26.825023714846353,23.878221196185567,23.64869587034388,26.227623666219575
25.618510221536862,24.976855806355232,31.58873273556029,26.88387879390096,25.0058769895062,31.05750032734463,26.82615848933706,23.880876797699067,23.6516246589478,26.226219962680943
25.62588191110731,24.98242215050956,31.589555971811553,26.88702987099354,25.00992212662524,31.05921320591465,26.82699639931604,23.884581345202886,23.65487539515032,26.22794397564544
25.6318630496961,24.9873410596666,31.589578336189945,26.89086711931452,25.0136977143315,31.058386653640785,26.828346530057154,23.888411779595344,23.65820962621672,26.22710755915403
25.638147658472995,24.992212731558034,31.590287728902684,26.893639454412444,25.016628248852726,31.05887598275951,26.830113762058918,23.891486820298027,23.6606313473383,26.22615043711179
25.644834696306,24.997281218521703,31.590340914976434,26.896669185338425,25.020491517320313,31.06027808213789,26.831067512756746,23.894596556671072,23.66295018500073,26.227840742552768
25.651152203614078,25.00324817893211,31.59076281406257,26.899565389062428,25.024809154234745,31.06006693969132,26.83262938530585,23.898057569664036,23.666848684056614,26.227804355923535
25.657137888253338,25.008682980211905,31.591359289380815,26.903077858603872,25.02837860730854,31.06073212344111,26.833884426526247,23.90187654094229,23.670083632998523,26.227170936431556
25.66339269433824,25.013058585756948,31.591048998567178,26.906069913278184,25.032111416406924,31.06261670537581,26.835633865252536,23.905199843462498,23.672470567494067,26.228391946647
25.66992986652489,25.017662653850973,31.590933373042805,26.909610424434497,25.035999180254063,31.0624577754406,26.83744597597193,23.908266128535914,23.6756117632388,26.228202259473647
25.676723273909733,25.023173406343815,31.591606595317685,26.91266854796806,25.03988475070644,31.063281715644003,26.838606437686586,23.910840783436782,23.67910059614891,26.227425929172966
25.683743434047553,25.0286550877438,31.591911553211865,26.915318728859422,25.044050326582838,31.063809184323613,26.83914874846698,23.91402528704214,23.68182438702479,26.22876420534439
25.689930563993716,25.03354089164724,31.59260082581177,26.918310416909662,25.048410033984744,31.06400760256786,26.840670991823693,23.917343254702352,23.68428854894959,26.228663444936554
25.69635876636351,25.038463224510366,31.593054393066907,26.92166862169517,25.05261350004881,31.065291344472207,26.8422007150804,23.920544303445794,23.687862886034484,26.22840602870117
25.703092365203133,25.043817111930476,31.592962902387963,26.923674429574277,25.056823986869787,31.06504352585404,26.843240445092583,23.923629703543014,23.691494299104676,26.230057411011764
25.709590261622694,25.048816364992387,31.593133666698247,26.926019254009425,25.059658719110274,31.066512454845032,26.844289734070685,23.92682097762716,23.694055674433038,26.230311912371057
25.715626005520512,25.053718595010125,31.59346770073515,26.927462837106617,25.063502640471324,31.066545851976063,26.845421144707483,23.930110952671548,23.69635270034933,26.229984393664438
25.722195057103633,25.059370687791418,31.59362706963624,26.930034182362764,25.067642116065592,31.066805894411647,26.84717190671492,23.93279537842,23.698844337126697,26.231224868811367
25.728676134632103,25.064821073611316,31.593971602517165,26.932653246313603,25.071339290095228,31.067376540692244,26.84846845565549,23.93532018480837,23.701753779551126,26.231041981152043
25.734707358495786,25.0699394346395,31.594206667890003,26.93575830936257,25.074864133369932,31.068889449806147,26.850202879056134,23.938556594522563,23.70531138947166,26.23133797461722
25.740526737449304,25.07554028323213,31.594595316545938,26.938584138980023,25.079036238562246,31.0685049748973,26.852209816247168,23.942421486521177,23.708209858631225,26.232877412656133
25.746908813864824,25.08080838519122,31.595036829794815,26.94166426191112,25.083246619751584,31.069673370492605,26.85377341074097,23.945728105788092,23.710615879967,26.232363407036555
25.753705694026422,25.085809029670298,31.595431235809333,26.945351094109814,25.087022193774832,31.069716994191317,26.855166849428535,23.948870624040545,23.714676393127778,26.232744954238107
25.760485403970236,25.090501258031907,31.59523519668828,26.94810496593481,25.090888318755766,31.07032499320195,26.856178315774045,23.952484597131036,23.71673439007349,26.2334961535552
25.76643659046381,25.095696202786808,31.59584370971413,26.950620435886457,25.094894999197113,31.070173430985033,26.857726401034693,23.955511752554123,23.719122915340275,26.233672370431876
25.77228714282199,25.101478033339703,31.5959150151875,26.95442067327855,25.09842497370467,31.071125662831214,26.859204952956823,23.95805886160451,23.721954682711868,26.234146770556386
25.77903798722467,25.106907199459187,31.59575022950613,26.957148263986376,25.10125073771228,31.07057128038651,26.860148081958176,23.960985214162758,23.724404417726067,26.235338540965984
25.78555099627911,25.11173541709779,31.595535078585726,26.959599263875667,25.105103433626567,31.072085425485465,26.86164574977681,23.964278478342393,23.726747522972076,26.235103695555818
25.79135828206124,25.117388489223945,31.59601730399349,26.96239823143724,25.108237621764466,31.071929106734174,26.86313534441833,23.96733808165141,23.7291155414932,26.236113499052536
25.79798558639697,25.123193714124007,31.596266058829304,26.96579047962586,25.11284567151297,31.07116737128809,26.864601947790348,23.97049761096193,23.732330024340264,26.23604653277876
25.80486986085296,25.127969743552878,31.596326139850127,26.968475458970147,25.116609233604287,31.072206177261357,26.865928128239563,23.97330643312209,23.736144284348583,26.236737534727087
25.81049873241208,25.13323285190492,31.59624159343209,26.970925608038847,25.119564723468603,31.073291606890624,26.86693792700691,23.97643503167791,23.73939544030469,26.23660185398642
25.81706497865941,25.138713829619668,31.596340823142643,26.974901758653786,25.124282477097452,31.073262582152257,26.868912302094525,23.97973956708878,23.741408373105287,26.237447498574966
25.823778101849925,25.143869931635795,31.596788822142152,26.97740591397672,25.126793247657744,31.073958862508167,26.869514047576274,23.982819501946295,23.744686661175635,26.23777073686683
25.82973024212479,25.148880975956374,31.597281393521506,26.979108082540044,25.129561107026714,31.075074204878316,26.870742379583874,23.986019648884472,23.747697076502277,26.23763416038884
25.835103025971513,25.154071173312676,31.59746353822626,26.982112424496975,25.133691477282376,31.07479315728157,26.87217417858406,23.989438664548537,23.7501450193556,26.238802176484953
25.841481337459108,25.159585276732304,31.59725916000776,26.986030228905644,25.13691378638733,31.07594926504553,26.874409231806275,23.99197790545466,23.752952582370995,26.23929302891014
25.847853996911315,25.164632080435084,31.598055437499788,26.98894466381967,25.140034641738428,31.076407172606345,26.87562612621076,23.995121818720953,23.75604488320034,26.239312429984082
25.853408243504123,25.169398958481445,31.598453479236582,26.991235793114644,25.144535294082576,31.07716774430676,26.876648337977123,23.99773852047707,23.758687193121553,26.24010188807276
25.86029235591941,25.175331849329293,31.598427805201656,26.99378418668943,25.148299464743392,31.07757101231712,26.87827654957863,24.000597329045412,23.761572564368866,26.240468710229393
25.866751958781848,25.180398293474514,31.598929763235137,26.996803125996315,25.152010346581008,31.07838301542516,26.880069813965335,24.003643420511253,23.764683415999638,26.2409936413259
25.872438436311942,25.184425896805806,31.59860057759632,26.999830369421684,25.155647879497465,31.07749250086051,26.88086615693907,24.007130068498043,23.767476116166794,26.241727780001767
25.878374437684883,25.18986653420994,31.599145228705655,27.00279573627042,25.15904834313421,31.079054718519018,26.881819408876517,24.00929205144699,23.77046023417888,26.241990683169337
25.884614602166703,25.194914097803554,31.59929630620318,27.00530890484118,25.162783226054554,31.0782248002589,26.883144368314603,24.0119919611669,23.773305601682804,26.241951732694623
25.8906402556463,25.199624224119518,31.59873379458658,27.007926298282584,25.166052205900495,31.079032559566556,26.88483316296482,24.015645286596357,23.776036727243877,26.242043496498376
25.897142049270986,25.20357229095923,31.59934746954152,27.010238919753423,25.16937507118665,31.07965365696146,26.885727020013302,24.01839150922183,23.778655975507448,26.24270878931653
25.902975217053235,25.207529932191687,31.59974038171822,27.013502749537317,25.17319226751979,31.07887747744252,26.88739094570979,24.021071983344513,23.781177764681555,26.241302127112455
25.908020082903388,25.213204850797197,31.59897261103368,27.01695560489295,25.177228004973735,31.079444908836003,26.888555578922066,24.023964385399694,23.78413191445533,26.241950321189066
25.91405438141782,25.217389716574594,31.599126384309173,27.01973158420849,25.18092303322532,31.080249552300387,26.890034864146905,24.027272857541206,23.78741712419915,26.24121401482171
25.920742152019063,25.22155231595096,31.59893641019564,27.02320333295653,25.184816794431505,31.079521471401144,26.891640948263557,24.030685435360365,23.79063695309847,26.24290071025397
25.925728730255976,25.227037704259033,31.598780043564552,27.025374018847263,25.18863543985269,31.08094289298775,26.892538741511597,24.033076307293246,23.792915136624547,26.24178919367608
25.931972030119177,25.23219290962126,31.599187236798603,27.028002722312564,25.1921572695126,31.081164558871166,26.894348454314997,24.036513828850843,23.796018316810365,26.241982980371255
25.938365953588534,25.236187540373155,31.599198064302932,27.030743713150812,25.196135120212112,31.08096803518859,26.895318845976238,24.03997994956717,23.79946995319644,26.24252447582089
25.943077466766766,25.240564298123097,31.599700338094557,27.032338421374774,25.199420220314263,31.082577533315003,26.896635010019672,24.04338811213398,23.802524285154533,26.242271689697088
25.948654206009188,25.2458983395617,31.5998703484669,27.035622816781306,25.203436601397676,31.082314804608476,26.898649617767397,24.04640540751999,23.80405738223938,26.24379689275861
25.95542735215882,25.25062100362049,31.60004028703339,27.039754984465798,25.20695742365982,31.082958364910553,26.899647942454735,24.0485630708746,23.806342610806407,26.243396463853863
25.959809424731233,25.255317268357025,31.599747346452723,27.04180524711083,25.211115809692597,31.082997636205242,26.900044575681,24.051735391063946,23.80995988477455,26.24313322109456
25.96538741815635,25.260455485243057,31.60040310729937,27.044670862834362,25.21451735382271,31.083963254098133,26.901633938284096,24.05461396955293,23.811674526275812,26.244069445670352
25.972306228057136,25.265352817046264,31.600631557256193,27.047770316894454,25.218334322075165,31.08407654279937,26.903808075560875,24.057541682540663,23.81366165074736,26.24304847377935
25.97682780937964,25.270135897694892,31.600614082158994,27.050054526153392,25.222957359594126,31.08467573125715,26.904783571837505,24.060861703464997,23.816880570338554,26.242812899734226
25.982411274933742,25.27482357275847,31.600604341339857,27.052958601999883,25.226738050184828,31.085556719847315,26.90605884108455,24.06415334397174,23.81926629790945,26.244311998472437
25.98913699885196,25.2800853683082,31.600773720595043,27.056288398911413,25.22914874922936,31.085541618067882,26.907721247954083,24.067166429882583,23.821521258224582,26.243469531596322
25.993860999696345,25.28524022674233,31.600438658707745,27.05894144318318,25.23330433306721,31.087338497016642,26.908671123310217,24.07025214219812,23.824881949489015,26.24425533386981
25.998633445400607,25.290157915594126,31.600157095841304,27.062041567260742,25.237583486205196,31.086377537965618,26.909123267629013,24.072996793996943,23.828280425718788,26.244081573126643
26.005968318333686,25.295543998855567,31.600399653538048,27.065560854078594,25.24034682560322,31.087683071846143,26.91068547349026,24.07499686793658,23.831246722284266,26.244558359887105
26.01197817840547,25.3011378312894,31.60021419889338,27.06819805975647,25.24440601631351,31.088273417493827,26.912196870491123,24.077827652101607,23.833789502959057,26.24429392334184
26.016111992571158,25.30653468891719,31.60052434517915,27.070227503145247,25.249177151357326,31.088978622508865,26.91342096426333,24.082250796577792,23.83626726512199,26.244984231281517
26.021976697022847,25.311220373658227,31.600233966272366,27.072933500459886,25.25222098551076,31.089510582349313,26.914003642235418,24.084458473227137,23.838755894886866,26.244626854771298
26.028451291304975,25.31600595497725,31.600772615269346,27.076053319469402,25.255487446215035,31.0904165398124,26.915320892032128,24.086543887032157,23.841502586911854,26.245887735548155
26.03243372566854,25.3214844879393,31.600457969751474,27.078571533392367,25.259616512817836,31.08947210550614,26.91783405249602,24.08988079168084,23.844230830988295,26.245274431207157
26.036670827727622,25.3265130227907,31.600495804408837,27.081892423683914,25.263219880039628,31.091203836565256,26.918608561213688,24.0922834258029,23.846310704766836,26.24583832211403
26.04307088870684,25.331144948500494,31.60017471160739,27.08570825806038,25.266545211851444,31.090960046205897,26.91982208931085,24.093975030260125,23.849025596928954,26.246357434051752
26.04908708903242,25.335920397087314,31.600940905145393,27.08803680891915,25.26999885166388,31.091249526446457,26.92051708991582,24.09633227289831,23.851811338307023,26.24723383860793
26.05321902610728,25.341473041370648,31.601327582500723,27.09059175165732,25.273874442942788,31.09249687704196,26.921034724426647,24.099895701094688,23.85433795854839,26.24610651687242
26.058079681747547,25.346488505636163,31.60131166590545,27.0933583782032,25.27760813488189,31.092604990834754,26.922113968430253,24.103059793466542,23.857243504614512,26.247786034212048
26.06412578363805,25.35126850886303,31.60193594914074,27.096022072463043,25.28163537465486,31.093915835471503,26.923284056164015,24.10531510310678,23.860345012161975,26.246624916353703
26.06932362808088,25.356315877392422,31.602209083658135,27.098635361381405,25.284927754102714,31.094290455999143,26.923586354040086,24.1079788007062,23.862670561307908,26.247691089358995
26.074976433632216,25.361859619317457,31.601962219523735,27.101764867178257,25.288445755996417,31.095296564439145,26.925475149674213,24.111373369380097,23.865417649309638,26.247706264732503
26.080946182895758,25.36690045432121,31.602757069714286,27.104086575952063,25.29198971057454,31.096407631199767,26.927328047278994,24.11461962792131,23.868217382247273,26.248295850244553
26.08641720503753,25.371504490895184,31.60305049529309,27.106951229427168,25.29503149626688,31.096421229003212,26.928071818049652,24.117166347401273,23.870908667731953,26.24833767950253
26.091276322226058,25.376968913300164,31.602533899125728,27.110182372612993,25.29869195581665,31.097674712298936,26.928623941902657,24.119845931412023,23.87358364695902,26.24895970779468
26.09693957994692,25.382295074014745,31.6027936682746,27.112776093334418,25.302949585571053,31.097861483292437,26.929172947367285,24.122442883699755,23.876220701500923,26.249335316477456
26.103076529535365,25.38679430475276,31.602879762899086,27.116197934038805,25.30589363026136,31.099213905607378,26.931241362808095,24.125398859038558,23.878657880709035,26.24915934621543
26.108625974732632,25.391300201046487,31.603319522288153,27.119063616188882,25.30959182099152,31.09929589845395,26.93192320790989,24.128448490689077,23.881325658169786,26.250201382823214
26.11352704341781,25.396193398744714,31.60333015198249,27.121646375748462,25.31354634931042,31.099992238382164,26.933972578782708,24.13118769632231,23.883952285959452,26.25020695835223
26.118998858746608,25.401436743308132,31.60379013034416,27.124618687591298,25.31751907341151,31.101464700709037,26.933671574191642,24.134178914935823,23.886339038358287,26.250684600844426
26.1244641231657,25.406609390642565,31.60356822739656,27.12698424777659,25.321265628996017,31.10175225210869,26.93411843157776,24.136817734093555,23.888923278195087,26.25218414681097
26.12979167852853,25.411439848236594,31.604057728147605,27.130366600264864,25.324538306993723,31.102909504227615,26.935768944673015,24.139483808690727,23.891135028393606,26.251151982716316
26.13585885471574,25.416639708287946,31.604077561406633,27.13337559582071,25.327190490283193,31.103339403541362,26.936739955754398,24.14276287836261,23.893425224475195,26.25228460611241
26.141528115766135,25.421206717350596,31.60399028943032,27.135457847287835,25.33054583506071,31.103897420259173,26.937538373288294,24.145447754976765,23.895910964932668,26.252490092413865
26.146560399366734,25.425475380147518,31.604251780064352,27.138849364545706,25.3344535042252,31.10463265347395,26.938700295227157,24.147477371315382,23.898525212415866,26.252400789108084
26.152100774705715,25.43092061883636,31.604907200458054,27.14145167561572,25.33816685050138,31.105678972132775,26.940903970043983,24.150652884771723,23.900792457184142,26.254093170070156
26.15821666810723,25.43613580582012,31.604426774726548,27.143582131393806,25.341628436109218,31.10521289322215,26.941882652915726,24.154033828779266,23.9031613782365,26.252939311377187
26.162981263857844,25.440544127582076,31.60448119840853,27.14669334204686,25.34456333215173,31.106239921118394,26.942128912980895,24.156979733273815,23.90563322934151,26.254945370424775
26.168585939586443,25.445127409937754,31.60501681438079,27.14933564614428,25.347402553047978,31.105371386163796,26.943490019121032,24.15926922446943,23.90788259037449,26.253799929418097
26.1747963817917,25.450556407060635,31.60505553722185,27.151343477745876,25.351513373409233,31.105591931977333,26.94516147800485,24.161485071804726,23.9104363939692,26.254641919994203
26.179474350613017,25.455687040359894,31.604696876889218,27.15437280324002,25.356091234018496,31.10592272353669,26.946115317150618,24.16422275304218,23.912994425702614,26.255197602844703
26.183436385268458,25.4604440509805,31.604871340508186,27.15760674045854,25.35893200163757,31.105607346014214,26.947414932736212,24.1674958455685,23.914805562495456,26.255270147572148
26.18960939391707,25.465100085149004,31.60461022430617,27.15960540039808,25.36264155711466,31.10419170884422,26.94808740149831,24.169619591431967,23.917325719749968,26.255964535596057
26.19595378358287,25.470229658112387,31.604755545865757,27.16297937877811,25.365763033385896,31.105098897922776,26.94918743825663,24.1721848387513,23.920181413405608,26.255420052649594
26.200035326493335,25.47550273934405,31.604550584615687,27.16565047081358,25.369155746944728,31.104310405883197,26.950698329299783,24.17539090069557,23.921737191136966,26.257163333674086
26.205169104379003,25.480272948015156,31.60434879379335,27.167137425826674,25.373120245907526,31.104810093362595,26.951780408945766,24.177773517476435,23.924184669773304,26.256033631858987
26.21107910969836,25.48508790157765,31.605004909236083,27.170522878586496,25.37607700605839,31.104672063550144,26.952607587246593,24.18035750739598,23.926655807513963,26.257011327117134
26.21597204640935,25.49022018221933,31.605403399294758,27.173615590994768,25.379364540935747,31.105124866236547,26.95396522014612,24.183413029704454,23.92834778956766,26.25721972842491
26.221323615587345,25.4948295154538,31.605688313716307,27.17600784152223,25.383931675949217,31.105261274679222,26.95543608790015,24.18480463363586,23.93137097688259,26.25716940465862
26.226444857897988,25.49930126168975,31.606167096203027,27.17978106069608,25.387387630161662,31.10473416406591,26.955884347650287,24.186347705562543,23.93319470837101,26.258790920283637
26.231471588325952,25.504002121504087,31.60666211625665,27.182721417577046,25.38995071459833,31.10497527055753,26.95655525572327,24.189257418342404,23.934737310966035,26.257883236643444
26.23612578321768,25.508828455005464,31.606471712525924,27.18524410697993,25.393735915559926,31.105081629192313,26.958897853038543,24.191529610962128,23.93754980267559,26.258332927574216
26.241377652521255,25.51435424179173,31.606948000213183,27.18818652162364,25.3982443188101,31.10494068682707,26.96064741849359,24.19396058469647,23.940293388130197,26.258757569032113
26.24682917400683,25.519604343329554,31.60730074029569,27.19072899388573,25.401670510571265,31.104810051785083,26.96188009585709,24.196488518834567,23.942124310236572,26.25777405979995
26.252191525731696,25.52415753012677,31.607230795871047,27.192820635236266,25.405164779050665,31.105301906725373,26.961809935247242,24.198326018780723,23.944512059736674,26.257014104117946
26.25663495838532,25.52917467489367,31.6073658168412,27.195888298464283,25.409302219689337,31.10601664810591,26.96323557625236,24.201064751531327,23.947511089731037,26.257592584413906
26.261606691312277,25.533770511129717,31.60785797640972,27.19888737224612,25.412394657868486,31.106989286587247,26.96518152400559,24.204161909151477,23.949450884306668,26.257612873230023
26.266428443979358,25.537465771120978,31.608194415350162,27.20145414566889,25.415377317547694,31.10666456385023,26.967066282419538,24.204923977994767,23.951878170967827,26.257824004919176
26.271869174527893,25.541889768327003,31.60807255924494,27.203702537833216,25.41894275091638,31.106654089968423,26.968229223894348,24.206285494502218,23.954781551413603,26.257740036505336
26.276479628199265,25.547428815301995,31.608323825352535,27.206463821884476,25.42166026730875,31.10763947420756,26.969081504985333,24.208869805993448,23.95707891487803,26.257996478555672
26.28053634952203,25.5520555460952,31.608422774904557,27.20908011752467,25.424309190607048,31.107669185526447,26.970543616808254,24.21095007371363,23.959806799647666,26.257641362568798
26.2853731290463,25.556811834893374,31.608608380000987,27.21180302217105,25.427808966798807,31.108204107163292,26.971331418283047,24.212429054971327,23.961762262411757,26.258866782693882
26.290189830248213,25.561714110359468,31.608951581557996,27.21511236945353,25.43218690374566,31.108590035162077,26.972889025317905,24.214266467019193,23.963401694491075,26.25768076095051
26.29524109277915,25.56698309937953,31.609674462526478,27.21765240005905,25.436208298961425,31.109494662696953,26.97524123888996,24.21747785799826,23.96582021864625,26.258230574358482
26.29917241151594,25.571228531005794,31.609227600467896,27.220623593699685,25.43845175922246,31.109719254163856,26.976136878383986,24.220376793444622,23.96768692270178,26.25885913270451
26.303862807543503,25.57579166953247,31.610031785805003,27.222880302207834,25.4422190679553,31.109942816204065,26.976780381967835,24.22277497898996,23.96982772568235,26.25856843738727
26.308676899560623,25.58037247797861,31.609908682812964,27.22491970189225,25.445832846500984,31.11079711454897,26.977914910281875,24.224859576712493,23.972569416293133,26.259943744750956
26.3130916160314,25.584898035444382,31.610075771788132,27.22854151022434,25.448090956612617,31.110793569965395,26.97917505955088,24.227807874516024,23.974660835818,26.259465157060518
26.319023505795943,25.589573898493356,31.609427793251932,27.231493946611277,25.451798228029304,31.11042470421235,26.98014250492949,24.230436240964856,23.976264508553268,26.260330789825854
26.32382742191306,25.5941508830777,31.610111578575957,27.23372174464871,25.456251847634274,31.1116507869181,26.981511510445586,24.23283579251819,23.97886031528611,26.260111781630346
26.327377149541253,25.598924331920692,31.609719917975397,27.236326218770124,25.45869907903302,31.112264918518502,26.983317176823824,24.235425742612367,23.982296612453613,26.260143888082375
26.332557580322916,25.604029237032186,31.609598794512838,27.239401085067442,25.461685500451452,31.11306896768147,26.984168759796955,24.23777797289384,23.984038464771356,26.261345671077155
26.33816691494808,25.609119443714974,31.609922623998923,27.241315942960203,25.466236243915006,31.11307780302283,26.985370656844317,24.240121381992537,23.98542622659564,26.26178557187675
26.342944940504953,25.613620950431788,31.60988944416864,27.243952507931976,25.46904851441194,31.113492737705272,26.986245789826647,24.242278227983903,23.98830856132379,26.26174040555348
26.347357582016997,25.618372538997054,31.609966647140766,27.246207008832407,25.47136678943133,31.114931725218838,26.987184946809574,24.244589175455506,23.991438612851237,26.262555214199963
26.35205631688748,25.623116944580598,31.60975597665257,27.248961676167603,25.47530822279574,31.113859491946787,26.98907043464894,24.247489020124874,23.993034530274528,26.26261331152348
26.357554966593057,25.627342706432927,31.609417542855546,27.252043443574053,25.478281365489384,31.11559049114836,26.99021906002659,24.25023232090396,23.994232549202188,26.26279385594691
26.362844732458402,25.631668743542235,31.609672909044622,27.254243034622668,25.481049546398612,31.115820382016047,26.9919611909382,24.25289644648884,23.997177383817334,26.263381211762784
26.36773821243915,25.636828309237746,31.60962465130691,27.25692029720512,25.484540926890094,31.116161274004565,26.99283068977475,24.255695231097057,23.999793066639974,26.263749301138624
26.37233843816171,25.640693005305913,31.610276566879186,27.259590235617445,25.48837849272582,31.11728572718965,26.99462054620615,24.258351943504724,24.00244354087537,26.264379396939525
26.376547957849358,25.645153461302755,31.60967050846257,27.261557693024514,25.49133910509164,31.11811806594367,26.995544313338222,24.261046800712624,24.00471501183233,26.264084076747707
26.381842071949166,25.650174127289446,31.609946880512684,27.26340994112543,25.493903901777575,31.117384301153702,26.996635418522324,24.26375003228355,24.007231285998444,26.26484173970621
26.3868450833477,25.654821563904452,31.609306218492886,27.266305709696802,25.49818491554977,31.118965149647973,26.998472506281285,24.266493302687422,24.009356352888304,26.26508103865909
26.391415604160816,25.65868761464193,31.609714736757688,27.269104529209404,25.502413800037743,31.11740480296288,26.998596963267563,24.269356318943622,24.011425211158162,26.266136552561523
26.39557080551445,25.66260395835223,31.609974680328982,27.27198174272843,25.50501425139452,31.11952486756747,26.999432958948333,24.271455741496595,24.013495124466186,26.26633004453099
26.399821807131467,25.667298949354418,31.610078895548558,27.27478907624485,25.50794923923265,31.119515193468462,27.001032982547258,24.274227736164875,24.01569182355146,26.266477675931057
26.4049215259115,25.672412173232612,31.610108206083176,27.277659262798984,25.511767146322917,31.118740430150147,27.00324020647608,24.276637342243337,24.017989004318796,26.26703344639417
26.410124922546597,25.677262229096787,31.61009371107778,27.28018387320497,25.51490911471837,31.118424004710636,27.004522346636847,24.279008375913428,24.02003660780462,26.26687769282187
26.415643182554707,25.681220885607694,31.610416477966467,27.281997055473237,25.51792417382394,31.11849557823193,27.00556030069681,24.28227157362428,24.022022898382822,26.266559545465192
26.420059897708256,25.685600497684643,31.610068594474257,27.28494089136955,25.521350849224007,31.118453424174362,27.00769951850296,24.28504863827664,24.024586478415962,26.266986143779796
26.424443608622372,25.690310923017314,31.61021513272216,27.287718864924642,25.524842968626636,31.118247255951044,27.00711041791235,24.287315748290787,24.02702461732624,26.266790335290587
26.42920245114917,25.695008408082654,31.610888055907154,27.289762938370913,25.527880380488636,31.118771857797995,27.006989316268076,24.289626268422097,24.02881423320528,26.267372649285313
26.433466170020885,25.699417308973707,31.611295401392173,27.29215410561851,25.53121966232169,31.119704260694633,27.00839222762195,24.292604755210636,24.03087745999571,26.267535712800395
26.43847349350832,25.70419508626268,31.611703399839634,27.29417828381367,25.535093271217338,31.119189998041854,27.009601816646395,24.295537685318447,24.033519582388397,26.267145872247795
26.44409334729088,25.70884829203957,31.611774814141334,27.2971925197527,25.539400177876526,31.119230838226425,27.011630374848046,24.298135650264342,24.03614140707696,26.26705587852038
26.44805582303586,25.713383475470692,31.612058075811724,27.300797719800343,25.54322746893705,31.118414501161276,27.012296889557295,24.300358357815664,24.038096488732176,26.267089216311202
26.452744222730658,25.717877034164918,31.612419980385162,27.302869603480108,25.54583655864787,31.119906763001026,27.013425233911242,24.303038485126272,24.039639228945756,26.26784352225309
26.457838719943766,25.722325217713443,31.612661085633658,27.306111438925612,25.548317303843184,31.12050794061368,27.013958889434644,24.30568199852514,24.042463390833845,26.26673117144161
26.462050278011837,25.727039426068913,31.61316258592006,27.309024160427406,25.551666793512958,31.12008960750103,27.01597880528515,24.308807982358054,24.045426631407203,26.267666813410134
26.466612859136077,25.73105773118067,31.613238372570777,27.311088174762624,25.555167254675418,31.12145391683154,27.016911322234787,24.311262316762864,24.04738160164445,26.267873575669654
26.47268706617659,25.735250157404863,31.61335018902563,27.31430482070509,25.55853035262939,31.121987407017237,27.017814433508374,24.313119862701868,24.049726424017543,26.26793719799224
26.476762650427798,25.74017654728244,31.613575507045176,27.31636101687848,25.561717170074548,31.12237146800028,27.019060974976817,24.315941908410963,24.052744426126843,26.268046883197233
26.480169173101796,25.74463632166152,31.614049127241355,27.31893173907821,25.565288757713162,31.122837797225067,27.02030252751338,24.317744922216008,24.05534554551725,26.26724254825827
26.48535709243532,25.748658699225714,31.614272758990282,27.32189174924464,25.56847542600285,31.122873766501655,27.020434101727883,24.320388014310378,24.05707391667935,26.267710835705167
26.490622120187496,25.753240379549098,31.61472923454888,27.323899799108048,25.572328982151955,31.123660621562472,27.02162015804854,24.32289600752094,24.059112256072023,26.26814594537994
26.494312725485546,25.758239999451824,31.614837216643352,27.326159357897897,25.576341478172,31.124086533445325,27.02406062136766,24.325561323380846,24.061983697288834,26.26745304610879
26.498363627139998,25.761369554034633,31.614772602010714,27.329004078610183,25.580446612510215,31.12488042527574,27.0242872328971,24.328361670724288,24.063788406186642,26.26810503581867
26.502899374354808,25.765499471673866,31.614671955736622,27.332284806805095,25.582983891189834,31.125530649920634,27.025223244177706,24.331101157308126,24.065316716496746,26.267941818205752
26.507091305178285,25.771141284550104,31.614536356273646,27.33480598978044,25.58578993805106,31.12563776114822,27.02743105203575,24.333505615357094,24.06735042724489,26.267951534132585
26.511919145636753,25.775514747123957,31.614764081371156,27.337861075624943,25.589984060436286,31.12653233157584,27.027651722643814,24.335929174123155,24.069309724577785,26.268888761289354
26.516702315769063,25.77944353866684,31.615116252107008,27.34084765393736,25.59296678866968,31.12699140550574,27.027935862056005,24.338658481692153,24.070781681280206,26.267923901224922
26.520665430910245,25.784063214127272,31.615355965798017,27.3425105905277,25.596172532967966,31.127992160362798,27.028822976447415,24.341050402979754,24.073232389002346,26.269167731499792
26.524839210946705,25.789031310054863,31.61535572571582,27.344370174993713,25.59951877906846,31.12896107693127,27.030442894590465,24.343350494058452,24.075784188464596,26.269236727579614
26.530479508620097,25.792514436491555,31.615520818042924,27.3471113750755,25.602166673018154,31.129373920293265,27.032004768737806,24.345571598816548,24.077128132918958,26.268711839207132
26.535601578726844,25.796699754309458,31.615912276238475,27.349740639098627,25.605455929375402,31.130291420772757,27.032968074799214,24.347569101724243,24.079215366729237,26.270118838320645
26.53998892487568,25.801132121383677,31.61597463590795,27.352861508020766,25.608633113718287,31.13058426801798,27.03378370376042,24.350266039998175,24.081283889795188,26.27024698206992
26.544042757590983,25.80517389034103,31.616110684974696,27.355386780215984,25.61244069996702,31.131562960740027,27.0352491277942,24.35304601846913,24.083516540006226,26.269863303880967
26.548592934013044,25.80968471604745,31.61601284290624,27.357619174687123,25.616657934063088,31.131910498736307,27.03585152086148,24.355875263772425,24.08538432573476,26.27102175247878
26.553357888752025,25.81491567977766,31.616782264395123,27.360776921569162,25.619487083074908,31.13308833915212,27.036400065897563,24.358126891889484,24.087128540566013,26.27051406187489
26.55806701948712,25.81897539441783,31.616032021836837,27.36348989206011,25.62251879709717,31.134079427435424,27.03781610903028,24.360073493011484,24.08959573066816,26.27138192025358
26.562191003450728,25.822490673052478,31.615965137754944,27.365474308284924,25.62651301672837,31.135138680942482,27.03865320685923,24.362472073725634,24.091695207234743,26.271580568152444
26.56674650565774,25.82663717159861,31.616148927389087,27.368283625034586,25.628897106898627,31.135555918665275,27.040506297423896,24.365119573822604,24.09232719117595,26.27125268502338
26.57127740169425,25.831182845800228,31.616724888298656,27.371528552754118,25.632428800632383,31.13615387043291,27.041470564551663,24.367260195948155,24.093954881083715,26.271919818460134
26.575408705871656,25.835414859596387,31.615746190970686,27.37443643087525,25.63630472482815,31.137138055711976,27.04259925658135,24.369931166807632,24.097261137916483,26.271575672694567
26.580823887271276,25.839703780105488,31.61611338787545,27.377223987891494,25.63868177721978,31.13857000912855,27.043806483653967,24.37257428265109,24.09949999938545,26.271918452631795
26.585237046424393,25.844552902598306,31.61592671283178,27.379306383953544,25.641941344208732,31.13863453998022,27.045132562388773,24.375991018118185,24.100891808482487,26.272106484800936
26.589133780142667,25.848579033775316,31.61604860309975,27.382448466672848,25.64560630939028,31.139410915838035,27.04620897473657,24.377489788666217,24.10205417725632,26.27219647240625
26.593759491648292,25.852459930835828,31.615686931594404,27.38538418748859,25.648305153732483,31.1394489547504,27.04717016018926,24.37900675344234,24.104024111949656,26.27146145497615
26.598404249465336,25.857145372821748,31.614899032155463,27.38709933452768,25.651575481000613,31.14037695941825,27.048753338960616,24.381882416520316,24.10667980560623,26.27323432212679
26.602895339978584,25.86155481496856,31.614658683946352,27.38920100935882,25.655571910835732,31.141624658739424,27.049677136771596,24.384293834355585,24.107958670047324,26.271990795812826
26.60728844008525,25.865326099934244,31.615068359446763,27.391091185433613,25.65841131054392,31.14017794650409,27.050576878165664,24.38608616988406,24.10928261208567,26.27238569060645
26.611418950993976,25.86903689348528,31.61403498397621,27.39420561841747,25.66074069819242,31.14152046986382,27.05221839663796,24.388756272749994,24.112201677807317,26.273320134262356
26.615483818472455,25.873784868818582,31.614647506874785,27.396713140160365,25.66406782312875,31.14189724176997,27.053176559740884,24.391732026081044,24.114336596368616,26.272942546915626
26.61985485932874,25.878549269167507,31.615395216627668,27.39954246838422,25.6682036650066,31.140986524411773,27.05416354672121,24.3936266930162,24.11502448841216,26.273428361930627
26.625607088455236,25.88231905253297,31.61526739415769,27.401558668662908,25.671567614019196,31.142633019406976,27.05525851718923,24.39602494123754,24.116695786110217,26.274399568710194
26.630469404373432,25.886444605850485,31.61553356045704,27.40408213130481,25.67418109164004,31.142123814829517,27.05615439791119,24.398530202601073,24.119195680409632,26.273592503232756
26.63407948955021,25.890586041266275,31.615585315844967,27.406499093241237,25.67750148864823,31.1428454032245,27.05770242259817,24.400478244727882,24.12148534030638,26.275133558088214
26.63892277411534,25.894101907412118,31.616023216805367,27.409546981443857,25.681904250173616,31.142559368340667,27.05881441104755,24.402683845950172,24.12339431535564,26.274603728062388
26.644231170516377,25.89784149544275,31.61583128238657,27.411867626708105,25.68497870466492,31.141543399933582,27.05997470547532,24.40507841789759,24.125521842058863,26.274490192380195
26.64869450580046,25.902789328909197,31.61583058491303,27.41395648997138,25.68763922704967,31.14181814951918,27.06169608312773,24.40770239147089,24.12741840903439,26.275471412099208
26.653335950321974,25.907553210105064,31.61599221043778,27.416944909549294,25.691559967024435,31.143595735496348,27.063470341859578,24.41052970230555,24.129348591680184,26.276170898578066
26.65784486145342,25.911298059408075,31.616028662813505,27.41947994810454,25.695492106199886,31.141757315035562,27.06358814111832,24.41321439294481,24.131159764245496,26.275140085577988
26.66137191256243,25.915786053865652,31.616079381776245,27.4216143819155,25.69782168522577,31.141168955241167,27.064562806797117,24.41561738089475,24.133401999412783,26.276212465830113
26.665658739627286,25.92065183542942,31.615871671184046,27.424613668713068,25.70136477024655,31.14272771435203,27.066071396706114,24.41825641693168,24.135721459018956,26.27726871664096
26.670197542290648,25.925087539200383,31.61628046704176,27.427156242989096,25.705035583263314,31.14170902132289,27.066697299991137,24.41968491039805,24.136828105147885,26.277392205356037
26.67385952026416,25.92857170976025,31.616415274372134,27.43027135079774,25.708224266660594,31.14269027879687,27.06791836127852,24.42133829242975,24.13875589913419,26.27769340138064
26.678542480092474,25.932759795266534,31.617150478265195,27.433088122864536,25.711389931694253,31.14185054356982,27.069097551092405,24.423872099128086,24.14142528353958,26.278186017360653
26.68292666694407,25.937648590873913,31.616812347950972,27.435539612040003,25.714346814426445,31.14185581781648,27.070679720010663,24.426295067587617,24.142913443768,26.278069293508022
26.686500652904392,25.94157758811882,31.61681133200931,27.437741329035788,25.717735247079784,31.143273895119673,27.072307051433924,24.42802022701907,24.144429733596574,26.279269794429645
26.69093845844493,25.945395533254874,31.617382249791778,27.440548971307123,25.720818478914687,31.143335527720424,27.072657171144783,24.43045018219147,24.147315998314852,26.277539787883185
26.69606130348521,25.950000196832406,31.61778893651472,27.44202645206714,25.723619838832143,31.14320657437662,27.07366932074422,24.432977666485385,24.14987943514778,26.27844701186263
26.699074528844882,25.95426248581885,31.61771789813573,27.444596932104805,25.727111035058744,31.144506702074246,27.075852737763405,24.435539739976832,24.151062871844495,26.27805539975755
26.70312699230291,25.957691461155203,31.617981727291173,27.447114516277956,25.731345085743275,31.145075847793457,27.077187024594277,24.437772470755768,24.15245174792469,26.278227511581782
26.70809300315335,25.961743401267686,31.61834035528515,27.448899007376028,25.734462579527797,31.14526790125881,27.078018782655665,24.440720014770626,24.154683365022166,26.277874357334426
26.711699941435008,25.96684497817655,31.618614423895597,27.451895521862998,25.737051865348334,31.146244778280415,27.07928057820148,24.442550385758363,24.15676078634762,26.277038797365204
26.71537814942552,25.971064920588987,31.61840930607338,27.455133363733452,25.74042028492705,31.146127286916993,27.08064005564051,24.444784316150763,24.158773780419512,26.276740606383765
26.72000728898343,25.974505039006726,31.61902686721418,27.4572215501629,25.743808672269463,31.14701368113616,27.081848226380068,24.44795342743541,24.160991615257366,26.27735723543509
26.72421149485594,25.97891469496849,31.619672156528644,27.460107720423103,25.74630166168165,31.14770410377629,27.082512570968206,24.449281155843686,24.163279359994686,26.27721643364903
26.7279999043772,25.98400551412698,31.61962918063228,27.461992394274812,25.749319184650084,31.148442821695042,27.08391213781047,24.450905237758537,24.16534265083115,26.276851417591523
26.732121512957896,25.987281444611817,31.61956195430806,27.46417101691918,25.75171900787283,31.149185504059286,27.085220583364737,24.453370954347122,24.167767261990335,26.277327651278164
26.73603464908168,25.991223857449622,31.61984790063407,27.467041742346762,25.755419168093894,31.150169859528628,27.086587501632053,24.455501610313792,24.16955687633797,26.277708266222643
26.740192542418374,25.996117787999353,31.61988454126252,27.46965008730613,25.75900354658724,31.150411768448,27.086990925337894,24.45769017892621,24.171395084056503,26.27691534585309
26.74488681075247,26.00042297554517,31.6198937015038,27.47250903028073,25.761413811577537,31.151851628962586,27.089150649322676,24.459780472467834,24.17367484220727,26.276869569705763
26.74910014929999,26.003986424355062,31.61997223252841,27.474677782447582,25.763631286364912,31.15313097134397,27.090603508660763,24.462894149813046,24.175412767645447,26.27718027423373
26.753268387250753,26.008462888227047,31.620195292931562,27.476875500546953,25.767048205284983,31.15336531020833,27.091394468720054,24.4650400966743,24.17740279456495,26.27644098372487
26.757960597486267,26.01239194063766,31.620015690695737,27.479618950855954,25.770916009826653,31.15445203476885,27.092381304718888,24.46705366435788,24.17811516380876,26.27700305376372
26.761529833733665,26.016420624594808,31.61986918008509,27.4818030898632,25.773988022823666,31.154678253186866,27.093905091777838,24.46976547955598,24.18013002775175,26.277295891875752
26.76579165190408,26.020416586913765,31.62008609300485,27.48486339054676,25.776704785989534,31.15636591940661,27.09456424457452,24.47189682729343,24.182683808536943,26.277566469758366
26.770341365219092,26.024813045267425,31.620597303395,27.48835341218871,25.78024817326117,31.156351630119104,27.09517227573697,24.4738326721173,24.184509700815514,26.277174826821522
26.77394782655732,26.029300449592434,31.620369375291517,27.49016327130496,25.78394800302347,31.156637206845105,27.097194746410565,24.47596081330225,24.18607557545094,26.278141219832417
26.77751406227804,26.033654605732302,31.620134106455524,27.49290254688043,25.785783081568955,31.156152983354982,27.097914696124295,24.478022986360255,24.188267636719488,26.27759638593826
26.782116226308673,26.037162057200042,31.620177533014665,27.495098198148618,25.78905847157668,31.156491585607977,27.09958334430127,24.480013160533815,24.190228762159563,26.278036982818215
26.78598638007489,26.041092825707665,31.6208532075781,27.49729265290403,25.79228883484737,31.156865027819073,27.10094344033992,24.482474635767872,24.191948015672246,26.27843431240302
26.78992901856594,26.045142077496767,31.620726712317055,27.500629137625076,25.794250081908608,31.157492011650266,27.10145342631169,24.48513694922064,24.19363183259556,26.278284723634616
26.794163295092453,26.04875676328377,31.619993973523336,27.50289356032824,25.797381123252695,31.157635807459535,27.102459157793724,24.48772420165848,24.195511193158264,26.27824826607415
26.798573018481896,26.05187610933479,31.620196449930944,27.505354430015814,25.800593994745782,31.158013002392387,27.103960019908804,24.488840129368437,24.197485660081092,26.27998510082483
26.802824124427154,26.05586881626694,31.62009368827767,27.50794713871413,25.803829826165835,31.157648350999693,27.105957700802,24.4913559707187,24.199805981546717,26.278555250217597
26.807201665723536,26.060295835911973,31.62001084090131,27.508943950971286,25.807443353443055,31.156561207259315,27.106183690633145,24.49369063648342,24.201899778075084,26.280141550539277
26.811155521773248,26.064177295073282,31.619545601135982,27.51269672647821,25.809933222350402,31.158141934447315,27.107550292557878,24.495123724479697,24.203568669641836,26.279228450981805
26.814798065633067,26.06803585769169,31.61966938107724,27.51623107414614,25.81253440422749,31.159527504011773,27.10772287548911,24.497394016282193,24.204895425568182,26.279707788115587
26.819270959271822,26.072624940836484,31.619957234713972,27.517764091840125,25.81677386239687,31.158286421675534,27.110127143417962,24.499215285196886,24.206811633144156,26.280447407646683
26.823419012727832,26.076630387705553,31.619798372834182,27.519602796473297,25.819992825270575,31.15984280228379,27.110877723134497,24.501548614406722,24.208884065945707,26.281650862258385
26.82741649157255,26.079895970894917,31.619379285627588,27.52219426436274,25.822450096148447,31.15891176668088,27.110898874737316,24.50336166014859,24.210407648929188,26.27994149471305
26.83166096389913,26.083846601754903,31.619235180422987,27.52369203130742,25.825937410617897,31.159155886521994,27.112078651655914,24.505074068563516,24.211805055865845,26.281988715226717
26.835805188665667,26.088490240748378,31.619259803469344,27.526225805501937,25.82915982637401,31.16038521000878,27.11266594788118,24.507874358915153,24.213179463490178,26.281299946326943
26.839629638188562,26.09283194565247,31.619510067433954,27.52911587790349,25.832535075691855,31.15940939767875,27.113650975216483,24.51034312109877,24.21476097131503,26.28178692419519
26.84447563392082,26.095933999571113,31.619570245196908,27.531053490078605,25.83655245059009,31.160362437172097,27.113715931911212,24.51228165167756,24.21701649485223,26.283073868816224
26.847262677609432,26.099362354825843,31.619778847084813,27.53331652430648,25.838675390237263,31.161697318866516,27.114676238549276,24.514366619338222,24.21855632863634,26.28207998118862
26.85127058935148,26.103280153526786,31.62005770626886,27.53583841074891,25.841191770165967,31.161501257875365,27.114719554738738,24.51650157163531,24.219948990237942,26.283004457026525
26.855552532543744,26.10758918440994,31.620257225251784,27.537379086000623,25.844675481140307,31.161996473542615,27.11612958810172,24.5189271149756,24.222071374036155,26.283525432918324
26.85745500281677,26.111131810705068,31.620126048408604,27.54073578358923,25.8467770062575,31.162434473331118,27.116456902114674,24.520755144953455,24.224250003761163,26.283458392507768
26.86183600539461,26.114416709373277,31.620161976033355,27.54343932570665,25.848950173761658,31.162204010092832,27.116708516769737,24.523269392703476,24.225586488532855,26.283093440004013
26.860753959701515,26.11831010196819,31.620531239383126,27.54551639151431,25.852736738425573,31.16441777303908,27.117793777415343,24.525706191937218,24.227024034343888,26.28489748104604
26.85881662184885,26.121656412300243,31.6199616612791,27.548193002627116,25.85611285315546,31.16392044257052,27.118757420114164,24.52717822826983,24.22973350148666,26.28428816642871
26.856521044143967,26.125863448417835,31.620718916350633,27.55017433514244,25.858766431672976,31.164208546043103,27.119194614200026,24.529942848309048,24.231492874265967,26.28413705985632
26.85652956888571,26.13028046857627,31.620732696804076,27.55195189270248,25.862551884997323,31.1663053812812,27.119331212954457,24.5314476241035,24.234905782045658,26.285206669926346
26.85743950061964,26.133747696722097,31.62124664407781,27.554434212728836,25.865925116339774,31.16564298008248,27.12024346199106,24.533628755347742,24.237599408366,26.28528398760507
26.857021151590544,26.137092433869576,31.621751006754486,27.556012584117212,25.86812765111273,31.16638030740342,27.12214701311629,24.535989029854388,24.240354090621103,26.285928006285914
26.85590914260446,26.141410794331115,31.62206005984343,27.558314967304447,25.871712415309087,31.16724188260801,27.122170018197277,24.538229527237437,24.244768429358892,26.287064012305088
26.85418561570819,26.145514485104506,31.621691651604174,27.560829650312606,25.875280965321885,31.16762338573747,27.122836514468336,24.54098403672298,24.246848548336764,26.28667706434925
26.854094603679,26.148347440541045,31.621883256249358,27.56317195578283,25.877701713061526,31.16929105732,27.12456850010468,24.542566660022274,24.251123363652166,26.28720167957541
26.85525198494227,26.151742199568574,31.621500333737146,27.56614349802348,25.880278546458936,31.169474517530492,27.125143657926234,24.544431287853207,24.25460320571269,26.287261406830925
26.855771511111527,26.156534483728443,31.6216054041235,27.56728610899994,25.883662011119696,31.169713215267883,27.12625052092649,24.547231955138706,24.258545742467142,26.286976865936353
26.85530489309229,26.160143142841513,31.621260605724217,27.56968490420836,25.886557229352082,31.170895481385624,27.12745658652077,24.54888061046242,24.263603915663886,26.28867202986997
26.854444954562744,26.163485289996096,31.621804196131635,27.571352883287005,25.889704980767235,31.171482052780362,27.128115167369636,24.55041040644792,24.268446202855152,26.287989270491043
26.855334961558206,26.167887809658097,31.62127472645947,27.57360238003811,25.892687075941275,31.172604912866998,27.12930704229774,24.552462968925582,24.270612743403348,26.288698939845165
26.857085211231,26.17134509182419,31.62177591174501,27.575999436924405,25.895879142052777,31.17264527268295,27.130208597143643,24.55463887417123,24.273931594975092,26.289018992717608
26.857924475008225,26.17439464831502,31.621752522372525,27.57851619623935,25.898777363655956,31.173136765189476,27.13119696609466,24.556732561787204,24.27883231368892,26.288882998673508
26.85891155979901,26.178523363487578,31.622217953003926,27.58110527942247,25.90178793592099,31.174937688102766,27.133237728971093,24.559175512818694,24.283801427861636,26.28983362684243
26.860039563527046,26.182157581427962,31.622023474808163,27.583598400342417,25.90498924957985,31.17443442757802,27.13420716318953,24.561131509021337,24.28719303554301,26.289137320890333
26.86115559386566,26.185510869042776,31.62218655682222,27.58586726301401,25.90813586461095,31.176167908863114,27.135037543633146,24.56271525179439,24.29046357352158,26.290492323271295
26.86143974766384,26.189345536556885,31.622645200678605,27.587849276801265,25.910939235372563,31.17677566472471,27.136095377750976,24.564903030987445,24.29668432988329,26.2900037479575
26.86204445386368,26.192801284742234,31.622414609682963,27.590776943592278,25.914133577652635,31.177334339655527,27.136940491245028,24.567812777595893,24.29924538939895,26.290484756774024
26.863844776834995,26.196686645807805,31.622152354494865,27.593301998892713,25.917693078683833,31.177376866067856,27.13822668205426,24.569223076529674,24.302350481715873,26.290497801603713
26.866316710320753,26.200365703553604,31.62218496772237,27.595323096561266,25.920615502925838,31.178018701418786,27.139617913597288,24.570760359659943,24.306697597301067,26.291110204086145
26.86921895458682,26.20281284360225,31.622185293291977,27.598335729489655,25.923838913269044,31.178461512265464,27.14095510376029,24.57342148764151,24.310483478158375,26.291221920314122
26.871237347449053,26.20670383784808,31.622318911083745,27.59946475247422,25.927351689631124,31.179327050380582,27.141801793066378,24.575314622821228,24.31576157143583,26.292537161412298
26.872699890998383,26.21127719452966,31.622123642354993,27.601880675684725,25.929193195890953,31.178892848550028,27.142721866731854,24.577705354044177,24.32009258550535,26.291756125836656
26.87403991808473,26.214170966777267,31.62211195441861,27.604152035534497,25.932020047680734,31.18058472581434,27.14347813835442,24.579302717086527,24.323688734184692,26.2927253360751
26.876374135212636,26.216692431223564,31.62261847690754,27.606135738566103,25.935806534582508,31.180276870808854,27.145333083942724,24.58127446387015,24.33003864522791,26.29365404471361
26.879864463919848,26.22033480525279,31.622882426175316,27.60872956229244,25.9384435843099,31.18114504198332,27.146624543193592,24.583496156324372,24.332848873389782,26.29292566701529
26.883417476135875,26.22372522214009,31.622993771937015,27.61035359567344,25.94108501937624,31.182596432695767,27.148681504666886,24.585852475063646,24.335389224278106,26.29420838949791
26.88585280402291,26.225931243763476,31.62326675307758,27.611877347445954,25.94434805521059,31.181440214770625,27.149918087955122,24.58890093268577,24.34061886743439,26.293690931108014
26.88785402801408,26.229895126233032,31.6231914113406,27.614324754979897,25.947222743235393,31.183438228701583,27.149617829242555,24.590296449557222,24.345339143520835,26.293412949765205
26.89021155334361,26.23445707082082,31.623531399676374,27.617106109717838,25.949409529054584,31.183653084711636,27.15088743211477,24.59181399790038,24.34923564685759,26.295235251984387
26.89298407754075,26.236798606139228,31.623610331606887,27.619753193610606,25.952520344842714,31.18472340611,27.152138413163613,24.59387830330043,24.353986386629902,26.29386433509203
26.896247926496464,26.239495559190154,31.62375519352215,27.621760563202564,25.95583296672335,31.18597990982917,27.153273880679933,24.596724564214533,24.358571092025514,26.29491050627648
26.89993239753172,26.24419216469494,31.62378843151814,27.62332734642373,25.958096127351208,31.185368768540762,27.154559088554976,24.599071866305028,24.3628147128178,26.295305664009575
26.903429634617172,26.24771476590306,31.624356017370566,27.62537982441379,25.960394808898585,31.18611744342685,27.155405797768157,24.600686339869853,24.366235032012753,26.295039702147875
26.906111731045534,26.249954957052726,31.623683626695613,27.627810418781607,25.963595448908965,31.18565980698942,27.156750753670206,24.603140975523246,24.370720571027377,26.295355522614074
26.908783021159866,26.253029580187082,31.623635243455652,27.629932855379455,25.965341892905162,31.185616723311583,27.158121502933994,24.60547597137139,24.376011050344918,26.296460968313152
26.911927361303952,26.257342095278105,31.623434949301732,27.63199582919666,25.967422285377502,31.186545198965373,27.158602688978103,24.607852640615675,24.380245883180876,26.294136808031446
26.915889341334804,26.259540394433376,31.622721960831438,27.634294309358665,25.971225818895146,31.186418879289928,27.16107044693311,24.609623272342205,24.384594436105512,26.29715604026256
26.919375079536895,26.261624447817905,31.622981898546843,27.63626988726609,25.97462288139178,31.187489482509584,27.162929232735756,24.61176407841573,24.388827769034393,26.295184243565345
26.92270775352405,26.26545730666368,31.623038980276412,27.639325430036497,25.976846036448215,31.188344481438612,27.162401820790127,24.61362697067245,24.393536208574943,26.293735087716055
26.92613097984648,26.269729049669664,31.623536420250563,27.64105218042711,25.98008701756743,31.188292604746167,27.162856288057142,24.615782568036604,24.398232196128728,26.29597014902943
26.929379808332445,26.271902505516785,31.62335233395599,27.643082745539974,25.983357069243365,31.18917149364311,27.164161060914477,24.617941968796643,24.401723315729402,26.29441829722556
26.932279177781076,26.27407807949906,31.62369917031823,27.645555766900117,25.98535990401838,31.189375256088493,27.16536520657686,24.61969334263889,24.40559242573043,26.293189785211094
26.935504323951132,26.27833505678549,31.62389472893566,27.646791020632673,25.988167194001512,31.190192412116765,27.166718946535546,24.62196438431746,24.40892209739761,26.294309040630488
26.93939705082308,26.282060817355585,31.62370878924408,27.64859877345938,25.99177884453196,31.189242057611814,27.166724838745058,24.624592323581126,24.412624018937063,26.29461922229652
26.942861172178354,26.28507529199254,31.624204812623248,27.651553524912735,25.993897829511994,31.191275931603958,27.167878789535436,24.625829093747967,24.415530493068186,26.292939945469044
26.946536526302808,26.28799118256691,31.62370439554762,27.65414981084589,25.996812055424417,31.188633547657304,27.170350361644402,24.62772391358169,24.418947169082713,26.294237317799535
26.94979629227857,26.292473307594815,31.62364458148062,27.656291965303318,25.999650874896613,31.187141623666665,27.170314160304873,24.630913609190536,24.423663811301736,26.29376952168055
26.952958165766642,26.296290795301957,31.62412097668537,27.65770444417232,26.00186952078561,31.18883240277617,27.170441650868476,24.631518954402416,24.425500503263812,26.292168278457787
26.956397608142055,26.29880657424946,31.624322963338432,27.659227544765148,26.004107080125422,31.186289081141712,27.172429901316786,24.632667491651294,24.428215377307836,26.293504879609703
26.96004200130013,26.301531218230828,31.624090372381552,27.662085060813766,26.007116976434386,31.18381518701288,27.173866215536712,24.634782892189563,24.43085797042308,26.29217855628475
26.963984394155595,26.305390505078957,31.624156876227577,27.664741992264194,26.010294892081415,31.184983456513812,27.17499785484051,24.63526817917085,24.432949025475978,26.29223070142165
26.96798324557755,26.309297709428204,31.62433313186221,27.667136112730457,26.01323511853865,31.180510294088485,27.175969609610174,24.635720330763444,24.435818734908175,26.292877655499048
26.971420132263138,26.312378380131808,31.62483196118393,27.66912806296254,26.016205284832456,31.176855157420874,27.176529067328005,24.637887814466552,24.438003928189993,26.2920308343157
26.974627862992303,26.31485803746941,31.624215912292083,27.670949467297486,26.01914263111462,31.17673716173062,27.178479077438908,24.640374084985567,24.44072790058498,26.291630759042736
26.978356553307663,26.31837267048904,31.624319062506622,27.67240721221181,26.021928586619808,31.176030983124786,27.17877614999996,24.642053900106163,24.443417164548524,26.29263765571785
26.982623493877853,26.322417603816678,31.625090917169736,27.674153858476007,26.024284257499843,31.17414911955816,27.179484437968092,24.643220480841265,24.44638928346705,26.292899585872817
26.985968222893668,26.32557305718839,31.62506416115889,27.676427488338252,26.026651088657033,31.173824744128268,27.1801044759656,24.645461277911195,24.450691736897806,26.292733997836926
26.989245384651706,26.328433642761865,31.624455547475442,27.67893619243563,26.02970009436408,31.17262940698001,27.181631128600266,24.648237597716893,24.45508642548386,26.293004650616357
26.9934661295093,26.332071396784333,31.624751754828864,27.680740344131443,26.033161971700682,31.172257304371257,27.183924334372488,24.649415849092584,24.458375076929485,26.293103243101847
26.99770560607755,26.33575569515203,31.625237018980926,27.683472455796903,26.03652927032339,31.17151007153923,27.18430305714309,24.65064813378032,24.460960510991075,26.29277787466495
27.001115506712985,26.33863315241712,31.624773192064154,27.686291796772416,26.038160676304997,31.17020610415898,27.185393790603932,24.65288804459947,24.464466838193637,26.293973034192263
27.004565171362003,26.342105014207057,31.625214462415776,27.688601638412234,26.04038737932708,31.170429097654207,27.18612730048517,24.655609513830825,24.467272155716387,26.29283391009892
27.008383629416926,26.345942182814802,31.624737699400214,27.691105623168948,26.043623076851674,31.17075622962816,27.186294689057053,24.65777068518463,24.470700511528317,26.29330639424085
27.012294297999546,26.349445737779963,31.625603711640856,27.693311076986124,26.046170406601412,31.17041749742945,27.188018087481296,24.659390325697043,24.475006563595514,26.29415962156445
27.01645525420629,26.35204794935394,31.625774959843472,27.69543027364163,26.04863212683759,31.17043791541683,27.188821123873637,24.661075975218715,24.478682616289703,26.293687686016476
27.0203417727849,26.35521795690757,31.62589910732926,27.697913849792748,26.051161801977823,31.170010707194585,27.189330228617372,24.6632311123266,24.48070443952598,26.293484596778566
27.02409990002359,26.359651396245212,31.625857578058024,27.700295679021675,26.053154110001042,31.170329866074486,27.19072080062827,24.665326632009936,24.483756590279704,26.294507068927523
27.02757386236162,26.36362775733818,31.62601579994156,27.702445416589754,26.056592426647065,31.170423783135938,27.191916814528874,24.666471065671367,24.48768595328287,26.294748491186045
27.031346861894253,26.366507264408952,31.62642276952011,27.705036175001098,26.059851652316716,31.17008118390656,27.192448582745122,24.668181235259645,24.491407604900196,26.295395156491246
27.035230252646095,26.369433788849395,31.626359955372514,27.70727512280621,26.061725152166222,31.170249661519478,27.193474117376088,24.67047176449524,24.494982513920725,26.295408399385586
27.039434806598308,26.373136761408542,31.626434358993887,27.709299331502955,26.06401574934873,31.170072193042877,27.193817037166244,24.672483375867333,24.497644113420137,26.29599895265069
27.04307280372328,26.377176848103687,31.626509083118954,27.710723827524966,26.066987903788842,31.170131291856038,27.19632077625375,24.674619780438718,24.50242356222441,26.29631191323122
27.046338437853727,26.380631630627867,31.626615152095958,27.712554966737216,26.06986273965902,31.170495443235325,27.195978642696733,24.676755126251948,24.50716999804548,26.295745502072325
27.050392186328494,26.38393403262759,31.626550355224353,27.715389042822807,26.072916803789,31.170647653363876,27.19533865623134,24.678409333705527,24.50972123398038,26.29679045356052
27.053908876343442,26.387584773983995,31.62654611805629,27.717358840975095,26.076207212075765,31.17054813139194,27.197126942935704,24.68026355435115,24.51282281161438,26.2964725300783
27.0567430735749,26.391164668934664,31.626612916195,27.719767568316843,26.078823867735125,31.171308664018902,27.19865391947863,24.68246399451189,24.51616795270065,26.297295370770275
27.06104504962702,26.394451161222953,31.626847171038612,27.72143979528662,26.081121605531568,31.172279275081127,27.198977540899914,24.684946432397812,24.52083655492928,26.296813279788505
27.06571340389904,26.397589959134624,31.627280889864572,27.724430251895296,26.084123895854603,31.17143235330133,27.198744250183445,24.686905356914064,24.522682337850085,26.29735371857306
27.068607639492164,26.400732956582686,31.627330532914975,27.72634597844313,26.087616069745216,31.1728776925781,27.200456483235982,24.68899281884006,24.52477514493337,26.296755213255757
27.07171542607096,26.404603617907938,31.62748404481107,27.72860194494646,26.09051826213547,31.173928530186966,27.20114366732296,24.691427133670686,24.52891512790498,26.298755013861115
27.07555477928228,26.408440201011267,31.627165167963483,27.73040020124739,26.093098346638715,31.174567630337442,27.201169999867147,24.693407591547544,24.53221042695852,26.298100936128183
27.079728326152406,26.4117711975415,31.627570555466708,27.73228158141991,26.094694684586152,31.1751589064296,27.202036611824134,24.695403890187997,24.53534986429082,26.298896726675363
27.083265588243105,26.41525379816523,31.62743134524294,27.734883515846974,26.097213829705144,31.175617881532112,27.20285023259867,24.697365446490785,24.53954255352931,26.29987199039851
27.08708327407189,26.418495082255667,31.62730887879232,27.737095144126517,26.10012364837133,31.17638739215049,27.203777824673928,24.699726566451847,24.542178286544598,26.29913886608145
27.09160552358513,26.421357073025806,31.627138366584937,27.739640255549155,26.10222863342967,31.17616034704639,27.20478227118706,24.701526797862613,24.544369922640396,26.300579558687414
27.09517197186249,26.42461851632983,31.627482560219523,27.7414839910815,26.105294498847293,31.177614623418236,27.205846244338826,24.70342606623252,24.547105490541824,26.299908710636952
27.098315767383383,26.428634720242577,31.62745751175737,27.743350383333155,26.108203116662928,31.178449388845987,27.206441674022663,24.70599450831868,24.550502087985002,26.300992266347887
27.102252639031803,26.43195588028407,31.62749244787893,27.74595566972634,26.110970810136237,31.179210101377087,27.20721393184071,24.70799439585434,24.553741106758885,26.301285436680818
27.106468027463645,26.434556824011658,31.627678681533613,27.74817216424364,26.114489340776448,31.18035679805262,27.20874317470183,24.70997291666523,24.557112800432044,26.30153113524201
27.110251410709978,26.437711497874904,31.627969862473453,27.75020242863226,26.11726589073448,31.180734731011736,27.20989576105639,24.71252413219723,24.560642194628805,26.300964910688663
27.114282008842814,26.441315406606943,31.62819852636246,27.752359782524458,26.11944578055717,31.181280389592146,27.210595739950058,24.714111326274242,24.564687226072877,26.302190492389784
27.117947906576344,26.444125323936344,31.628379773716574,27.75511083696911,26.122289404162697,31.182705494565145,27.21180772147166,24.716717671844112,24.568274634508086,26.30180894926914
27.12129145051907,26.446894586556155,31.628253668843627,27.75667502784101,26.125189189231307,31.183032987002935,27.212831310620466,24.719092078513913,24.571568868728168,26.302471249492186
27.12497988918777,26.450394543125565,31.62808502883945,27.75887045690334,26.12746896878862,31.184163166899516,27.213605255669044,24.72122563054483,24.575384235028682,26.302559811087054
27.129265343469324,26.454450338541395,31.628473704786117,27.7600718459348,26.1303870037651,31.185803239648774,27.215476589506082,24.72322849661232,24.57821848397029,26.30184026580298
27.13340432735349,26.457302196426742,31.628175563455017,27.762930418396664,26.133204944230243,31.186106388614178,27.216840223699947,24.724745875964874,24.581341971910785,26.303648190328413
27.136364198562106,26.45962288950827,31.628511307188603,27.764849866586722,26.135753664475864,31.187290623493595,27.217932097305287,24.72680254440966,24.586506779718583,26.303348059747066
27.139272628732964,26.46334903038602,31.627715263580363,27.767026276103046,26.13873970433781,31.18913713525084,27.219077863032012,24.728919116560796,24.591005909451344,26.303515710596166
27.14314695158425,26.466809915994812,31.628318662870903,27.76917508057009,26.142019933278533,31.188207722319174,27.22019494429583,24.730156221609214,24.594489166257798,26.303931616391626
27.14729507812138,26.46911628332761,31.628034732040234,27.77135242206454,26.144960272518738,31.19099543155106,27.221046316544474,24.732205457736185,24.596762646266512,26.303887284350246
27.151264442463372,26.472334829545172,31.628522979606522,27.773173236505894,26.147150717835892,31.191081327789284,27.221956056989164,24.733626616232954,24.601218393612495,26.305119171529
27.155389852681925,26.47590315993677,31.628672895376454,27.77584684523155,26.15020466140266,31.191805391373734,27.223917985342187,24.735814169972905,24.6049456202024,26.303810423003856
27.15853630506107,26.47944464917306,31.628525053548465,27.77727230626628,26.152595846283496,31.19201783264075,27.22587046835242,24.737125034204475,24.607372101471686,26.305282126443302
27.161721866829534,26.482308578534493,31.628921062169315,27.779707493075524,26.154785762186165,31.192839646418417,27.226095898953307,24.73949399028516,24.609361264400825,26.304340826931597
27.16570038811379,26.48490216178501,31.628872909913824,27.78246612019081,26.15795106782155,31.1932782710305,27.22651837819464,24.741678506866037,24.61234725481644,26.305492564216657
27.16930335443169,26.4885972104565,31.628935395922497,27.784854309133493,26.160531886422476,31.194172503250677,27.227037603506744,24.74199917256334,24.615442675052496,26.305838424671315
27.172207571891853,26.49224567156132,31.628885137981268,27.78637566058751,26.16295468816293,31.194890756558394,27.22830056980424,24.74394950016643,24.61913279613078,26.30533180174032
27.176244498260537,26.495385039421812,31.628609645855633,27.788694453823084,26.16665832945863,31.195601974206774,27.229235707874814,24.746710487435458,24.621901352887537,26.305775172027932
27.18034805662893,26.498319913581888,31.62859780015562,27.790075291895278,26.169281134392985,31.196382997703545,27.230285684632264,24.746577738229316,24.625046406724667,26.30646356360803
27.18325345326953,26.501812596734126,31.628622289936995,27.79271518272426,26.171654488392512,31.196625661606276,27.23218398570131,24.747288575158603,24.629008803516903,26.30616990110726
27.186939840439273,26.505190550821798,31.628552115496234,27.793921948348547,26.174398879996676,31.198317437091482,27.232952688220514,24.74969782289767,24.632045550704124,26.306936678053003
27.191398753176642,26.507855032707507,31.628781490664714,27.79642249825033,26.176835035796984,31.198269711997412,27.23354571424132,24.751143122147337,24.63452861725862,26.30716560268333
27.194764481453735,26.5105924374253,31.628890637458753,27.796135525640032,26.180078618218428,31.199534168261604,27.235617618079186,24.752275886158838,24.6372383987769,26.30715868675974
27.1970537812617,26.513838918866924,31.628980505413686,27.797610243728048,26.183038860944826,31.199921115250003,27.236142918632908,24.753673754618063,24.640037359073887,26.30748300809135
27.20070047474993,26.51761332231696,31.629191264591686,27.799686594966534,26.18519607175275,31.201077952067592,27.23644640921905,24.756218417819706,24.642763193927372,26.308618704176556
27.204804478739796,26.52057945190666,31.629513787449,27.80068147320026,26.188199912504054,31.202193857322275,27.23758199528,24.7582272003579,24.646321504034656,26.308095788957218
27.207463854759443,26.523590014362842,31.629358488565764,27.802353439434402,26.191377041814107,31.202861749612527,27.238878039540158,24.759451085947248,24.65014669835969,26.308242403049775
27.210616644105336,26.52734992239546,31.629769006288644,27.803904580516313,26.19323328118032,31.202545552678874,27.240040154724507,24.76007646939194,24.653172105889475,26.309619332836665
27.214821207096485,26.530852915785374,31.630096846792885,27.80583131459681,26.195456261138062,31.203832961877055,27.24096415512221,24.761963620623767,24.656106464130488,26.308374088532915
27.21921834417487,26.533582647618374,31.630427298564122,27.807834708827365,26.198922799005594,31.204287914172696,27.24176318771843,24.76470684108419,24.658873177210378,26.309007140406003
27.222567930674515,26.536609858198197,31.63030908150036,27.80856464297758,26.202349377041404,31.205537456662977,27.24337072697281,24.76625927903639,24.66237772564083,26.310693167983533
27.225721948448445,26.54068813516598,31.630863677384305,27.810744788366627,26.2051071666528,31.205424819439337,27.244746915796597,24.768114787171598,24.665831265762538,26.308735140130945
27.228861925918714,26.54422548231898,31.630771840518314,27.812699423722783,26.2072119331878,31.20682319572147,27.24547042858298,24.770064241013344,24.66948630939667,26.31016225274429
27.232096447978176,26.54678668487692,31.631037154066636,27.814146471453842,26.209857329739926,31.20727673602017,27.246025790561795,24.771867317714072,24.672730358235523,26.311292887475176
27.235752753209034,26.550067501210066,31.630906162475263,27.816561420671523,26.21231505432108,31.207518245311988,27.24789035671071,24.774190422872596,24.67527253169381,26.309757932650307
27.239593963093824,26.554134648895896,31.631028343330946,27.818101823501813,26.215029346848585,31.208428326728423,27.24976122806843,24.774465494063595,24.679021177823273,26.31156880940601
27.24310056744128,26.557650295832943,31.63188621917264,27.819211544790367,26.21800753917798,31.20919214408171,27.25052253516155,24.77532657394692,24.68201206459583,26.311189570068485
27.24624959894853,26.55985461082791,31.63173371206515,27.821636771581208,26.21979672006399,31.209546639486074,27.25124715946489,24.777697658272622,24.6848410758899,26.31143300988521
27.249809401734417,26.562558903442156,31.63214728201302,27.823633346572283,26.22282846826372,31.21025332386075,27.252796089660865,24.778629977730077,24.687771661889947,26.31271101829663
27.252403080325788,26.566168403578523,31.632672166203072,27.82457486703312,26.225880921433138,31.211261125854914,27.253958701613705,24.779648859417076,24.690735211161602,26.3125742470756
27.25543892100014,26.569242064991894,31.633246723551448,27.82617378583323,26.227798947044256,31.21098223959002,27.253585580616026,24.781435310391338,24.69350434645838,26.312081302108155
27.259192724722897,26.572169212666658,31.63381418494911,27.82775589351798,26.231088784289973,31.21278162058106,27.255100464376895,24.783206666835408,24.69606815954867,26.31386418637229
27.262676202828473,26.575582221670313,31.633742652608376,27.8298566092875,26.234672208415816,31.212915627011565,27.256475998257436,24.785322393287593,24.699086919516464,26.313869505157687
27.265485402793132,26.57946299026055,31.63442661330571,27.832497417067277,26.236290746465638,31.213938695782705,27.25747565640344,24.78741263988723,24.702389448440016,26.313644967782693
27.268836796339908,26.58329872359149,31.634294764084316,27.833642271025738,26.23809807630483,31.214599744220376,27.25913681873765,24.789410284665756,24.70581921282851,26.314919953635965
27.27328027885864,26.58582551902392,31.63445007638703,27.834995603748634,26.240093411163443,31.21532430082089,27.2598361720239,24.79132277021146,24.709768278646056,26.31497577995551
27.27718779506692,26.588860682329056,31.634717877094207,27.837112854111016,26.241774037038816,31.215317396048846,27.260401363524682,24.793865274426974,24.71222046822911,26.315019600813095
27.28014693357338,26.59214780515684,31.634570222764097,27.838913149861845,26.244614553876907,31.216893524835818,27.261875430135166,24.795195494296873,24.715474859071076,26.315904723966153
27.283249682628465,26.594694662713543,31.63470164806233,27.84074399116628,26.24680067748884,31.216415362967318,27.26291426375554,24.796709678651837,24.717457059572073,26.314672379866625
27.28660144861859,26.597512260064015,31.63516595705829,27.84256514354949,26.24952253755729,31.2173675960975,27.26384765988864,24.798483562304796,24.71993487542351,26.31642731237026
27.290085387340053,26.601001928426765,31.635104793695334,27.84448544370243,26.252186283528793,31.218407037646735,27.264548105429146,24.799842423191215,24.722824391149526,26.31430665387811
27.29333276428263,26.604579561666174,31.63511568735101,27.846663773078898,26.253835502105286,31.217669717291354,27.265810466665013,24.801802847232626,24.725481477800386,26.315919288272553
27.296693078423395,26.606951174558013,31.635132084080695,27.84910132323768,26.256588347703588,31.220039441461502,27.266450018376013,24.804276263088738,24.72819696763097,26.314166371803612
27.299940661651263,26.60945911830339,31.635579693217615,27.850559298762896,26.259367327584158,31.21944503025395,27.26790978150546,24.806068378170522,24.731538867292056,26.314302196113182
27.30315334378068,26.613047135624125,31.63553043533307,27.852426321808057,26.261281939858847,31.21968955025602,27.269304692976085,24.807557788089486,24.734683088297402,26.3159923583431
27.306331898833225,26.616392608785976,31.635554244006066,27.854249977000958,26.26428655209203,31.221644791195324,27.26907482560216,24.809637411619576,24.73751800102073,26.31370326310952
27.309510265783928,26.6190612657676,31.63592243355176,27.856293940587005,26.267441527985422,31.220509751257293,27.270698908268358,24.8123444535176,24.740012946256712,26.314559893552744
27.3127033264604,26.622304140535192,31.63625579294891,27.857817892903928,26.26838074669441,31.221329083252648,27.273088767330158,24.813973620454956,24.742003827643458,26.313803731002334
27.316188219352554,26.62615268915073,31.63621083816672,27.860014213285645,26.27041320222581,31.222455844740477,27.273107117077174,24.815271157159682,24.745271315573213,26.314010946329688
27.319250374449556,26.629043073121863,31.636485270913376,27.861718897171666,26.2738746545527,31.221690284495818,27.273554074504368,24.81726449395552,24.74920698680677,26.314524215568316
27.32218285936888,26.631314103344785,31.636102204026844,27.863135272504543,26.276468458310752,31.222134104648394,27.274918428435445,24.819579078580922,24.751756272269706,26.31406094012922
27.325912438101255,26.63458014184752,31.636114462041736,27.864816465587996,26.27921450672074,31.22332636066318,27.276816054251277,24.821749541027135,24.75402320137338,26.314446561217526
27.329917011986584,26.637594582104125,31.636237300946966,27.866534100008064,26.282539408865453,31.222352797698626,27.277474358843854,24.823399210932955,24.757419900817442,26.313740426934253
27.331990318370963,26.641068495306143,31.636475789316492,27.86953115869991,26.28502465425043,31.22373961420413,27.278165422582585,24.82544048808752,24.760745212509867,26.314723186523654
27.335033062522797,26.64424031883355,31.636700726225833,27.871880394858625,26.28748243696527,31.225136025615793,27.280063431662672,24.82809476087709,24.76452767843807,26.314334007485932
27.338810258510478,26.647392696873958,31.63639332784892,27.873231711713615,26.290852230607435,31.223839427897012,27.280653695120346,24.830277231350507,24.76860829150263,26.313779768135603
27.342353199657,26.65037084282966,31.636649213363448,27.875146791459215,26.293011596219213,31.224612605094528,27.281068101905312,24.832136144285965,24.772300924677396,26.314944746098405
27.344992609268054,26.653219014380866,31.636396053459322,27.87639626457505,26.295239775111476,31.22515183727164,27.282706331349097,24.833292314115866,24.774027984458854,26.312983240697573
27.348616355989797,26.656304463320566,31.63659144773756,27.87910591957523,26.297340222304477,31.22507370450492,27.284251586496666,24.83433876003756,24.77680208618758,26.312489663811153
27.351977046588964,26.659777610481264,31.63637137572139,27.88248583608375,26.299822109716715,31.22612701432378,27.28434607116064,24.835929982904382,24.779968345960583,26.314027499719252
27.355050296464412,26.66308595303387,31.636708505090326,27.883509523657768,26.302642220442046,31.226320919091812,27.285576381351206,24.8375466558991,24.782322721528026,26.312731154377516
27.358178849305915,26.665885213952265,31.635983201815495,27.885435598599635,26.305181017171538,31.227631430649822,27.28757433997039,24.83952488400589,24.783247191006804,26.313141175376707
27.361263603256845,26.668893098481014,31.637006350138684,27.88787917700226,26.30701344976584,31.228205216804902,27.289262349060543,24.841228666477647,24.785079396428,26.31319880074965
27.364207052449125,26.671826978174686,31.636613182548956,27.88876457921201,26.3093314690965,31.22869322582671,27.28869979465246,24.842719108604875,24.788911314756245,26.31206041098517
27.367663904569728,26.674915948898654,31.636558219661232,27.8913889610925,26.311813694699886,31.22904564873902,27.289800629744178,24.844896594974134,24.79150613644267,26.3139792694112
27.37074223942273,26.678068764574704,31.636687867450355,27.893608515060038,26.314473517613756,31.230029263367896,27.291214083167258,24.847644312325762,24.79234292203188,26.3116541602481
27.374111493196594,26.680396651790772,31.636846095058427,27.89546244903302,26.31678463370678,31.230287649416347,27.292531642794103,24.849686700811912,24.794993853415495,26.312952976454298
27.377951929601572,26.683252788439003,31.636934777079308,27.897600488666896,26.319033205451767,31.231083596588437,27.292962398362654,24.85126577728566,24.798680644163802,26.313094836161138
27.38094943950323,26.686635080620196,31.636937627227883,27.898269958700634,26.32206450524866,31.231674025378364,27.293482907804417,24.853350545053566,24.80127015171611,26.312320198194428
27.38340540472961,26.688967026733856,31.63684483394938,27.900296611534596,26.32472535143056,31.231902998038876,27.294822689997975,24.85529106014154,24.804700649361443,26.313347331436653
27.386861579387055,26.692139086016144,31.637480159089762,27.903632889993894,26.327697071142197,31.234057476203358,27.29622501908823,24.85714308707967,24.807994109847634,26.312107652371523
27.39030718201837,26.694098928301337,31.637077334072185,27.904855552326417,26.330770532679782,31.233906600827694,27.29616140736415,24.858777055932187,24.81077983910048,26.312962885375914
27.393060095670698,26.697295912620632,31.637696428059602,27.9055112698384,26.33245198754898,31.234902269889474,27.297356103971087,24.860343466579224,24.811866791532005,26.312356765297153
27.396207696975054,26.700793164525763,31.637913364718464,27.908118599755824,26.33448406265233,31.2350984106407,27.299034478588627,24.862883255130104,24.81354947307842,26.313087735173745
27.39951287600907,26.70387377808558,31.638174327144675,27.909316262531554,26.33727874302378,31.235207083949117,27.30000187161611,24.865267169375805,24.816294885509762,26.31332301378912
27.40290452899223,26.7068243741854,31.63858573290623,27.911380966464108,26.339915771303115,31.23605242556579,27.300422329872212,24.86708560607003,24.81780538993278,26.31278433775659
27.406224320342943,26.71014279713541,31.638356823296814,27.914510733849013,26.3418534018697,31.237399953814155,27.301397953566738,24.869467178080868,24.819156452136397,26.31344274157657
27.409461238273227,26.712994055249162,31.638143551508364,27.915646320707044,26.34418927723523,31.236224696503033,27.30181689022131,24.8710932597782,24.821374312332225,26.313247864791514
27.41298798908793,26.715636838349603,31.63748774588836,27.917722496742122,26.347649768093003,31.23621356083158,27.30370708318214,24.872208029126558,24.825172269088437,26.313437685528914
27.416177069841538,26.718559739032656,31.63769271535779,27.920593083289205,26.3505317782845,31.238467707104157,27.304042750834437,24.874185575441096,24.82904557424761,26.313861402179278
27.419132458766526,26.721708723982726,31.637674686820194,27.921713229224995,26.353015528448005,31.237278035991043,27.304925693407945,24.876341402529544,24.832276341944144,26.313674009064197
27.422357595646716,26.724492397313483,31.637226570841715,27.922874330421248,26.354612635587955,31.238673365076878,27.30677539010952,24.877363826143775,24.835616086401657,26.314425829964886
27.42585282517037,26.72731977590476,31.63795864679202,27.9248569759551,26.357361656019297,31.238611308220992,27.306823156069548,24.879223929827198,24.838030918696134,26.314131624109862
27.428490272698227,26.730739944335088,31.637944279120852,27.926585467867852,26.360153128775956,31.238451310189532,27.307522754940486,24.88137927107946,24.84118076552094,26.31449433555418
27.431211966066684,26.73421776970703,31.63820211565777,27.929654250872073,26.36236154990721,31.239085904984947,27.308439471454513,24.883125614798413,24.844624418312517,26.31498433019776
27.435025569317354,26.736642953238338,31.638537249364944,27.932757113173917,26.365128510011356,31.239387581475555,27.3095060327222,24.88549718288229,24.846226155824485,26.31401696604433
27.438426547125232,26.738723230380792,31.638608600967032,27.933345026788917,26.36793794002113,31.2364773638468,27.3105043561998,24.88710167393087,24.84833162092224,26.31512294267339
27.44129012801502,26.741903533389895,31.639344794888085,27.934829503918092,26.370755498310206,31.238618355212875,27.311548547621296,24.88871554844538,24.850580812712515,26.314990715582056
27.444113088538238,26.745648700444008,31.639388761330018,27.937260010199424,26.373737956600646,31.237229420285097,27.31296995307687,24.89126019988989,24.852947994612116,26.314883085970582
27.44733620772015,26.748784812635044,31.639282920546066,27.938333744333068,26.375582728725902,31.235915003911046,27.31368811849993,24.8932225885688,24.855501052498603,26.316801857166276
27.450487643331783,26.75162629479001,31.639826971135683,27.94114261670694,26.37768199456396,31.237121778249204,27.315153477168813,24.895612888649225,24.858016600437203,26.31538614168877
27.45337687412998,26.755022629532142,31.639974756214677,27.944286650360525,26.38095823930618,31.236571773218053,27.316702372135456,24.897949277855695,24.8609751825921,26.3158641911646
27.45685499857869,26.75809114260644,31.64019026641741,27.945153433445427,26.383333391663687,31.235781759731324,27.316632852228558,24.89962892742158,24.863909794756054,26.316718515676673
27.460063437588083,26.761203706272767,31.64035263265403,27.9466998397018,26.385088539578135,31.236985033210306,27.317996857429414,24.90105557723375,24.866100522218076,26.315552606098613
27.46303052114943,26.76407051284302,31.64005574713597,27.948295100660474,26.387959027510032,31.235066839416664,27.31914696554906,24.90299078263703,24.868046032704637,26.317447875265888
27.466035456293024,26.766269880210896,31.640019671885497,27.950312926738622,26.39027810233253,31.235862213335388,27.320177871447466,24.90460016933406,24.870583051956636,26.31599692146437
27.4694086005234,26.768942696001705,31.640329987971004,27.952450278543242,26.392434018157736,31.236702878930934,27.321372130209596,24.905786391074688,24.873368579001305,26.316941834675962
27.47259566975973,26.77261807447185,31.640533908776646,27.953329221442985,26.39593089976437,31.235605635099446,27.322978997675538,24.907902888175535,24.875627495455387,26.317410101980325
27.47564632282758,26.77573012670542,31.640835842811903,27.95493025420708,26.39844704970661,31.23606248545852,27.322800030333653,24.910474381151936,24.878583277356032,26.31740633793025
27.47841724857937,26.778364374449346,31.6406404834489,27.957497965493545,26.401166010898365,31.236907305215578,27.32361229039119,24.91250959603946,24.88109493060965,26.318110894579508
27.481383682852773,26.78097483567955,31.64102845598443,27.959410683841316,26.403537069972014,31.237003805654627,27.32496596257519,24.915014082597295,24.882938377790413,26.318234752814455
27.484735114684987,26.78378859997992,31.641164333288675,27.961113431570904,26.40536610954616,31.236753792388427,27.326403211408604,24.916807763528777,24.884811351904958,26.318779399167845
27.487503178138578,26.786937700385224,31.640923981618847,27.962911351287794,26.408334949695536,31.237648590498477,27.327308077149382,24.91896725126166,24.886921065679076,26.31938032882131
27.49032081459587,26.78995834726794,31.64063281955276,27.96406083788368,26.410534780586246,31.237425443743057,27.328086909191846,24.921172120580607,24.889380149527682,26.31916529584632
27.493380212706384,26.792673353049373,31.640907744481623,27.966096108177616,26.4133421683472,31.237433506654085,27.32852718022781,24.922147006081687,24.891385393584912,26.319983044525284
27.49659791771618,26.79537665094328,31.640794091342205,27.9684193343915,26.41541030940182,31.238553427327812,27.32987929943739,24.924343387530318,24.8930319798378,26.319534450458313
27.49984660606649,26.79822167107108,31.64069943926794,27.969727545571097,26.417700171603347,31.238721806122662,27.331408926837714,24.926110379607017,24.89547169851346,26.320085078498327
27.502871174848707,26.80147475468042,31.640744169235013,27.97257822683253,26.420297338215807,31.239820850982603,27.332215574876862,24.92763164616359,24.897630917009934,26.320662284667765
27.505110034415544,26.804741178391026,31.64053181951183,27.974743130477847,26.42244848328592,31.239275819610125,27.333394099706222,24.929795844907726,24.899020639335,26.32072427803888
27.50794629488778,26.806755311664045,31.63987960270893,27.976101051974737,26.42458206345829,31.240505207662622,27.333932636760437,24.93188534074661,24.901360061760684,26.32113036301474
27.51141831014631,26.80937262079096,31.639639396779238,27.977583021414986,26.428014138736057,31.240641522163003,27.33531565523657,24.93352996425109,24.904295644521053,26.321182522211302
27.513811806493127,26.812963063454887,31.63996795653475,27.97939335738662,26.43064366606111,31.241241091029515,27.33605313817936,24.935435487601882,24.905957533001736,26.321557099249027
27.516519012253017,26.81571141441343,31.63884911718439,27.98139976223398,26.432989681617343,31.241412937898836,27.337167355626324,24.937089765909004,24.907738762435496,26.32248271066302
27.521010791416053,26.81850862944912,31.637629526448414,27.983514875169,26.43422013983844,31.24236737403427,27.338480085485507,24.938867827648195,24.910022422792416,26.32274075747645
27.523609029405286,26.82148550716631,31.637005601281718,27.984785570824876,26.43719379463636,31.24289565190223,27.339877859183304,24.941417329469076,24.91199279850663,26.323496136416622
27.525749719132243,26.824525489493325,31.635976607476923,27.98644161459048,26.43842084209225,31.242666521695543,27.341101772065795,24.943344199576742,24.913355590330507,26.323992665557743
27.529053940382493,26.827791800463284,31.634974242345557,27.989460980324058,26.43985578973407,31.243355086410325,27.341553586664006,24.94524068561948,24.916054636039124,26.32382817499667
27.531624711331393,26.830820495572645,31.62436944707256,27.99053861430337,26.442833324913508,31.24382014587868,27.342569141288347,24.94765799051903,24.918382516703552,26.324146101521308
27.533795963772626,26.833413652972972,31.606554411502806,27.991670462891808,26.444681825269967,31.244355728017208,27.343935368533675,24.9489468218689,24.92009347306713,26.325098308445977
27.536966868010005,26.83622040094594,31.502982582833596,27.993861478563137,26.44664639553052,31.244954596462545,27.345027235769464,24.95101633832541,24.92235766959194,26.325364919918663
27.540294525422834,26.83918516733089,31.32347049881347,27.995585575068382,26.44932243462215,31.24554274445408,27.34597260243755,24.953787802155688,24.92485380467539,26.32540432755466
27.543380279365014,26.84215412178546,31.183008228626257,27.9977746259039,26.452281768537347,31.246446158080886,27.34704411814187,24.954840595471495,24.925950782475578,26.32635404220479
27.54644151061262,26.844308091760425,31.016273731605956,27.999997216101168,26.454957336775905,31.247038995332474,27.348215422193952,24.956153225513802,24.92744320283954,26.326084069591275
27.548641684635538,26.847057248145283,30.81428743048498,28.000799408649215,26.45639216159592,31.247926728501263,27.34947867119757,24.958090486897117,24.930313784453855,26.32699143636954
27.550965004417858,26.850246830416292,30.61534429937162,28.003056795171837,26.4597586991288,31.24860013788496,27.350099988903303,24.960069112344105,24.9329953196196,26.326877222432454
27.555021470798348,26.85228698973576,30.443283497701586,28.005459277567617,26.46251931820984,31.24862692209506,27.351121472144033,24.961476202661068,24.93413377396882,26.326829744077838
27.558168265157423,26.854774210011904,30.27976562037106,28.00729635370613,26.464245113459842,31.24948804382654,27.351990128579203,24.963615208683613,24.936022023837907,26.327687022463223
27.560033709228318,26.857869765494925,30.123028216821382,28.00836587500765,26.46729964454689,31.250800807309695,27.353969454902245,24.965655278546784,24.939117143354743,26.327448964605367
27.56277185017801,26.860399560286844,29.987335723128407,28.010426753273215,26.46899089737953,31.25051310512533,27.35473769146021,24.967726651782872,24.941366340811427,26.327184011774598
27.566474852886834,26.86369091502879,29.864465947312254,28.012189747830313,26.470926883938443,31.251150784758288,27.35575423903578,24.96893424809892,24.943059900405995,26.328321702615554
27.569051438120056,26.867232692037348,29.74406194113491,28.01416832667439,26.47388289426356,31.252604187306126,27.355987008544687,24.970623946403187,24.94501155037153,26.328357741318648
27.57211347178114,26.86950087869862,29.619718881604506,28.016537148363053,26.47574974982269,31.25199962559702,27.357465587958636,24.973402512995087,24.94688238751259,26.328557915678594
27.575748838721417,26.87151891208265,29.49200817059802,28.017971906182545,26.477729863020194,31.253659369809213,27.35884383715959,24.97471731675178,24.948977283395877,26.328967299657165
27.578059487709172,26.875086011476064,29.36538483134154,28.02010820115462,26.480080385758743,31.253701775082302,27.35972708640235,24.976917064558126,24.95100673364009,26.329331850556258
27.580496732691067,26.878406610765346,29.238663112034327,28.02204096411266,26.482339348952895,31.2543707901453,27.361433634469037,24.979522645034674,24.952891952164716,26.328870954079896
27.583629704227988,26.880418638253623,29.110315892199615,28.02347171002232,26.484340762515135,31.254938206084066,27.362480431828953,24.98029372993781,24.95450402310036,26.33001060271276
27.58594530635453,26.88254904085872,28.989565114197887,28.025237204701078,26.48599327169134,31.256031236485434,27.362710407304416,24.981392618927202,24.956474375720212,26.330305342719704
27.588736941615682,26.885911747884258,28.874615886666568,28.026621918711413,26.4879728278244,31.255309966189966,27.363991303497635,24.984035384177897,24.959151383459407,26.330125004994027
27.591614950749005,26.88917938543474,28.762110507127545,28.02902849014758,26.489849747625787,31.25667873112298,27.364953708709795,24.985887925027722,24.960689921402913,26.330945112365743
27.594081848754644,26.891965264369215,28.650869659247004,28.030570511979768,26.49186677138865,31.257506482046598,27.365751128892896,24.987207986881515,24.96249488379783,26.330201377516133
27.59782905915987,26.894589868988543,28.532757048305267,28.032318147979346,26.49540724805831,31.257500868546547,27.366491696030973,24.988601174215873,24.9644899700265,26.33104793685165
27.601020839571095,26.897499408889427,28.413501285650597,28.035017750436985,26.497632419122855,31.25778824349799,27.368310708074297,24.991114995724743,24.966250312375617,26.330998474065098
27.60298138757358,26.900114459852258,28.300461779012288,28.03634494165161,26.498730453601446,31.259417479302396,27.368807846807393,24.993580794412544,24.9669262751586,26.33192252140536
27.60570473341553,26.902594497690387,28.191951470672223,28.03832152811121,26.50025205753228,31.258812296597217,27.36939770177509,24.994266518168416,24.96948888447867,26.331785764755587
27.609112039523886,26.90613639421334,28.085629791307888,28.039489641399623,26.502803540482383,31.260581321242853,27.37132221586893,24.996130708988325,24.97176638730297,26.33317193409827
27.612041261780632,26.908991327614093,27.979220608668403,28.041221752213406,26.505176211689452,31.26068648552784,27.37129558976358,24.998660813872288,24.973086588041056,26.332038144520723
27.61430777501685,26.911048211926133,27.87328727988674,28.043696076021376,26.508216316584146,31.26120548940588,27.372192791471083,25.000876542129596,24.975592028321387,26.3332981928827
27.617323724284397,26.913439596385423,27.767224547076566,28.0454845725014,26.51122065722264,31.26195034254117,27.37238123423461,25.002563459378592,24.977653834063076,26.33241170061508
27.62006293809251,26.9163479442323,27.65985034515223,28.04704086483833,26.51328846909629,31.262474724203656,27.373839840072524,25.00397850676746,24.978967201430102,26.33371008045173
27.622635778742065,26.919195452875364,27.554916403369187,28.050136184998088,26.514886327090114,31.26305048209243,27.37453422454538,25.006237247582202,24.980710914265572,26.333279329067537
27.624483058459703,26.922373195017148,27.451327149526218,28.05139720973084,26.51731331746223,31.264595953099608,27.374110933750476,25.007701944795322,24.983121283049506,26.333597951891818
27.6271740720341,26.925667181607118,27.350783454193525,28.052170613365,26.519777523939357,31.264912334330994,27.37428063499964,25.00974536929887,24.985281644308497,26.333847237161173
27.63108964227112,26.928169338826734,27.250843590108097,28.054218126624892,26.521693704988365,31.26625858691409,27.37466844059949,25.01143195076288,24.98619497361148,26.334200877337825
27.633942372452324,26.930866080473823,27.154168364083574,28.05600848680691,26.52341040939589,31.266723076256607,27.376219076594197,25.0127216584068,24.98817433462453,26.33401239673697
27.636424283138588,26.93387704277591,27.05955408859122,28.057579512334346,26.525383035888304,31.267253493083224,27.37618130923325,25.014578781775988,24.98985576998634,26.334973288444644
27.63888115410139,26.936348447063256,26.966753029712315,28.06024587976637,26.528173524088217,31.26845488188006,27.377359063102276,25.0166631415345,24.991391870557248,26.334277453622327
27.64132866306022,26.93843196637179,26.87442936119052,28.061242030882685,26.530994573659584,31.26868625883197,27.377739373348643,25.01920160195402,24.993422986266207,26.334802429310322
27.643635265288616,26.9409660633385,26.78467765934197,28.06289727963275,26.532512461428137,31.268328308798257,27.377567526089067,25.0212766870009,24.995349315112993,26.3344056707704
27.646127268867673,26.944237601504565,26.694990421149868,28.065185600999456,26.534518276972765,31.2694675152217,27.37945024200899,25.022425401149544,24.99591862785882,26.335331170832468
27.649410844325686,26.946803338141102,26.605791268048606,28.065819084278974,26.537806616277745,31.269957319604863,27.38025271777468,25.02472594168211,24.997599257263538,26.33479087179431
27.652225580789324,26.949734761420995,26.517240251061445,28.06788035240914,26.53905627718754,31.269667322620336,27.38157737819936,25.027428068382672,24.99979415358036,26.33409284397693
27.654915593087857,26.95220002150833,26.43323529896289,28.06957552308112,26.54075607336662,31.27080676803918,27.381816619706264,25.02790011306509,25.00177289885859,26.33528744126029
27.658116680612967,26.953933645924696,26.351520890731095,28.070744010336654,26.543347407857958,31.270672495512088,27.38237394994515,25.029070923702243,25.003503000286194,26.33435248549206
27.661145188404745,26.956593842436284,26.27097963333176,28.072896268379168,26.54535312723513,31.270601314511417,27.38388524204685,25.031489516632355,25.005590354136075,26.334392969112038
27.663189686155967,26.959823288858516,26.190371753743328,28.075105815680757,26.547799685441337,31.27206762941497,27.38577921938059,25.032791585189038,25.00734624907573,26.33521715436928
27.665360064933306,26.961167738372495,26.11139120086525,28.075837939270663,26.550174346037952,31.271182203461805,27.386333521831034,25.034443604879307,25.009617296218963,26.334453811899515
27.668194965182025,26.96307590775171,26.034332552196176,28.076546213903782,26.55198943640584,31.271664586158245,27.38749128844894,25.036209859741952,25.012362820504794,26.335710503436157
27.671537501059134,26.96666056219651,25.9589514415241,28.078934204277672,26.555349634398855,31.271885456747587,27.38909124755881,25.03726546159397,25.014767711106195,26.33466057608858
27.673591929744276,26.969233578786916,25.884016931992218,28.081370394023025,26.5577873135342,31.271899729937864,27.3901696974064,25.039062446299326,25.01725093739729,26.335019352836547
27.675390886226424,26.970641653983655,25.80986327956034,28.08224832015143,26.559939821901438,31.27207650259041,27.39042695861044,25.04148027750215,25.01866998418133,26.33595103678286
27.678179884685854,26.972825845335223,25.73581489648813,28.083859588039424,26.562252826784455,31.272972226609173,27.391701603323494,25.04349714135364,25.0202076555842,26.335744754434064
27.681156405231995,26.976252578163376,25.663550457203304,28.084545061570072,26.563873217423875,31.271806287883738,27.39324130337657,25.045345868329704,25.02204695870534,26.33488831653901
27.683281212229332,26.979719964377153,25.592402021656135,28.085805952737566,26.56591164220544,31.273849925449532,27.39409337964041,25.04694794933628,25.024118994405427,26.336064414588588
27.685719569106027,26.981416844119956,25.524031056177808,28.088256733533843,26.569182347447295,31.273400209014287,27.39491120786903,25.04898332709776,25.025785031803764,26.335759033058636
27.688451192989845,26.98320739166927,25.457042328518927,28.090693832319467,26.57061610943698,31.273045574951244,27.39479235155596,25.050989593466227,25.027748930798616,26.336595754226536
27.69145462366495,26.985917362907994,25.39035903719204,28.09271762880163,26.572855229098174,31.274872640502807,27.396000835453037,25.05226749113111,25.02910654047185,26.33696547951212
27.69390204366054,26.988805642424353,25.324692625372116,28.093688139918935,26.57575411914926,31.274398034974688,27.397648777961827,25.054709149240693,25.03096286333046,26.336583408134267
27.695918109526296,26.990931396341825,25.25984606759705,28.09561877588843,26.57781497895535,31.274566058123746,27.398291833847885,25.056799552137,25.03345062029693,26.33760383942162
27.699413011802008,26.993177656820983,25.196554488526274,28.096582742207886,26.579948978274565,31.27610363260564,27.398965623867916,25.058037890815456,25.034835380473993,26.33711964281467
27.7020489052474,26.99600117678415,25.134741896920133,28.09911537300701,26.582415128678974,31.275592759091566,27.400095010464334,25.059726957868982,25.036273329575852,26.33804961962282
27.70318711063545,26.998703767892337,25.07322786971939,28.101680184886924,26.5846493559837,31.27587483712176,27.401374229636115,25.061864641035044,25.038741186163932,26.337153055459538
27.7061593959359,27.001470479928855,25.012451243936987,28.102023917995425,26.586429618614893,31.277358003862762,27.4020473887513,25.064367883309014,25.041383297269416,26.33747941595226
27.7097443725356,27.00415837882035,24.951937992266295,28.103240590287637,26.588404699759035,31.277095051058694,27.403185683564836,25.0657149302639,25.04226827804886,26.33748923416398
27.711743033813313,27.006675799658574,24.89278155410667,28.105016480644075,26.590819582084535,31.277785505914796,27.404515220494872,25.06708597051675,25.04330141666209,26.336716350024435
27.713802495534196,27.009266383870767,24.83522065152123,28.106527629375947,26.592648699021602,31.27863504607396,27.405790672488287,25.069761726179024,25.04480663729652,26.338307028141976
27.715743298816264,27.012372347816587,24.77954076476802,28.108580664374795,26.594871006614213,31.278528004629315,27.406084957502586,25.072072573403844,25.045924495188295,26.33676371301246
27.71818573000059,27.01499485096736,24.7242415134351,28.110191092001244,26.596241404760285,31.27955142091063,27.40659354963302,25.073094118991044,25.048039129992056,26.338099404217896
27.72175151572794,27.017972250556976,24.66922082411717,28.111578942506693,26.598376360932086,31.280618536531364,27.40875003661674,25.074902832599694,25.04960109928821,26.337354440805534
27.72446923533458,27.020597560752336,24.61490355351165,28.11342146310198,26.600833264287843,31.280367063579007,27.408991492253737,25.07644297893195,25.050241478348934,26.338266544734847
27.726097199261268,27.023153705985372,24.56158289140236,28.115063525370367,26.603450611062254,31.282388595617103,27.409890593958202,25.078850893915767,25.05169040428614,26.33819897015359
27.729298222593464,27.025526995805077,24.508406711562493,28.116486402723293,26.60566580711516,31.281795347871324,27.411236831120842,25.080545089433958,25.052912869556778,26.338813231354585
27.732333902947097,27.028262117122228,24.456685446555575,28.118751738906454,26.607670733503006,31.282427293469762,27.412348856475578,25.08198998607853,25.05496769723807,26.338948050447996
27.734474111441326,27.031062767575925,24.406575431982297,28.12025249481943,26.609764405271203,31.283605649737876,27.41299937797427,25.08382277544923,25.056982205062894,26.3391531619844
27.73706956998241,27.033910743660318,24.356766475235037,28.12192295487467,26.61250118368247,31.283883715238296,27.41317927908906,25.08566751479371,25.057256722330912,26.340056443327853
27.73971541693497,27.036484459184734,24.308207042228037,28.123751938603473,26.615148892317187,31.28396018007998,27.41469340563615,25.08859556464905,25.05819063933402,26.339087141492477
27.741693841261714,27.038706931380023,24.260334220791083,28.124979762869206,26.617257353115495,31.285039801827498,27.415731601323067,25.09089140863438,25.0607933115869,26.340456121235345
27.74420882457465,27.041195927772527,24.213152679749715,28.125791277049533,26.61956163511728,31.284965571455036,27.41744641618064,25.09211356606604,25.06228856071551,26.339797500310304
27.747800447798106,27.04359978301276,24.168431663578353,28.128045056564584,26.622448516302725,31.285624977366382,27.41798560045167,25.094145211695317,25.063189150514027,26.340269007707064
27.7505513805896,27.046390926616244,24.12395183897096,28.130048741243037,26.62488747937539,31.286288691451716,27.417937434803747,25.095782003183462,25.064782546782567,26.34103468572668
27.752942671141657,27.04871533212769,24.080062621346148,28.13224257460327,26.62603924419131,31.285551373709836,27.419257263375385,25.098094917046275,25.06687804291305,26.339782164214572
27.755444041718754,27.050810736515185,24.035976052543656,28.133994089890074,26.62786534991026,31.287258054394304,27.420897449204972,25.0992513553383,25.069046340620453,26.341123164641044
27.757613374433046,27.05349950422103,23.99277548472916,28.133824681827026,26.629895447066765,31.287056893728327,27.421471494559782,25.101386294077003,25.07084994305267,26.341374386700352
27.76044990395846,27.05652800319891,23.94992417445982,28.13623630446985,26.631957170735333,31.286554316825846,27.421352995816136,25.103480677549,25.0721851966426,26.340928185021035
27.763691522646873,27.058490241480868,23.90832216739004,28.138070336070953,26.634743392238114,31.28793326364141,27.42290069815407,25.10491592341716,25.0743985010658,26.34257051183228
27.765548219962824,27.06136880445364,23.868096709369766,28.139337883297575,26.63711137544872,31.287553074575527,27.42256205621272,25.107318867118046,25.076281166626565,26.342062521547835
27.76776174274895,27.06491767686064,23.828945583966203,28.141565552592645,26.63886649380048,31.287641117303497,27.42375262681714,25.1083664956942,25.077310603603888,26.34273291905378
27.771000670554823,27.06741179896369,23.789272338339025,28.143524473292494,26.642216333218105,31.288732872434146,27.42549344732859,25.109760624631857,25.078887578175106,26.343661936227992
27.77284877376385,27.069391762446195,23.75060810390171,28.145139708015098,26.644121368866323,31.288919779880086,27.4258349719264,25.112420796706402,25.07928295771623,26.343254201667072
27.77519102107139,27.0719432727371,23.713156980381207,28.14590272414168,26.645665247356533,31.28897176458491,27.426448441334298,25.114240781788617,25.080333450287835,26.343973061257962
27.7780906799884,27.075382998693197,23.677252126708762,28.14703887886789,26.648161975188756,31.29051517755415,27.426882122032865,25.116064463276068,25.08244665721847,26.344605253413675
27.78030193900903,27.0779482800083,23.64115499810395,28.14865181889079,26.65000208522974,31.289958046185433,27.4278761742382,25.117950753173798,25.08345001636735,26.34467261420463
27.783210475797194,27.08030545133716,23.60543930939414,28.15070932411811,26.651683122441263,31.290267962665915,27.42910570556586,25.11956237138799,25.084383479339873,26.344985484627543
27.786151644037954,27.083152963775362,23.570533724634753,28.152922903402473,26.65445583725677,31.291023366067883,27.429089955440872,25.12191043262007,25.087023681956264,26.34645378300881
27.788467169112785,27.08543189761993,23.53597968429836,28.15426153838274,26.656717950706103,31.29081412454032,27.429941937169215,25.123325524142523,25.089007307675345,26.345432567832678
27.79110881115505,27.087818313700257,23.502730984550798,28.155759189440325,26.65944822009717,31.291633061533403,27.43130474035204,25.12481461942319,25.09019437367187,26.346513340163064
27.79346094466813,27.09020746735856,23.47003714657528,28.157530394016042,26.661919448158965,31.292111352162063,27.43257538527046,25.126938096869104,25.09260882030677,26.34675633175004
27.79544996151772,27.093123989476638,23.437872383696458,28.15996499790603,26.664471378988136,31.293159212300743,27.433663804808248,25.128354029530747,25.09370486023883,26.346323991057908
27.798244121248054,27.09524758848933,23.405350302186005,28.161521151102455,26.6667196241055,31.29329728806102,27.432870416323915,25.13062032945117,25.095072628827463,26.347032107854893
27.800553180591155,27.09716355108172,23.374287627982614,28.162691971592192,26.668409367285225,31.293693569589507,27.43466653644664,25.132971862900007,25.097275326935325,26.347308647851676
27.802900349374198,27.100110087876487,23.34376145213609,28.164269843105675,26.6707353555215,31.293788711753198,27.436365372815654,25.134573556892725,25.098558558531806,26.346398653573793
27.80597397491183,27.102521682214878,23.314775888855618,28.166019899619393,26.67257533973785,31.29536663120206,27.435430544829764,25.137175708295327,25.098943821981187,26.346937336184165
27.808813919476133,27.10462574801764,23.285753266162033,28.16780163488454,26.6737050418061,31.29376980533567,27.435956803504812,25.138192163547494,25.100403194736053,26.346978011968286
27.810559658497013,27.10755096530921,23.256916213641254,28.169385578134506,26.67603751430026,31.29584975520943,27.437936284674596,25.13914237288485,25.102241154965597,26.34569048843352
27.812457430627727,27.110485587428244,23.227890409386784,28.17088323746479,26.67840370143145,31.295754865542328,27.438412869313773,25.141038929207728,25.10372382218332,26.347083283267835
27.815699469408848,27.112834606708947,23.1995744662164,28.172643304200292,26.68033861609016,31.29459537112689,27.438747490421687,25.14274904172791,25.104933365366854,26.346721290840776
27.818405889912743,27.11550190817595,23.172986369348273,28.17497617838153,26.68258270465639,31.296798119917884,27.439560856973703,25.14431051849415,25.10682580200351,26.345434310962066
27.819968837910913,27.118716606381717,23.146455355663168,28.176886367295133,26.6844520525951,31.295435154627746,27.44092858311891,25.145362210660558,25.10800738277716,26.346745281315957
27.822624803937682,27.12066776368279,23.12010995852317,28.178228282015844,26.686821964212093,31.295987215949424,27.441664163484244,25.147874744635644,25.109280917374925,26.346678281083182
27.82500962504388,27.122485776870413,23.094900816976725,28.17947965564208,26.689241015261484,31.29811903145441,27.440952866159417,25.14982961528135,25.111063955497652,26.345862777686527
27.826554060653667,27.125645428028356,23.069796739516818,28.18099812601998,26.691210179754215,31.297427765528845,27.442875695358207,25.15141881222547,25.112685767835465,26.347190267974604
27.828840282654216,27.12814272624467,23.04542768999248,28.18287324922503,26.693211657611045,31.29761049549597,27.443984849709008,25.153195798996947,25.114188866892675,26.34630578507885
27.830425778012838,27.130504333149908,23.021264677676157,28.185040582468584,26.695556956611313,31.298704596780993,27.443294216725693,25.154928417842296,25.115983078804543,26.346116528375415
27.8326557308986,27.133182598037425,22.99749242561699,28.18670741978274,26.698379974377655,31.29824437107125,27.44445761356229,25.156862805133308,25.117293708143706,26.347025606169836
27.836027704239513,27.135810675475277,22.97486151650878,28.18879877408696,26.699834557326195,31.2995763899217,27.446417199070773,25.15785787225063,25.117808026386243,26.34687983969713
27.838508676236188,27.13795111641471,22.953223694086113,28.190019692453706,26.70230971591601,31.29997456253409,27.4464393777485,25.160431399464024,25.119599052348885,26.347331133991947
27.839963485145127,27.140067845764694,22.93105328733415,28.191033978525137,26.705551339089308,31.30051999495877,27.447123968560746,25.162439786723656,25.121448125687845,26.346662547989634
27.842998785164824,27.14309348631842,22.909373968646626,28.193070267471935,26.70691097566445,31.30090326599668,27.448075029765135,25.16389430529298,25.12319503315567,26.348390347958727
27.845418412472903,27.14603783802651,22.887894298419766,28.194607769599994,26.708836987215648,31.302511359472895,27.44912119734742,25.16612901809392,25.124108706022156,26.346367958959853
27.84638414008755,27.14736908516628,22.86634963690327,28.19701255933343,26.711619746632778,31.302240041206176,27.450144039894152,25.168159520128725,25.126051268814663,26.347274364864937
27.848473870384506,27.14964967761073,22.846466739918657,28.198412868268683,26.71296894501824,31.303400894555793,27.450387598458406,25.169769333183183,25.129810011643222,26.34788162739875
27.852531157370386,27.152932858352678,22.82659523589072,28.199482481909772,26.714987641850378,31.304109043843916,27.451062493550022,25.171818582835066,25.13096287358244,26.347725891763364
27.854762170359663,27.15591563338783,22.806612775085455,28.20191347286762,26.717207759610826,31.303916067042948,27.45238552861948,25.17252821746392,25.131561281218097,26.34805349618311
27.8563525497252,27.157843183043042,22.786837027023928,28.202913793743644,26.719275665330695,31.304134477375793,27.454069056616714,25.175214818459054,25.13358882216867,26.348745971808913
27.858951764842914,27.159594772295897,22.7676071154223,28.204931871052523,26.721442088592102,31.305562221927588,27.454773778552813,25.17692003503527,25.134637491574352,26.348022650547364
27.86145472668855,27.162707279131762,22.749249421669173,28.206252736813152,26.723922619817134,31.303251287147916,27.45454848279431,25.177534176505958,25.134589564954403,26.34855138615376
27.863582844688615,27.16564734918999,22.731236762114424,28.207814585658475,26.726202219798086,31.303941305467895,27.455630280016262,25.179301550915856,25.136237072862432,26.349302573918443
27.865475573727288,27.16740675697986,22.713499141220733,28.209565665865274,26.727713902027137,31.304939818555884,27.457137528226887,25.18160905915874,25.13835056774611,26.348835696395213
27.867039152408534,27.16931478184904,22.69575709992268,28.21180294751333,26.730276912956295,31.303610922719116,27.458021137282408,25.182245144144613,25.140506549523383,26.349123833379878
27.869950245599625,27.17225102219366,22.67813841689734,28.213101201112853,26.733228381823864,31.304530813419433,27.459489719321226,25.184039931865758,25.142204921581932,26.349894743950095
27.872560311024216,27.175007304708995,22.661306880910438,28.214168999773225,26.734309238915237,31.304413142492233,27.460436715222258,25.18622539349095,25.143396226299636,26.349572830071516
27.874130268207583,27.17718404777294,22.64458303114104,28.215651595284935,26.736723177452983,31.30354184072396,27.460857195334075,25.18760857544606,25.145153437280232,26.349620475316083
27.87701295369136,27.179490648827255,22.62830765410751,28.217403081335675,26.73958966012843,31.304699256336455,27.461314577155257,25.189908781483382,25.147289439268263,26.3507162291867
27.879774343603614,27.181907294659094,22.61202144432634,28.219913361750844,26.741678320821414,31.304831344498616,27.462871119322266,25.191655821451313,25.149057293751905,26.34989857961814
27.881388693598375,27.18458888114582,22.59599965972648,28.220775417443967,26.74267752655817,31.303890715067904,27.46417915238064,25.192921452413476,25.150325430555235,26.35112235850474
27.883941992542063,27.187086948019076,22.58002569543935,28.2218722699562,26.74484201783268,31.30492078553435,27.464888034988142,25.194645644361383,25.15145887389028,26.350814187583502
27.88723811382756,27.189698396630668,22.565022425950104,28.223709752914743,26.747403224009663,31.305162288828406,27.465071445357093,25.196304452634898,25.15308533828797,26.35100994283482
27.889333909179854,27.192071464017435,22.550815114951497,28.22491806703978,26.74974033546708,31.305131409585606,27.466380225687836,25.19822290983418,25.1555190489178,26.352415081492076
27.89141983305616,27.194141543386397,22.536310655157735,28.22716802586969,26.752037108644817,31.305341244026003,27.468027663531494,25.200304656631708,25.157332529494095,26.351273677936277
27.893656655040623,27.196856071792016,22.521838231410364,28.228453193933554,26.754055791748193,31.30578405844743,27.468300613755797,25.201201708043488,25.15911744053007,26.352548894296884
27.895601713224536,27.199447621873283,22.507439305118915,28.230008914310716,26.756092285681476,31.305539192187815,27.46876375248501,25.2027553239161,25.16098613571669,26.352527716196363
27.898297946823376,27.201469256669295,22.493770843410704,28.23110027410355,26.75941871299404,31.306777980286608,27.469971452734534,25.205192719711967,25.162619237793173,26.35281935634286
27.90121137601044,27.203749908399185,22.480689708026755,28.23256139915707,26.761024691721857,31.306335417449628,27.471077235244262,25.2065436399393,25.163857772894843,26.35420273234103
27.90331672262129,27.20688065689125,22.467483435747745,28.233787839664263,26.76254513311999,31.306733174337424,27.471814884555673,25.20797559613239,25.165581368785865,26.353670924642888
27.90582455232261,27.209584973727445,22.454277787810373,28.235665303303445,26.764191496488866,31.3077757492313,27.47281689855832,25.208999140307387,25.16787600218774,26.354324013956724
27.90850879645093,27.211642739837096,22.441788277404736,28.23717670413177,26.76650990699377,31.30738946204859,27.473432056969056,25.21076114952818,25.170192540628527,26.354729662920793
27.910094209810627,27.214768586682233,22.429026518950135,28.238045837812628,26.769378032686454,31.30831335599747,27.474242555812587,25.213769393402625,25.171618527977984,26.354813462748503
27.91244509667406,27.21753963821,22.416703631335206,28.239991363226107,26.771581328786056,31.30816417841057,27.4757084227257,25.213769028274307,25.173799933967093,26.35436520996253
27.915529631539357,27.21935639436046,22.40415080647437,28.24189406817645,26.77263927977973,31.309189858277414,27.47562850383996,25.2146412524092,25.176619270534125,26.35616335761427
27.91783227527541,27.221433560104238,22.392622211390282,28.243368245517985,26.774836964657517,31.30802276774945,27.477833832915056,25.217905903023198,25.178034282833085,26.35458247688112
27.92064932841853,27.22420387573387,22.381326044732713,28.245240022940926,26.777097661429803,31.309731047688516,27.478967812427047,25.2188106167057,25.179526229817327,26.356822491474006
27.92344236717902,27.226917817389634,22.369937501499194,28.246263372150196,26.779416564504142,31.309359268011022,27.47884803244179,25.219842866160253,25.18144634045565,26.355622517905037
27.92550674801523,27.22823856834316,22.35860999103164,28.24785136231597,26.78187089637929,31.30993852301166,27.480095578612172,25.22245064019019,25.18334101889303,26.354587129674798
27.9268927980489,27.230264766173878,22.348449992284944,28.25061662278562,26.78359922575123,31.31055967747638,27.481741679642198,25.223806211430638,25.185701753848598,26.35728795002752
27.929739912306523,27.232855360914275,22.33867440327666,28.2529335406877,26.785782848608797,31.310361130119375,27.48264335994992,25.224967475478554,25.18766612369335,26.35384771054212
27.93197129385206,27.234840927814314,22.327397171107776,28.25415954295524,26.788077151195758,31.31206839802686,27.48425993740273,25.2272967304344,25.189036547268564,26.35628003221035
27.93408643209777,27.23699044113364,22.316316633669388,28.255166539061072,26.79059879223164,31.311519827097328,27.48447962879495,25.2276391264347,25.191260805145017,26.35563099946841
27.936838452384663,27.239849498589045,22.306461600431007,28.257453086521757,26.793035273598854,31.312515330595325,27.486158381195853,25.229162439518667,25.193663163696822,26.35438968229408
27.93932802147376,27.242002708446826,22.29660356259339,28.25920779931788,26.79421422421935,31.31339151661933,27.48737851638564,25.231767783867618,25.194338987834335,26.356504629481485
27.941285148331616,27.243554312029108,22.286748028957394,28.260597310639433,26.796784192987104,31.313459970296947,27.487420586793387,25.232077587892544,25.19506521709809,26.35534737203578
27.94401461883258,27.246257128751466,22.27751270923472,28.261812810982846,26.79952000332762,31.314752173344594,27.488692358273425,25.23358495617562,25.197612705377267,26.35508685300492
27.94568195633873,27.249360961490112,22.268330625152903,28.263060959391268,26.80083194800689,31.314428902809432,27.489325100810017,25.235906932625618,25.200439654374897,26.356321165273147
27.947911039145957,27.252205309461534,22.259705583338324,28.26497252374747,26.803168309097543,31.314431186367607,27.49000275917011,25.236775680334432,25.200957736070006,26.35462389750353
27.95074611058982,27.254908987014286,22.251355115090583,28.265897691592727,26.806347525828325,31.31530326621727,27.491356975666676,25.238464041538062,25.201299342341695,26.355348882149915
27.952799768767566,27.257810823232592,22.242819392171608,28.26766562918422,26.807659115410118,31.314900210992846,27.49290041475206,25.240186160093977,25.203813503740236,26.356007550752558
27.954712155640784,27.259980993422957,22.233779445394426,28.268540638064167,26.809633982847252,31.31573783639388,27.49402205546958,25.239732446002012,25.206827151337126,26.355321299049614
27.95781469228587,27.260978542690356,22.224652379276456,28.269972985420665,26.8124729844314,31.316739268500363,27.494869372619956,25.24016546982733,25.207986599052123,26.356086882319055
27.960372952481922,27.263203736248872,22.216575820097475,28.270537296635133,26.813508722836715,31.316412216304293,27.495998545512393,25.242696357012576,25.209312048712754,26.356001412255104
27.961898252134596,27.266148670812107,22.208702912361346,28.273130026922708,26.815114550130716,31.316512339300946,27.49698386465612,25.242008085980743,25.211393339261647,26.355685348403245
27.964426918036306,27.268839740821107,22.201201800963027,28.275616469753988,26.817433671354568,31.316815244123475,27.497600115713695,25.241621358006803,25.213200238797985,26.356143560452146
27.9674771156767,27.27113584509459,22.19384359008959,28.27643960304552,26.81851318421852,31.31773608814902,27.498882857765828,25.243939967784968,25.21487725494726,26.35650389035877
27.969770182454884,27.273188102244422,22.18687895500214,28.277083516479465,26.81979246005745,31.317830085975828,27.50039684205467,25.2460754893287,25.217256267310482,26.355792575352663
27.971920705468726,27.275072885505015,22.180206452819824,28.278614004698426,26.822595854040475,31.318362813265498,27.500925749836973,25.247019997041416,25.21905065008211,26.356943640320836
27.974261154815622,27.277625169277343,22.173570825228524,28.2800254459114,26.824784104696136,31.318157690653535,27.502606070906342,25.24848155089975,25.22008340060828,26.356870646374308
27.9768652415461,27.27995678854999,22.16729287125659,28.28187925493541,26.82661037856239,31.31968601048286,27.503386478402582,25.25053994246501,25.22240215030405,26.35677889874758
27.97933658254447,27.28202556508903,22.160367733064916,28.284257283197668,26.82920219923393,31.319248490831242,27.50260129587761,25.25205291192577,25.225388041731964,26.358250107930683
27.981442539484945,27.284433601871072,22.153069409724058,28.285152645369607,26.830987368333727,31.31967628479897,27.503639663808546,25.252625653055752,25.22654474644497,26.3575829568704
27.983996478592697,27.28676809942838,22.146369124549892,28.28705258100164,26.833034548714252,31.320089836157514,27.50525389717156,25.253884263373028,25.228251963265173,26.35793866635115
27.986330382071273,27.28905244556008,22.140629221032526,28.28775895344794,26.8352217030198,31.31998253525669,27.506486084745706,25.256643855769518,25.229849978015476,26.358903944456134
27.98827331448534,27.291070329592095,22.134733660583002,28.289075018754772,26.836535831644216,31.320892529909436,27.5070001609161,25.258023944464757,25.231215563874983,26.358595170535082
27.990946622857955,27.293386142299294,22.128983483301816,28.29131329487862,26.838003859526403,31.321333119523764,27.5074320982391,25.25821472355469,25.233664052802887,26.359266397083097
27.993418143219678,27.295600187856728,22.12388334248847,28.29226971698999,26.840116374241838,31.32169277838932,27.50939429413681,25.259618060255754,25.236497267759894,26.35938154631115
27.995286725115257,27.297831471738018,22.118643324931178,28.29463094709126,26.842398300582673,31.322291426570395,27.51032230729109,25.262152665768287,25.237025376311514,26.359318245794796
27.99796582264562,27.299453452588303,22.11388860734917,28.295394664956728,26.844589381103585,31.3236628422393,27.511306980024884,25.26359922323421,25.23874110543428,26.360526672226978
28.000557526797824,27.301720757724965,22.109140267904223,28.296628825220367,26.846281199639872,31.322775260681702,27.511553454815857,25.26486756684125,25.241556066931143,26.36004853065197
28.00232831678144,27.304463586447653,22.10404352133218,28.297943564794778,26.84793747966011,31.324062938303076,27.512839918233695,25.267221241252436,25.243517955479806,26.36080096896739
28.004569103114683,27.3068580757108,22.099267924981582,28.30008093693692,26.849539153964518,31.324352586055785,27.513583131054205,25.269673001908433,25.244679789104843,26.36064877907538
28.006610981843583,27.30850030797926,22.093893415290662,28.301260355376083,26.851948291639914,31.324894737174898,27.51365743763337,25.27081735008391,25.246483385125174,26.360423346080562
28.009359211432347,27.310247594029512,22.089224240239748,28.302656056560508,26.853138500988912,31.325559553300472,27.514833897506993,25.272223690466227,25.24779348828762,26.361602635556395
28.012011480188598,27.312835686323883,22.085514326024686,28.303691112946538,26.855322420417824,31.32533977680935,27.51429811884597,25.274702982516878,25.249469816446187,26.360882621285686
28.014214746761603,27.31542603350468,22.08226229573353,28.304863377946564,26.858009195244612,31.32630334408558,27.516418712046516,25.27652807693897,25.251479565824,26.361032386770272
28.01639469780641,27.317550983263708,22.078199876604412,28.307247525900742,26.85916579638998,31.326869119402364,27.51761131310735,25.277625567964364,25.25326997406696,26.361525773462606
28.018682785055336,27.319842842274014,22.07409777335995,28.308403352413425,26.86018078802842,31.326630331474977,27.518059113837708,25.279471442218544,25.25514677846772,26.361068534348714
28.020874820742158,27.322712567219384,22.070822164280575,28.31020399552161,26.863269290858106,31.327988038374034,27.518252776617274,25.281478860391807,25.256518996483123,26.361668820152566
28.023046204145498,27.324798813116576,22.068250233569593,28.31222474699779,26.866549705356842,31.32757856793564,27.519439422912765,25.28348694834685,25.25726234828566,26.3619381106996
28.025468943730342,27.326196173897117,22.065410103895033,28.313222149871372,26.867586064876477,31.32844999680598,27.521033926629634,25.28469760300307,25.25860548426884,26.361603180030944
28.02707211703126,27.328276615020542,22.06227372011355,28.31477597018963,26.86942248969146,31.327348964522564,27.521932353976624,25.286433654139422,25.2613555948438,26.36204918612052
28.02966124223581,27.330665488848254,22.05859044129843,28.316706352170947,26.872337859164528,31.328814215322996,27.52291949503087,25.288412202851788,25.263650183203715,26.362231029938464
28.032340446059525,27.332655792369557,22.05488577310546,28.31798757095956,26.873713160630434,31.328260583839583,27.523992536480904,25.29006599791535,25.264453664581286,26.36276148733622
28.033230594873704,27.33468629320917,22.051444465414292,28.31919295431259,26.875164882762558,31.32782163198625,27.52431886788504,25.292360841256922,25.26561279258949,26.362548891062314
28.035245223585346,27.337408453105848,22.04883352038879,28.320389519307078,26.876219825032976,31.32681246524045,27.52611977206009,25.294554453624812,25.267474248927243,26.363698349589555
28.03846990975458,27.340578314149866,22.045808984344415,28.322266171411123,26.877400829291837,31.325431400876266,27.52701967927797,25.295929648613146,25.269337782775505,26.362506498140277
28.040410593757834,27.342127186194,22.042869242101936,28.323698611110416,26.879824780906382,31.32473738928587,27.52761638551288,25.297415508744884,25.27147434621567,26.364024793390406
28.0421555263047,27.34368374292532,22.03969583165452,28.324851812902665,26.882280887963162,31.321967409993256,27.528759994830235,25.29969441044809,25.273295440448187,26.363927333527627
28.043916729604504,27.34601593143794,22.037698116212,28.326223589744043,26.88359191495708,31.319781508370298,27.528862257714387,25.301396707218554,25.274227917916953,26.363926031120037
28.04560152338732,27.348969760303348,22.03641106559211,28.327483448385745,26.885509299314606,31.317564693932496,27.530168157387067,25.302657442245177,25.274873103078317,26.36538222947818
28.047784895684348,27.351828272267976,22.035093199651612,28.32909010505964,26.888406945383807,31.316498250780754,27.530703523732516,25.303998524305754,25.27697498021183,26.36343289191919
28.050400998863072,27.354212086195094,22.03312170405617,28.330473306473426,26.889880695547777,31.31266912263357,27.532320908902896,25.30617172719932,25.27878189670503,26.365244280444866
28.052218631933222,27.356101005983824,22.030042441933023,28.332179009602584,26.891209190815356,31.311217843057623,27.53325201060359,25.307896088832635,25.27964715941137,26.365016436634438
28.054237567569125,27.358122073096208,22.02754714181637,28.333560289172958,26.89413736417979,31.309045584075825,27.534303319571233,25.30952327737023,25.280905026423323,26.364908711985684
28.05640580944562,27.36061230694314,22.025370198186533,28.335996979231346,26.896188241134006,31.306181716950764,27.535031571381335,25.310927363486787,25.282701432102755,26.36627044115327
28.058490707404623,27.363563193965966,22.022720889311888,28.33646266943901,26.897657256784086,31.304601268742893,27.535657425461828,25.313142262328157,25.283914836781967,26.36633806587711
28.060693561584618,27.365971389852227,22.019400717366466,28.338406835851394,26.90001237266405,31.303561169773047,27.536948230831033,25.315646424365777,25.284714484946335,26.36634730564313
28.06246644175152,27.367685407051372,22.01635855932188,28.33942675444952,26.90227331724024,31.299449041678578,27.537866850176165,25.31688084680748,25.286472824050716,26.367198210631088
28.064408974717647,27.37008731896486,22.015529933491976,28.340918463235862,26.90326786445718,31.299522684467497,27.539079887708567,25.31832658853559,25.287957158253782,26.366994177362066
28.067327292531598,27.37315389161589,22.01499448229721,28.343376350775515,26.905091739127634,31.29676718184615,27.53942918737376,25.320721175911586,25.28808149785144,26.36742782006501
28.069124690028907,27.37441207986889,22.014635453853547,28.343327636505467,26.90739113675228,31.294830050609,27.540456867754116,25.322604183485314,25.289655652518217,26.368441536658764
28.070550109794535,27.376231633591964,22.013029312982916,28.34467469864205,26.90924057721322,31.293727832715653,27.541539421367915,25.324222832380222,25.29206627468549,26.368298582779165
28.07303514187538,27.379494953378,22.01125512403265,28.34708361219321,26.91091613521551,31.29190937105946,27.54281938932492,25.32593230988235,25.293229788346203,26.36932504092162
28.075634748045353,27.382464122300835,22.01016050848041,28.347625300330552,26.913730959085996,31.29096298553188,27.542945757118748,25.32736985035899,25.29371062811292,26.36897980256944
28.07751483670076,27.38440645770401,22.009578069701607,28.34886217990571,26.915828486906854,31.289842797856252,27.54353976066711,25.329130759591756,25.295580686183612,26.36943940681855
28.08011494774934,27.386719101348838,22.00859884651255,28.351291054099157,26.916803376052517,31.288326827203218,27.544251254589255,25.331188942710394,25.29775474366454,26.369563147181925
28.08247580796995,27.38880455946431,22.00692230861177,28.35203912794548,26.918293095804163,31.287421675673922,27.546031810882297,25.332511111864747,25.298263368662024,26.370510020778454
28.083829363641538,27.390547123324986,22.00544062817976,28.353099094301157,26.92093951870988,31.288285103692953,27.54677776730992,25.334640959659403,25.299560429060833,26.37059025145379
28.085506957253827,27.39337609454882,22.00408101979541,28.354395329222367,26.923124835793004,31.286928903936413,27.547916588567904,25.335708871914406,25.301700076815003,26.370808579317597
28.087802844832627,27.396141350862827,22.003296181618417,28.355238534464586,26.924947862352397,31.286160526300044,27.548889260478123,25.33710346500087,25.30268036611549,26.37141715873414
28.089395384241858,27.39793292543243,22.002193088580274,28.35694271827996,26.926959786513986,31.28767419952084,27.54867425740538,25.339294737715935,25.304143213119804,26.371157569536166
28.09134011023643,27.400099472716075,22.001468967642634,28.359462623584385,26.92935195468669,31.287342976909013,27.549217533277798,25.340953193949268,25.306458845654905,26.371216391880946
28.09385734356645,27.402846292235346,22.000849436884824,28.3603950668935,26.93108524591217,31.2860892722142,27.550696325614506,25.34313433775602,25.307440966393923,26.373154899480337
28.0962069455652,27.40543386441587,22.00048114276949,28.361475288295416,26.932900082640145,31.285987667286847,27.55272922002504,25.345310021312418,25.30801772205794,26.371729410095433
28.09836177001243,27.407463465219873,22.000263854166526,28.363123882277904,26.934716050729097,31.286573711660573,27.552241706418073,25.346898666688652,25.310475229197674,26.372464287187725
28.10060594634868,27.409305429390677,22.00010514358236,28.364584439061467,26.935559317208437,31.286729070834248,27.553510569214477,25.348392647271154,25.31253701738994,26.371358195747902
28.102804993075882,27.411753822857854,21.999492871028696,28.366158558721658,26.937079836608078,31.287011236181954,27.554899242602225,25.350123349777,25.313184979649243,26.373112879025665
28.10541985606028,27.41416150856491,21.998968903786707,28.367724146368584,26.94033022499745,31.287182395458228,27.554595265106908,25.352140506232015,25.31456128770971,26.372451962058378
28.107383401728313,27.416622635166178,21.9986902781179,28.369439749121558,26.942144888723462,31.287832925535923,27.55644372324582,25.353457675957326,25.31686325252818,26.372935936924623
28.10958589007319,27.418839202754977,21.99865626039399,28.371339265177006,26.94331705099923,31.288733849647684,27.556604817989175,25.355649748758577,25.31814573762951,26.373553653707518
28.11150965418768,27.421300014259863,21.998229220937088,28.372799424325454,26.945695562504408,31.28829451466099,27.5574634004727,25.357051223005868,25.31902767621357,26.373250741888654
28.113472575933578,27.42419142441735,21.99806414598186,28.373306860781202,26.948064184248466,31.2884628615576,27.558191564434704,25.3588831389831,25.320816031730743,26.373898596310276
28.115887184426892,27.426886028446113,21.998149098017027,28.37446890200387,26.950181997690336,31.289637538340976,27.558709609648492,25.360960582261786,25.32272455389512,26.372284718499333
28.118093150165933,27.429018720866537,21.998231447222597,28.376071434736637,26.952153076807814,31.289267333511535,27.559125745419767,25.362922549492684,25.323886129136994,26.372973595600055
28.119795923367544,27.430854693527955,21.998676348994536,28.377742361856207,26.954165339809613,31.289711066030932,27.56046587755278,25.36378320805122,25.32481782440513,26.372607517488447
28.121984310127605,27.433404840687437,21.99875863951476,28.37989941123326,26.95612228949914,31.290983111776768,27.560937326488464,25.36587523621455,25.326015547951425,26.371969092897412
28.124854382778082,27.4357899130299,21.99851086600184,28.381061822467785,26.958014804963245,31.29096525574858,27.562296362045828,25.368207384362627,25.327231957126145,26.3726352735314
28.127247901482015,27.438247869967295,21.999017955045158,28.382558466049915,26.960134808767812,31.291766219885197,27.56415455908142,25.36973245434487,25.329486203607022,26.372135083682394
28.12863054934641,27.44113921284809,22.000016439917232,28.38381143606594,26.96204460418143,31.293252252849868,27.56448495514324,25.371151409647332,25.331201472079407,26.371595660723315
28.130699149027627,27.44368472909293,22.00073781411379,28.38465738818725,26.963431883132223,31.293549703399798,27.56519901470464,25.37303110364594,25.331922177859376,26.372971147170343
28.132986698072024,27.445498978092143,22.000773899124717,28.386958663218476,26.965074804085837,31.294546972056764,27.56658587947446,25.37457546139386,25.332506620015145,26.37181528360955
28.13444818268277,27.44830336844116,22.000673530655522,28.38813177974427,26.96756539279264,31.295644991695415,27.567354394633018,25.3760613427286,25.33460897129612,26.372488460955537
28.13602471455788,27.451143205446336,22.00067555383545,28.38919079426825,26.969361186886275,31.29626024657684,27.56774584640243,25.37700280353436,25.336216971741866,26.372748136139137
28.138519290439955,27.45309330825632,22.00115137186114,28.390611833790143,26.97061622691644,31.297160019472727,27.568976587447615,25.379200468183537,25.337313666961208,26.37156057385759
28.140949920677997,27.45451703427969,22.002085709429657,28.391773743384967,26.973142526609873,31.298530702674174,27.56941304613779,25.38138437659542,25.338810714710036,26.373498226872684
28.14322088770439,27.457039334952967,22.002307999317118,28.39336676005925,26.97514836489717,31.299200581920367,27.57067483040761,25.383082032859722,25.340020481853543,26.372539908979142
28.14511230398711,27.459684467378,22.00300979335864,28.39513103761285,26.97615953902757,31.300523211266075,27.572011944091503,25.3849657762305,25.341615868160364,26.37157105917414
28.14647059009487,27.461808600810166,22.004201127236087,28.396456299000207,26.97852628601229,31.301510131736734,27.57303927432591,25.386274008216546,25.34344693151109,26.373074445912124
28.148558739103922,27.464174640349043,22.005382638314845,28.397789034711526,26.980821183504506,31.30192054209743,27.573326826303678,25.3882418183054,25.344427005053415,26.372596648903432
28.15068401564669,27.46653763907171,22.005837396080096,28.39954274161984,26.98344542595664,31.30374513261501,27.574410476537714,25.390863141104276,25.345400037558903,26.372572646920908
28.153190910286586,27.468361714916718,22.006313330507826,28.400963953267567,26.984762966237955,31.30404834384958,27.573541310690885,25.391545278979308,25.34755222818143,26.37303027055324
28.155216290300974,27.47058203501237,22.007407070191377,28.402378703205308,26.98526571439791,31.304726257279654,27.573758621506812,25.392700613488827,25.34845763936609,26.373251218914156
28.15682778934793,27.473193732081075,22.008583601500703,28.403940762292905,26.98789451801616,31.30657302632338,27.575185453117253,25.394732764006616,25.34966898514808,26.373063326089387
28.1597826166586,27.475695237827914,22.00962172687971,28.405637196727305,26.990237218722225,31.307263719830644,27.575446545656398,25.396268887148207,25.35191255583932,26.374099393857723
28.16145634207271,27.477150948833767,22.010554869480533,28.407085432892085,26.99129472281851,31.30802825331429,27.575203742083637,25.39871763340058,25.35269668378504,26.373401785129253
28.162580749775472,27.479460965703527,22.011540534389304,28.408213998279695,26.99343659745136,31.308712368684578,27.576185389846547,25.39770109447084,25.353745119632197,26.374302148512587
28.164802754494445,27.481956090877514,22.012651271153537,28.409401414042588,26.996119074043705,31.31045926816904,27.577534698001056,25.39888505378407,25.35591313305411,26.374504693225216
28.166915624656358,27.483796266919658,22.013452117049667,28.411694012020977,26.997320275057785,31.310338635978322,27.576907847497672,25.401898403606232,25.35798397085145,26.37451091662061
28.169165355374144,27.48643321619364,22.01418052439368,28.413352234240044,26.99904342250107,31.3114523491018,27.577976518984407,25.401556595095755,25.358471470188476,26.375038986946976
28.17168978269216,27.488965809423682,22.01522810471274,28.415185813659658,27.00021195417747,31.312404592911456,27.580584075623918,25.402116607665775,25.35982874392106,26.375549033877835
28.17357586583872,27.490223784524144,22.016833773421354,28.416292501858177,27.00133932584532,31.312711072640006,27.58021351374598,25.405104297851913,25.361474850673332,26.37536336781932
28.17600588616854,27.49206435290549,22.018511133328865,28.41755894325488,27.00321636352651,31.313854812587145,27.58083989330842,25.406506676452686,25.362603592609553,26.37587557141814
28.177303287718537,27.49500980648008,22.01980296482843,28.41930863527316,27.004933726750835,31.314577731891823,27.581942688156328,25.40707538833513,25.36393388095707,26.375939490698634
28.17851927883315,27.49745704208358,22.0210536054732,28.419715263562182,27.00715969164913,31.315666194343066,27.583042473679807,25.409085257377324,25.365325340152047,26.3762307719248
28.181639030724476,27.499219631687176,22.021928953112283,28.42061793171563,27.008505909806935,31.316527571900863,27.58363130791016,25.410501362601302,25.36681490033559,26.377394597361352
28.18349080736234,27.501261011018357,22.022729771297428,28.42206743574012,27.010575915991083,31.316992343332405,27.5842582539487,25.41109087841553,25.36827900706067,26.37647269222928
28.18504963800336,27.503974710193873,22.023842545020194,28.42385717377534,27.013903305817067,31.318037817726086,27.58559615142142,25.412354233265706,25.369592719917136,26.377596413534278
28.187799152457195,27.506584288280408,22.025517233695847,28.42598224040909,27.0148884500748,31.319668073628634,27.585366566574105,25.414600788367352,25.37098121273651,26.377775536276395
28.189353000973266,27.508808018541643,22.026675433567384,28.426973013110796,27.016484676000477,31.3197950671238,27.5866343925299,25.416795558926104,25.37293998623417,26.377630444384785
28.191715679631315,27.51099350913713,22.027331671274716,28.427946418212997,27.019624550417287,31.32099471129273,27.587008092467414,25.4184536859618,25.374342471098238,26.379158150753156
28.194039769369358,27.51331604219633,22.028919387594588,28.428966641236066,27.021580420952613,31.321289504571705,27.587778907131163,25.41925988159203,25.375598220237254,26.37878452938181
28.195239397594246,27.515884596798948,22.031195413671128,28.431003824412308,27.022686342283805,31.32232397225023,27.58903379255282,25.420478478652093,25.377285406191078,26.379406152737666
28.197133956047168,27.518372677323192,22.032635910100048,28.432606678300342,27.024425789328006,31.323674705202254,27.588978976976275,25.421802956846914,25.378589954239175,26.37938328133113
28.198897605513764,27.521086954424298,22.0332466722936,28.43418010634531,27.0267695588428,31.324521764184887,27.5896396692971,25.423113070203588,25.37937423927797,26.379924971880943
28.20106021321205,27.52365099427946,22.03404187643165,28.43498974110842,27.0286220442823,31.325572056931563,27.590012832663433,25.424994583723787,25.3812106687274,26.379700093885386
28.203270479006886,27.525674394594105,22.035666460063787,28.436990658321207,27.030136547142718,31.325487339954154,27.59175534433757,25.427308768166895,25.383182840384674,26.380421670745413
28.204824858545535,27.527324014018415,22.03767065730333,28.439473256823963,27.03195854768403,31.326573692997055,27.592570795133334,25.428603996764117,25.3839033616391,26.38067559600515
28.206775727698243,27.529572910324692,22.039022137824475,28.44079954824544,27.034418309841655,31.326825282224057,27.59177407570617,25.430312294226205,25.384564453137287,26.380805054769887
28.209404849753046,27.531797618391735,22.040467685776825,28.441845165532623,27.036696443386496,31.327713192341413,27.59318436976045,25.432245631947676,25.386745803756714,26.381292098729926
28.21160290787102,27.53372943142226,22.04225206990513,28.44272701892551,27.037837516152138,31.32788367075538,27.594754505109446,25.43363222587187,25.387937513381345,26.381666508891435
28.213555564670962,27.5359502485029,22.044108033877002,28.44479975222744,27.03974405070921,31.328494747038434,27.595525028379406,25.43491212968247,25.388525237484462,26.38146811138068
28.214837051659536,27.538505717575916,22.04604182911772,28.446371700861462,27.04237022060909,31.329239595641948,27.595673920184435,25.436754412840358,25.390153268780253,26.38317043427332
28.21620502534417,27.541076551068677,22.047650701333428,28.447697504582784,27.043825948098497,31.329387389553773,27.59692652770915,25.4386988053308,25.391674273419625,26.38256959172444
28.21777962784332,27.54302810867346,22.049190925160342,28.448458070691363,27.045735013357092,31.32978581893138,27.59771777298897,25.44028118875225,25.39190254536678,26.383466009121165
28.220926866381895,27.54504883121443,22.05075213296215,28.45016291274891,27.047945272622428,31.331182614306087,27.598754694433147,25.441393027914767,25.393699472786558,26.38368496423988
28.222706853457858,27.546808052509558,22.052042968166777,28.45186418055011,27.049123186073803,31.33104368462824,27.599074198827363,25.4433537660098,25.395616763125265,26.383125192081973
28.22430800983748,27.55006290468891,22.05295876061275,28.45265948990564,27.05090565961909,31.33242960213854,27.600597960547347,25.44524628388631,25.395756198195873,26.38335584668285
28.226626529321116,27.55281563395264,22.054156897396542,28.45490117523658,27.053461890605263,31.33288453312982,27.601962253493358,25.446525561644222,25.39669402932544,26.383907003485096
28.228355572345656,27.554918796624307,22.056605099470403,28.456512294097788,27.05454273372833,31.332621127928363,27.60287618395134,25.44823559455925,25.39879756099941,26.383428438985824
28.23033293569982,27.557237734390974,22.058885688419565,28.457434998706553,27.056171620594277,31.333747971539992,27.602918416277934,25.44914527973839,25.39974578898082,26.38374766721472
28.23239258135841,27.559152071549423,22.060685193892063,28.460180336971334,27.057999726334515,31.335001749000284,27.60432632651132,25.450963435470555,25.400452089899936,26.38345412065798
28.23394770405242,27.56177602148349,22.062346420654606,28.459704931319905,27.059630326879407,31.334821808023058,27.605320116856923,25.45290485335032,25.401789182505073,26.38254941297722
28.236437046425987,27.564031066165175,22.063896133291546,28.46138304551846,27.06191988032533,31.33688882354327,27.606277293370454,25.454602262483277,25.40323730844751,26.383624066290547
28.238530374274195,27.566393127413562,22.065449659103486,28.46137455608275,27.0635422052873,31.33621091269721,27.60704981872417,25.456123215702785,25.40446103321356,26.383227539796206
28.240468143328968,27.56832737974002,22.067071959959492,28.46229028443089,27.063851576455345,31.337480211133194,27.607354553292673,25.457761433644663,25.406593911247143,26.38191584434949
28.24286846441182,27.570124599499344,22.06890488807951,28.46324499635071,27.06529882318486,31.339221378454027,27.608788223944703,25.460294338903175,25.408587926280006,26.383217756494332
28.24430150956244,27.57254533352971,22.070530111323002,28.465840901886615,27.068640462634576,31.33857492273167,27.609851400313413,25.461700904411245,25.409309650934475,26.382467155851323
28.24636085322391,27.57543851971505,22.07296909652637,28.466789384553984,27.06928695748085,31.340341812574678,27.61107274104173,25.462961644530896,25.409845842055972,26.382664361618943
28.248828784975053,27.57770382949923,22.075689998244044,28.466488828686565,27.07111087208323,31.34073488506524,27.612055715071556,25.464973726932584,25.411920290294848,26.382580736640836
28.250694620422333,27.57992563925521,22.0778893883036,28.468412797154837,27.073294787662746,31.34112317626375,27.612787219130347,25.467417041942685,25.413283471153786,26.38284451714748
28.251978162687013,27.582841894996196,22.079719983259164,28.46926910620978,27.07407534057697,31.342082167855494,27.614108932730414,25.468791016634373,25.41388266702124,26.383324806264294
28.253610270084394,27.585093124003915,22.08133208357292,28.470627941028255,27.075469888066298,31.34276112818863,27.614940858561177,25.470468191318247,25.416730539435363,26.382135992489182
28.256380875999334,27.58625954538128,22.083469749276897,28.47266311341313,27.077267297374846,31.343217258875118,27.615507987574873,25.47259694952807,25.417735349045145,26.383366669719827
28.25810683403679,27.588271484022975,22.085832857840998,28.47360733071308,27.07730179019665,31.34482120312136,27.616328694317502,25.47383266350415,25.417623558783266,26.38260223969338
28.25910165345434,27.59079285451785,22.087977419195653,28.47458268317141,27.07836403843394,31.345008105033116,27.617468374222177,25.475020834879913,25.41906835949902,26.383202239617095
28.261417682601486,27.593151829945842,22.090500077658728,28.476534041210797,27.08161490815124,31.34528904609678,27.61926511127975,25.47686281873777,25.420320983290033,26.383084490946157
28.262942719204904,27.595120259302803,22.092527278471216,28.477316205791084,27.08400613369897,31.34695440603827,27.6190169624663,25.477621417243043,25.420801462718238,26.382572131582137
28.265080894713112,27.59762603416153,22.094066655261457,28.478117208340468,27.08532184400052,31.34568561220993,27.620736397993344,25.47980995596648,25.421663705530197,26.38351526122196
28.26699440307714,27.599893676664003,22.09633009891126,28.479617504337362,27.087642682534046,31.348063889716535,27.62050590775941,25.48095699570958,25.422625939398053,26.38317507806063
28.269277775653347,27.601450157890454,22.098732409632976,28.480961217416755,27.09011051001713,31.348253223439627,27.621355294313403,25.482950081649392,25.423911907156235,26.383707273491737
28.271107892606114,27.603780365192097,22.101137545966985,28.481992138536967,27.091402600990083,31.34907658737397,27.623041709252977,25.484679268959276,25.424799934883943,26.384024106036442
28.272793820571177,27.606181497165004,22.103054953813043,28.482831191277178,27.09269724398867,31.349964590499958,27.62315493135311,25.48618777745049,25.425730451759073,26.38395562550172
28.275128064775423,27.608462029993795,22.105251429195434,28.484485538806954,27.09521535810399,31.350682938178096,27.62383947145292,25.488454470174034,25.427661773972385,26.384147399916
28.27696915796098,27.610583451203855,22.107144604725026,28.48590717647443,27.09742809227992,31.350338570630218,27.62507212666882,25.489111694439927,25.428313878235087,26.383591299652544
28.27859510238524,27.613102405692942,22.10934755614025,28.48704839514193,27.098565869463677,31.352166479423417,27.625916616573676,25.49079354508506,25.429548169310955,26.38504054888005
28.27976840546546,27.615118415809118,22.11189624902605,28.488227127812866,27.10070172840573,31.352410613821633,27.62683268905727,25.49244823991467,25.43174416223679,26.384068495680925
28.282179617166143,27.617705601080917,22.114140300753967,28.489457045408525,27.10334209865149,31.352687409881348,27.627887166308966,25.493714267614425,25.43193648975134,26.384884429676575
28.284604049318563,27.620133516226836,22.11621624108165,28.490546159469815,27.1043086803825,31.353544041078433,27.62868307342826,25.495510170556663,25.43221281478808,26.3858066784709
28.286082126117265,27.621989610443848,22.118265575425887,28.491498211467842,27.105339973237097,31.354703289188354,27.62993240517824,25.49622525122735,25.434461113203483,26.385400372596145
28.288224062645746,27.624237985859082,22.121309818909786,28.493335217167868,27.108080906284385,31.354995825876255,27.631131226617264,25.49854873316884,25.435497042616277,26.386521495257355
28.290065038106853,27.626549915946732,22.124035269213973,28.49437607944383,27.10991822942297,31.355400310593208,27.631663391574776,25.500457280902594,25.435462184335265,26.38583307399741
28.29281500360458,27.62835000373096,22.12599920246642,28.495338205901845,27.11197091640591,31.356438709032975,27.632572065328077,25.501963013397862,25.436715872548234,26.38691273552557
28.29429214808848,27.630402210188556,22.12838546231159,28.496584824140005,27.114277339192824,31.355935526584865,27.633767918028425,25.503663430616466,25.438394021740418,26.387055518893995
28.297080794547757,27.6329724742411,22.13075282306405,28.497750981779486,27.116901385920904,31.35726767963293,27.635316607626457,25.504396890704328,25.43924164756995,26.387315071695397
28.298187951284252,27.63541936582694,22.13287270628538,28.498906698691965,27.118786344798224,31.35694879806803,27.635821869731068,25.50642586706495,25.44012007964183,26.388224499490377
28.299432110781055,27.636847502029177,22.135346312838486,28.50054087486538,27.12017158854806,31.358076186013847,27.636880207721326,25.50850405991319,25.44188159069534,26.387709573560763
28.301448502782648,27.638783913580305,22.1381140414703,28.502633399484868,27.122469826800906,31.35746846335881,27.63805396610216,25.50847196639984,25.4433416582029,26.388636455647774
28.303369296136434,27.641746573910694,22.140717901152588,28.50344143188442,27.124906755992598,31.35823527449283,27.6394933297671,25.50984485215055,25.443949032364056,26.388547870634866
28.305169306416367,27.64349688356215,22.143643413698904,28.504451767459678,27.12612493574904,31.358635610889355,27.640133925393332,25.512261461754143,25.44552112949754,26.38849646431847
28.30674446277946,27.645249860696147,22.146097404309888,28.505347290807983,27.127956016704648,31.3589693940755,27.639614217403764,25.512333089908978,25.44705245137271,26.389763767152736
28.30937789268175,27.64780261688704,22.14883085824015,28.506686061910997,27.13022277568466,31.359348884422968,27.64153828892253,25.514160280488024,25.448040798213437,26.388785734529947
28.31144327927694,27.650102129360473,22.151132955102497,28.507942407245913,27.1322870630986,31.35940215275257,27.643097324312805,25.515604604828738,25.449192461220967,26.390110002061444
28.312992466335395,27.652629379066642,22.15365624003485,28.50914506264445,27.13436829542651,31.3603982823981,27.6434351452901,25.517239140340493,25.450715294955977,26.389639584663417
28.314406617529176,27.655145622960625,22.156504096083314,28.511288746209082,27.136496739769335,31.360301859660158,27.64401246456671,25.51924509084721,25.452082984474064,26.39066037245485
28.315867242398664,27.656985572247628,22.15939750077707,28.512473670203352,27.138997095802665,31.361360089534195,27.644644762954616,25.519579972203985,25.452801314368223,26.391272192897777
28.317701378740136,27.658858545424685,22.162332285428022,28.5140355638171,27.140770518485745,31.362095964501385,27.645991442426897,25.520729652998526,25.45376889888274,26.39087678915642
28.320447922814715,27.661087821165268,22.164749175385072,28.515088479036322,27.141819925422865,31.361928608968412,27.647049084819137,25.522399902954852,25.45502192228372,26.392007840794935
28.322959638785242,27.66455784158659,22.167804363650486,28.515310592559544,27.143725717583962,31.363324101393633,27.6486175503047,25.523384447079366,25.456939124256586,26.390634136793008
28.324300593129298,27.664544525827086,22.170299678892952,28.51759160725798,27.145987148666627,31.362553617596664,27.648376516561434,25.525074432099515,25.458221253313265,26.392935508671055
28.32593433818081,27.66604146983034,22.172459566531995,28.51943540026639,27.14778294554291,31.36316077774611,27.649451759200502,25.525304998762888,25.45886901358234,26.392840865717943
28.328255657632262,27.667797282347788,22.175319882985157,28.520313762986184,27.149880235938664,31.364012446729667,27.65080397832088,25.526642909062303,25.460584268663236,26.3926300510269
28.329467233410316,27.670096206823928,22.17865120436595,28.521887856787256,27.151510810627883,31.36405796055002,27.651282610763896,25.52887293702133,25.46209466738917,26.39375088759703
28.33076629230455,27.670804332713303,22.181574560440907,28.523282625809465,27.15225176610677,31.364828169249588,27.65194171168485,25.529072888723647,25.462251679408897,26.393664913235174
28.33381819572025,27.6720739317696,22.184280061151153,28.524614132437094,27.154439790146757,31.364518260025793,27.652672194532496,25.529910472289075,25.46350780349714,26.39371156126814
28.33541800082653,27.67473145007122,22.187266005800286,28.526261654847023,27.156777990321537,31.365530304492204,27.653811777163277,25.532009623218205,25.46492120336012,26.39468032159577
28.33775598984074,27.67460067444034,22.190328341317468,28.527944747651762,27.158248327067874,31.36501598111408,27.654133139281964,25.532528759626587,25.4666129128044,26.393721264707565
28.338887982409847,27.676565129593197,22.1932463748383,28.529762137372764,27.160265747162295,31.36600655541924,27.65531595622683,25.533480484192282,25.467526927047214,26.394874431881263
28.34057087558339,27.67731283454132,22.19654260038546,28.530881398463933,27.16278580712295,31.366105823691846,27.65590297023815,25.535472987907614,25.467847110935896,26.395102527132856
28.342807062966465,27.678173777915713,22.199567578555648,28.531960814391837,27.164922996539115,31.366401639030748,27.656619392502492,25.5365171095016,25.469058978136072,26.394430919856152
28.344636364440063,27.6799274110974,22.202189701963647,28.53337385812629,27.16611504240051,31.36722030822975,27.6584357729655,25.538269236232956,25.470520954855793,26.396342857559226
28.346327882268945,27.681407586725207,22.204392486635154,28.53496845280892,27.167647210560546,31.367414373158343,27.658293597078604,25.539997733274724,25.471554713599282,26.395759039337715
28.348444423462304,27.682263004550855,22.206836012127784,28.53683770648669,27.17048021822125,31.368175282533045,27.65949830367613,25.540544740438374,25.47300951914916,26.39553474043288
28.349711183895185,27.683908122415485,22.210089817819558,28.536933724372012,27.172258574988852,31.368436224246565,27.660096177779025,25.541977099630813,25.473933130496384,26.396322484030787
28.35151092511675,27.6867873089973,22.213085002648548,28.53902542466483,27.17352667949848,31.36935432808358,27.659132921400726,25.544149700584736,25.474953983508367,26.39515970411243
28.35319666507102,27.688675407629656,22.215515416887687,28.540740827867793,27.175161756448148,31.36996804777474,27.660987735282255,25.545054313327803,25.476219108116815,26.39559526469852
28.354606351504366,27.690050629365018,22.21827404498104,28.54126579235903,27.177956281896503,31.369277868086186,27.66221055976807,25.545921080450373,25.477648698724312,26.395914145523225
28.357172510829372,27.691899707929153,22.22141869507,28.543050093821485,27.179929884841844,31.371464400631744,27.662533049325194,25.54781405354567,25.47861799285769,26.395268799590077
28.35881453661864,27.693340093664393,22.2245768095477,28.544176780098276,27.180758306643465,31.370252333608363,27.663148869094634,25.54965655651483,25.47983397038926,26.396271823164334
28.360461257215185,27.694876820019076,22.227356217949435,28.545848591744903,27.18299184972432,31.371185696822245,27.664841396457263,25.550424895944047,25.48091864055729,26.39620915482083
28.362207143505422,27.696926694186253,22.23062607038095,28.546746932927256,27.185433227068103,31.37242786194578,27.665858834791223,25.552582545411575,25.48180132065065,26.395534321442888
28.363852746517857,27.69869483809666,22.233969640039412,28.548053517483794,27.18766943261012,31.372336526628036,27.66597784280939,25.554714599261104,25.483053207657456,26.39716743359199
28.36675489513007,27.700344483045633,22.236919712694565,28.549317359914138,27.18878334420225,31.3731667414058,27.666919775360302,25.556088096126924,25.484127675175365,26.39545287326856
28.368826719321447,27.70271620077186,22.239863094375455,28.550641386684816,27.190163600010585,31.372955426008335,27.667543481366835,25.557142334875614,25.485134885992107,26.39638615458063
28.369868035626293,27.704558675094262,22.242973394870276,28.551730623315787,27.191648864404417,31.37355833634743,27.668878388667757,25.559140034703326,25.48635810641621,26.397540365826263
28.37180083583838,27.70605279871792,22.245613184007453,28.55221854067843,27.194201775926608,31.373801959965743,27.668804159472728,25.560549145680937,25.48756616894864,26.395973281147572
28.373943661953135,27.707317559188006,22.247867420537236,28.554259396181486,27.196245118890793,31.374810935122145,27.669151237699538,25.561953737428503,25.48919576004597,26.396440215304974
28.37592320351415,27.709421416903062,22.25062152402666,28.555566969062504,27.197116228766802,31.374808080439898,27.670308522601637,25.563773418133362,25.489706705853695,26.39725056777857
28.377929010500136,27.712433455048814,22.254093989619136,28.556210170436216,27.1987079729525,31.375899968774586,27.670709201568634,25.56521818444981,25.491118819748976,26.39621844539423
28.37947020786849,27.714840748233055,22.256887209802567,28.55770103092018,27.200486719250307,31.375129541413195,27.67239664134154,25.56729663247723,25.493106127191627,26.396597357099537
28.38138085476308,27.716362961727413,22.259895704056905,28.55975480373717,27.201966085980345,31.376226530791445,27.672063005117558,25.568954325202775,25.49344244234755,26.397550976192505
28.3833882559655,27.71806787836948,22.263413530865783,28.56118204411914,27.203891445107423,31.37719988160431,27.672675997654032,25.570656847123317,25.4943129886256,26.39625371786229
28.38534522348734,27.720279823709205,22.26688270179602,28.561184669502705,27.20583945798778,31.377722418224998,27.673981469530258,25.572359399618236,25.496590486207573,26.39719022941696
28.387191051974696,27.722086072934523,22.269743253364798,28.562938192749133,27.207551143518316,31.377944802380185,27.673376203103643,25.57319072339866,25.497221838455793,26.39684626965339
28.389110964788664,27.72447168700576,22.27283990267547,28.564792746422725,27.20914416881383,31.37835246329162,27.674122503509352,25.5749615822371,25.497149393203365,26.396517073187447
28.391131547585484,27.72634506565077,22.276248371759188,28.56555448558845,27.21082358003904,31.379478841460195,27.675769541784916,25.57599857741698,25.49853284955509,26.397278410217474
28.392840117758787,27.728638459328096,22.279570067693776,28.56680908839231,27.21309661889121,31.379783981274542,27.676668841800574,25.576952423359636,25.499597429196456,26.397441382667143
28.3949335415748,27.730931444604856,22.282983499986962,28.56793724541624,27.214127408679193,31.38043982999864,27.676881453743512,25.578914128888428,25.500461178351678,26.397828723608473
28.39703129054991,27.7325865133611,22.286314769007074,28.570171706241297,27.21574611871197,31.38043259270549,27.677988846489946,25.579486189187072,25.502184856327293,26.396939634510495
28.399683437447038,27.734649215712466,22.289218556672274,28.572110839931206,27.21807118219594,31.38263740122867,27.679038170365683,25.58182462517685,25.503120929370112,26.399023007535764
28.40128280872362,27.73643259454429,22.2925139300798,28.572527151475605,27.219533216299467,31.381904605466723,27.680082861426868,25.58377390348451,25.503572851221364,26.396737545165404
28.40342025698328,27.738631630944546,22.29565426388377,28.57336558672225,27.22114834659418,31.383037035080857,27.68116991111605,25.584460747872214,25.504779527221146,26.397578608621984
28.40438752124651,27.7410764789551,22.299029352076225,28.57507953026049,27.22381771129023,31.383506196075338,27.68148506281836,25.586597844616325,25.506623755447716,26.39890624530217
28.406090436998994,27.742762694873107,22.302449795042712,28.576921230644317,27.22473620046214,31.382969830498432,27.68241895182011,25.587640229619346,25.50762323019834,26.39754401496355
28.408149429633077,27.744589733357156,22.305498512281336,28.577439540834447,27.226015345486534,31.383730275300927,27.683910163655785,25.589550762933495,25.509093528359625,26.399279689926264
28.41018302348408,27.74657691865042,22.308652865755228,28.5798280330393,27.228468431779586,31.38289656345542,27.684603260406647,25.590415631119793,25.509922155103343,26.398552735388634
28.412631108534427,27.748609646966912,22.311835086142622,28.580773417863693,27.230129049887793,31.384112829549995,27.684724437504688,25.591463612800727,25.510264254930245,26.399198632287
28.414523188266784,27.751224490330223,22.315392588223936,28.582350592792977,27.2317137390637,31.384577430116693,27.6854290008204,25.593898936562482,25.511452333993727,26.399934303534124
28.41651842152787,27.75336508021207,22.31905545994493,28.584160656589738,27.233902724260766,31.383522556433192,27.686236970595214,25.59338201662738,25.5128228665642,26.399448225609564
28.418038432343668,27.75567601704133,22.32251928714474,28.585122575462456,27.235628210464682,31.3846072941522,27.68727987562224,25.59442635097981,25.51284466605241,26.400597102134164
28.419621291290305,27.75726384457785,22.32583229341237,28.586592103162044,27.237165858499438,31.383880705153004,27.68701676389778,25.596314737692616,25.51211454555855,26.400582005843475
28.421524396586285,27.758857169835363,22.329657699220054,28.588384304376355,27.239005676915884,31.383290331469432,27.688407845375927,25.59702945765634,25.513265429928946,26.401134578670955
28.422214127554255,27.760605951830513,22.33329252282286,28.589366348811076,27.24075703446108,31.38512178572277,27.689591160886252,25.59849325964418,25.512981553091553,26.401552933503044
28.424606058194904,27.76299058749043,22.33683493253427,28.59054843337972,27.24267874048653,31.384432271802027,27.690985060899234,25.599402235815035,25.511764221845098,26.401628105180404
28.42561810600064,27.76473935823229,22.339773235216988,28.59126480155988,27.244376490116803,31.38393086583218,27.691540737486836,25.601058824898857,25.513132403880473,26.402382555556315
28.42810882353311,27.766696567762562,22.343038783415867,28.59348645049888,27.246098767743266,31.38498341354787,27.69060478144389,25.603607802909195,25.513726718419516,26.402372327018195
28.42874098564451,27.76899210220506,22.347011908768643,28.59418293764239,27.247775198651325,31.383928747135265,27.691403618737166,25.603794637263206,25.51406882749825,26.402751080180884
28.42936906960243,27.77123778737075,22.350466459429374,28.595280321799187,27.24898171808917,31.384458440769308,27.693010242041474,25.604641456598742,25.513749296726527,26.402982627316852
28.43140963824489,27.77398562227841,22.35396730111185,28.597488559403942,27.250862184875317,31.384732642377358,27.693602910412885,25.606446157639805,25.514168967757517,26.401685809831523
28.432989539081134,27.77575924516593,22.357670507139584,28.597461020638285,27.252790165538517,31.38423237621369,27.694246672428807,25.606868741026005,25.515251559455763,26.40407791622378
28.434814375431365,27.77765374039547,22.36083394565279,28.59960521744339,27.253812522039116,31.386157006558896,27.695496417509467,25.608351577471538,25.51530127242174,26.40216051585427
28.436292640537534,27.78026886157765,22.36427616383517,28.601091756631796,27.25570934345364,31.385048777370585,27.695461021891887,25.611211039631318,25.515575496951456,26.40213414361296
28.437284168976177,27.782052407074374,22.3679456575916,28.601761355370545,27.257814299727535,31.386200574557147,27.69653817962602,25.6114673439818,25.516360745177238,26.40340557666345
28.438149290099464,27.783960018944086,22.37150316334615,28.603175788694305,27.259535300079015,31.386516062210227,27.695958954536778,25.612541428628827,25.51742060147201,26.40075319181433
28.439816509169123,27.78582422482657,22.374817749484226,28.604126133497772,27.26163637385102,31.385891289735493,27.69733153074916,25.61528352817206,25.517725223646327,26.402718431791428
28.442470941169823,27.78739609148782,22.37868482183428,28.604975588247598,27.263021260814465,31.387273110587426,27.698953732948176,25.61567602083224,25.518395724192764,26.4031816981529
28.444139346173056,27.790224246717017,22.381792805375866,28.606534985226975,27.26325934158359,31.38757894098827,27.699147156099116,25.61564522191487,25.519862251832887,26.40061163113249
28.44532656961434,27.792535557686143,22.384846046263426,28.607231066714558,27.265297258858496,31.388161113683942,27.698817889045376,25.617873823217813,25.521660450325363,26.40214084299997
28.446564584992423,27.794063329191747,22.388349942961632,28.60857732406938,27.26699625057888,31.389513107649503,27.69973333711097,25.61954990602174,25.521977045172214,26.401960106374695
28.44750773170704,27.79615691925872,22.39220951808854,28.610192552295807,27.26832781158564,31.38927881562758,27.700733522078163,25.620120567450492,25.521934723779694,26.401453735156085
28.448886332459594,27.797912649959983,22.395679145733148,28.610295906455427,27.270060029943025,31.389767852472517,27.700485535469696,25.621929510574986,25.522839800484324,26.402248982537458
28.45059919246031,27.79981310688164,22.398898844543748,28.61169765612358,27.271836804537788,31.39088576221019,27.702160696049095,25.62390050739134,25.5237718628787,26.402795150043165
28.452949314202655,27.802067611242865,22.402717982175627,28.612734562374055,27.27331049513826,31.39088798754608,27.702426671992665,25.625702722042504,25.524983085773997,26.401381798376605
28.45499207210928,27.804035363605685,22.40648526605831,28.614304479560275,27.275570451597105,31.392060513757116,27.703086540786884,25.62695514427269,25.526341040732312,26.402153757280352
28.4563254417979,27.80568940613754,22.410272524595662,28.616267349187375,27.27781213007438,31.39265450444238,27.703034185455625,25.628736392400292,25.526857307113737,26.40203847974762
28.457850196943358,27.80765249209958,22.413999255720796,28.616809861546177,27.27860481735117,31.393140895423723,27.70343417525413,25.630305684847755,25.526857117401768,26.402265795506416
28.45950415695388,27.809801242714194,22.417278915970215,28.616836421791017,27.27975619009021,31.393140273385562,27.704469265917744,25.631662702438703,25.528026316950097,26.40133228607668
28.46109458842325,27.81198008543571,22.421021555353352,28.618872657457718,27.281621653493332,31.393836025132515,27.70517522424573,25.633126557015768,25.529434600475682,26.402014706858758
28.462942209251306,27.813945695683945,22.4247200828242,28.620103150049164,27.282352805087363,31.394249331316107,27.706887511629695,25.63481671037335,25.530823242254897,26.40127954058162
28.46504593660925,27.81656199263326,22.42812706108271,28.621320375524895,27.284129848894043,31.39511893015324,27.70691052754389,25.63631186728471,25.531667474450018,26.4011114524858
28.466935490187417,27.818995960995878,22.431945815778022,28.62334853106601,27.286795580280053,31.39520883723992,27.707876089340672,25.63733007831459,25.53274133902405,26.402226532483347
28.468698048382343,27.82094356002962,22.435539934409267,28.623499393405712,27.289266540105494,31.39581413961045,27.70911942853018,25.639100878163266,25.534007961297863,26.40122262638488
28.47021122756438,27.82292851671643,22.439531482066215,28.624802294577528,27.290216789627767,31.396056706843872,27.709188753932473,25.641403936331994,25.534992446443066,26.401332078231295
28.471267973143576,27.82494824724163,22.44323713416914,28.626375743455984,27.292389377170352,31.396488492853045,27.710081946791966,25.642534464469882,25.536324338326928,26.40208794377316
28.47335499558409,27.826993884026443,22.44642356344044,28.627478720576786,27.294011526836904,31.396142251631566,27.712050810756832,25.644292069014455,25.537308029562723,26.401587644920873
28.475411132303886,27.828785448445363,22.4507109001092,28.62945182336243,27.2954892523815,31.39673833119692,27.71274711545614,25.64604026060404,25.53813632021622,26.40040599898412
28.47726683443181,27.83051296425414,22.4541767749907,28.630456625561784,27.297187266307006,31.395762003974927,27.71304222613413,25.647319197103783,25.53901602496378,26.402181099787164
28.479168532814224,27.833127293512504,22.45754902678433,28.63132316796407,27.29887702408646,31.39724501181091,27.71311039466341,25.64858676080413,25.540416071710986,26.400963215749528
28.480842249129307,27.83513528516002,22.461287311384893,28.633047705489155,27.300402801929092,31.3955922531866,27.71424577019002,25.649323624440385,25.542252859315532,26.401321334784193
28.482117790930616,27.837396644016074,22.465226613008934,28.63348078112596,27.30208565687015,31.394151587061465,27.715226298488137,25.6516870567163,25.542762682616853,26.40221181748164
28.48363058629515,27.839464020288606,22.468603213707343,28.635209841034982,27.303372187420855,31.395370285114673,27.716401602502124,25.651876597030878,25.54413624061578,26.400802593193934
28.485648927245162,27.841213540000386,22.472411388941683,28.637030610385132,27.30519347772485,31.393124382787875,27.71658162319784,25.653240969844088,25.545215634677948,26.401673376838723
28.48819903799673,27.843313974108504,22.476335448389175,28.637359528628817,27.306803400566277,31.39068638733933,27.717576529946637,25.65566877754268,25.546095942874423,26.403077904939288
28.489086967628193,27.845636155874814,22.47994103569727,28.63863802184142,27.308591188413246,31.388882128672833,27.717382395944057,25.656095783085892,25.54692455459341,26.40170600171778
28.490467192349183,27.847804425605418,22.4839921353699,28.639959937757638,27.31064768911413,31.38506950203805,27.718126117114608,25.657216015766288,25.548520868376272,26.403023283750336
28.492401671682423,27.84958238303521,22.488145174667178,28.640636599262454,27.31203263564129,31.38248379403371,27.719371807918677,25.659481224372193,25.54925738527266,26.402791322020175
28.494991161985944,27.851485858453977,22.491827787290287,28.6425007063613,27.31349667875154,31.37188362233499,27.719898904313936,25.660010815443997,25.549618606816917,26.402917953343476
28.496549415370996,27.85348645031906,22.495938986941137,28.643748249507645,27.31550565449686,31.35182105391926,27.720440283371723,25.660522920833696,25.55133879477073,26.40391944021049
28.4983712338018,27.855274283482842,22.499911939332872,28.64383627845729,27.31791930448785,31.24030028087732,27.721017715152513,25.66257343216354,25.55209154113301,26.403822185645925
28.5006226896442,27.857861166501984,22.502857963747786,28.645301886115547,27.3193640505013,31.021003410979947,27.722385406545808,25.664358831641696,25.552875326707998,26.404251263701028
28.501758061198412,27.859594465679255,22.506513503251927,28.64683858211411,27.320072790667822,30.83632128811198,27.722773045576172,25.664502697002767,25.55477821142688,26.4047279301899
28.503265365594327,27.861447816349187,22.51025026880045,28.64760508422206,27.322020927417498,30.650338080574514,27.724503629273425,25.664567121194235,25.555446239112047,26.404915786115986
28.50510635698114,27.863815037905,22.513970550199517,28.64903751316109,27.323809648116946,30.47274210326745,27.725083912875945,25.667270203938386,25.556186820322008,26.405449793793853
28.50644828124773,27.866087590899905,22.518187386718328,28.650779845924156,27.32502928523472,30.285073150456707,27.725308385639483,25.66905873764634,25.55804044398654,26.405301455301657
28.50922032770539,27.868390638372922,22.522301050595548,28.651538638843853,27.326765420286378,30.101389885461636,27.726305904556547,25.669904241916385,25.558949158341704,26.405653690973097
28.511015447181734,27.87056119159629,22.525840060275485,28.653384185571305,27.328605996814748,29.907952033236004,27.72760810211764,25.67110210972643,25.559906269827298,26.406464772605336
28.51318425322828,27.872313424067716,22.529534743397495,28.65298150330993,27.331005498812516,29.71277163081038,27.72877703698185,25.67308265192555,25.561463155929044,26.405872805035013
28.515435553702204,27.873911577684048,22.53342778887425,28.654841580334253,27.3327489564269,29.513365841758752,27.727882438504903,25.673500210936435,25.56181227243531,26.406324885805596
28.517150985535935,27.875390420525463,22.53732871330021,28.656611821820967,27.334190501940494,29.318839643749428,27.72928213524869,25.67516853836507,25.56226808000276,26.407002731315195
28.518809574757007,27.877642198018194,22.54119254568236,28.6569050523193,27.335862267363,29.115804017939038,27.729441129071933,25.67668600334597,25.562925832964808,26.40578150374742
28.52046848320187,27.87954657706019,22.545606854379745,28.65794059808227,27.33765089735718,28.90953903422505,27.730019471437892,25.678570627494558,25.56380939041981,26.405622397372856
28.521911710982096,27.881773103159006,22.550117827520126,28.66031011238801,27.339509636596,28.711936276850043,27.73160175924074,25.67942245715097,25.565223922218138,26.406957618649884
28.523544421492993,27.88407136380901,22.55406000130413,28.662197292912705,27.341688637414894,28.51603622298681,27.7314316794631,25.67940346941347,25.56556281477762,26.406211451510877
28.525720911115755,27.885521789134348,22.55804197997662,28.663151923200616,27.342743205691967,28.32618022260324,27.731906112570957,25.681315361170626,25.566682086847152,26.405863656093523
28.52834132065827,27.88721691311259,22.562244163264886,28.66333589319317,27.344276277731044,28.14296175691085,27.732375937965593,25.683495004950544,25.56792813717665,26.406421141408003
28.52940844782468,27.88931896865927,22.566106560029628,28.664975157672874,27.346488855748756,27.956273170542694,27.73315260113979,25.684154855517363,25.56845212608232,26.405569939618072
28.530847228031554,27.89154275853106,22.569423643029374,28.667098379986598,27.347757790151736,27.771745307317364,27.73450222948046,25.68566873382167,25.570250865164216,26.40637296534139
28.532556366207828,27.893364293786274,22.573213059730698,28.667539252137686,27.348897272356044,27.600226132991054,27.73542691747466,25.68776181008859,25.571347077161125,26.40685067385582
28.53461716544978,27.894772484124832,22.576951534945017,28.668851739396803,27.350397641349694,27.43915318860274,27.735962395821574,25.689438137848025,25.571223137317418,26.406338056374096
28.53558858631756,27.89680675707574,22.580364559084742,28.668815829381025,27.3525667095649,27.281248852918203,27.73731270355221,25.690955732619443,25.572103024064106,26.408488526687016
28.536441866729323,27.898174276053954,22.584489634924786,28.669098132049843,27.35480273719064,27.12260933810368,27.73827831235029,25.691835877072364,25.57390103788848,26.406549123458074
28.539040454823486,27.899645086803684,22.588415611113728,28.671072147173817,27.35632638490946,26.970292543013112,27.73804050283551,25.69311800655815,25.574779639164053,26.40669474338969
28.541143688678897,27.902381775248813,22.59231555460844,28.672113387178246,27.35741616060839,26.83213322893698,27.737659157628663,25.69445231223847,25.576062795922443,26.408000163913712
28.543242184278785,27.90352174565772,22.596755119983428,28.673220824305282,27.359673494450544,26.698180384691483,27.73962143286534,25.695412053962755,25.576685081884833,26.40758593886735
28.54519316123609,27.905396060354015,22.600432975439567,28.674240980683923,27.361697878829993,26.57337998942557,27.739500737163105,25.696590377546258,25.577898889321343,26.407822666029084
28.54597220172257,27.907882469227005,22.60412530142032,28.67515737388105,27.363049649950835,26.455432146654335,27.73934756622408,25.6981755046752,25.57908722617727,26.408183474393976
28.547521644903718,27.909336380045836,22.608535858495443,28.67655946930208,27.365192802813432,26.346981415632484,27.74026899201555,25.69899192592613,25.579376954013213,26.408310604567742
28.549155750690748,27.910873703041812,22.612375670619315,28.678304523596122,27.366307716690173,26.249555250194746,27.740139940709092,25.700891234488324,25.58094989362249,26.40870521746258
28.55096758428158,27.912922257224736,22.616124809142487,28.67943157941985,27.36855312151328,26.153621950185318,27.740735751406195,25.701784759130923,25.5820009344945,26.409780961839022
28.553086801666687,27.915437062917512,22.620195927861975,28.681141964121686,27.370135010848564,26.0547359682328,27.742152360372224,25.702875043049488,25.5815750385063,26.408716397002703
28.554237322597178,27.9178925254713,22.6240029349188,28.683050504030646,27.371377620865886,25.96570985958192,27.74301121199528,25.70451076116246,25.583175583915203,26.410432009893388
28.55646849393168,27.91981411387361,22.628024636074407,28.683792213394206,27.373754778329538,25.88304047429521,27.74306546628198,25.704566711753102,25.584675348068068,26.409582811185295
28.557473287826625,27.921475476958392,22.632642564914836,28.684923066322042,27.37521030385007,25.80075887859257,27.74425018802677,25.70647217420431,25.585092749471418,26.409786385410328
28.558421728733727,27.922757425210225,22.636864401802782,28.686929089272795,27.376460693867735,25.711545294904493,27.745346009019393,25.70764312493095,25.586232981306175,26.41140489659175
28.559988474068582,27.92398891614818,22.64059026274512,28.68777958057524,27.378667548397754,25.6274690154222,27.746364374243345,25.70813509403697,25.587461683876363,26.41108330116198
28.560993654018432,27.926322631460764,22.6443659669393,28.68936043180699,27.38028504927716,25.54939373037616,27.747024946257955,25.709765665897773,25.58816211505015,26.411552542646596
28.56418286956574,27.92894715662722,22.648668908321696,28.69080684540519,27.38154264896757,25.47024115553424,27.749052205354324,25.711399456332103,25.590150910313145,26.411640204365664
28.565301531069004,27.93069569455351,22.653191260438525,28.691469732102313,27.383491987086867,25.4094679139327,27.74891332551167,25.712100519041098,25.591606018659988,26.412863056414913
28.566279371382958,27.932367907560227,22.657430521644045,28.692729527873166,27.384745908026893,25.341568718104877,27.74831771816631,25.714063489873567,25.591684298955236,26.41106295179377
28.567458078143755,27.934100370516827,22.66172075158827,28.694326612171274,27.386175852469165,25.262952083608987,27.75029341275536,25.715502625028343,25.59272993035474,26.41237982537611
28.569176071273947,27.93584707095806,22.665544916075426,28.69594164029511,27.38790456854543,25.19315524219646,27.75021973125179,25.71648185120669,25.59423616372936,26.41280741407808
28.57191565528391,27.937833968234642,22.669013074615428,28.696540227021057,27.389714629177387,25.130574557842532,27.750581531717845,25.7182898781392,25.595485110257137,26.412038269933568
28.573152343815632,27.939163029606217,22.672688881591,28.697469822374103,27.39118500744569,25.060951383415713,27.751047761145177,25.71896821094431,25.596013891425553,26.413222027455937
28.574557266755573,27.940745894855933,22.67747516763352,28.69910610647954,27.392438008790783,24.996124171382853,27.751436986426256,25.720934933571023,25.597221818634086,26.412448359591036
28.57634437604996,27.94322423801097,22.681938033402176,28.700211253784353,27.39417394603898,24.936044810451396,27.75221435052483,25.722588569237335,25.599217413156012,26.413011330995097
28.57807329533832,27.944765641779657,22.685821318602713,28.702282468112852,27.396500786773164,24.878961226699367,27.75321129767107,25.722951137239907,25.599500980450934,26.413927614556584
28.579254823365538,27.9464846490859,22.690116640213695,28.70293954121504,27.398273263330047,24.820512260921458,27.753679494921194,25.72454142728253,25.60027594531308,26.412732942665528
28.581024399781306,27.94901573824225,22.694878598149092,28.70317528174432,27.399254968365184,24.75920622459554,27.752926580795204,25.725693923232313,25.60217154207761,26.413663358593848
28.583386918739876,27.950954398632604,22.69929899438224,28.705391943622544,27.400584623409422,24.693672718104356,27.752733754140078,25.72613568227243,25.602689013103962,26.414124097775083
28.58466016897845,27.952391382528432,22.703653458096547,28.705817801643914,27.40234566019552,24.63739852418442,27.754038030278004,25.7277173746511,25.603661227314074,26.41424909821208
28.586164190483046,27.95405775488166,22.70837933674064,28.70650276591727,27.40397355394929,24.588544741899785,27.75412622984193,25.72979635988009,25.605315947473613,26.413549280941908
28.58732908316034,27.955752074968018,22.71282794560424,28.70876161795945,27.406163030106107,24.537552485722557,27.754287213501772,25.72985595082956,25.6060475107515,26.415080727367446
28.587693194495646,27.95776432176848,22.71686528042315,28.709165218619415,27.407168246976475,24.4811881386618,27.755626036491606,25.731550078742455,25.606584423179363,26.414543352640734
28.590177504659575,27.960172549756912,22.72111492191714,28.709747718424893,27.408013781207497,24.428832579184245,27.75577121555201,25.733777712847473,25.608385892811924,26.414279124600604
28.591955368454528,27.96199168889537,22.725851192754334,28.71134218940332,27.409727498079608,24.37764142800186,27.756384544923726,25.73511556561373,25.60971109361851,26.415043842005552
28.59403356042081,27.96420442731279,22.7305391090294,28.711904420890292,27.410681322710047,24.331330916287857,27.75711650060465,25.73579119367214,25.609909352362642,26.41452782991481
28.595154619835483,27.966481048791515,22.73528966786101,28.71384282114217,27.411890251516727,24.28521900078437,27.756857775420528,25.736552373129207,25.61115255584829,26.415400106371543
28.595972693194835,27.96830189094237,22.74010578601107,28.714941609879233,27.41371458036816,24.23579602482157,27.758227011523203,25.73861855361141,25.61323443659383,26.414736744873125
28.59851033599812,27.969775993991618,22.7446929041267,28.714997330441374,27.41493238568953,24.18800108948982,27.759343910344462,25.740958596849172,25.613294860866457,26.415412784933153
28.598958992894595,27.971498080688573,22.749667888136266,28.716896036454685,27.415824225565565,24.14264504860625,27.75976473626038,25.741471556990593,25.614599558162364,26.41614809888008
28.601064250063676,27.973493874052107,22.75439416490041,28.718270886574707,27.41776050855072,24.09814090610352,27.759737573045097,25.74291764905887,25.6166350318629,26.416050107119563
28.602396333861503,27.97558485403588,22.758891596578184,28.71866454732613,27.419855256741,24.057313245872642,27.760978209261054,25.74459037578727,25.616069443966705,26.416723069937255
28.602917730153568,27.977444080537882,22.763305540791713,28.71996460162893,27.42086128623999,24.014909521555122,27.761750367585538,25.745475268591477,25.617278683184182,26.416342337285116
28.60548558225824,27.97950987944528,22.768162699362154,28.72087184678557,27.42311059073498,23.972475123041956,27.76212999632028,25.746890125082444,25.619482393687765,26.41742174486331
28.607063867908444,27.981185605798636,22.773021321752765,28.721358926434046,27.424846524802547,23.934840155476774,27.76337780171975,25.747938025650292,25.61999029437029,26.41757542824506
28.60835532534258,27.98296419660185,22.777213899519783,28.722504687018517,27.42544440165416,23.89405716188492,27.763960158403854,25.748607883624814,25.620942337790954,26.416457083395848
28.609709394850533,27.983971401908192,22.781535320042103,28.723685967835017,27.426928338629747,23.85309068167104,27.76404731582717,25.75111602929003,25.623075506877417,26.41913314049363
28.611497649001173,27.986170640126694,22.786449119553957,28.725090591229193,27.429544608299707,23.81288480421768,27.76536617482138,25.75170716299429,25.624256670758285,26.41816756613114
28.613404675114026,27.988029969810096,22.79149042997925,28.726568136696997,27.43121919900506,23.773676702295084,27.764324369229442,25.75268124611472,25.624055442137337,26.417622755744894
28.61400631985791,27.98936755331395,22.795703306568846,28.72721641584043,27.43200923305833,23.736566075147167,27.765511249827757,25.754404593649394,25.62515046854076,26.419314230562996
28.615609618739313,27.991464961006912,22.8000150028386,28.728647850301815,27.434461829776957,23.70275456324815,27.767409554427104,25.756061926866266,25.626936223544085,26.417620276139125
28.61668574138395,27.993087928162304,22.804868447580603,28.729729431217173,27.43626396047678,23.669731682006912,27.76700434620699,25.756998268557933,25.627829116014446,26.41881718586314
28.61835325192061,27.994398392754412,22.8096087564844,28.73082930765583,27.437566439941236,23.633497121901538,27.76683500587568,25.758385477016517,25.628767932710424,26.418800272671902
28.618593945112075,27.996257762378576,22.814366419786275,28.73201360009357,27.43903167410396,23.59746710110624,27.767739341955494,25.760086683321326,25.63021621724099,26.418300709101207
28.620621937881804,27.99808130912508,22.818911559991243,28.732555597769984,27.44125374533001,23.56583418502247,27.76818929137005,25.76198921888668,25.630773112262737,26.418644768301714
28.622317811169363,28.00013576062905,22.823230582426504,28.734054177679404,27.442941307998304,23.534207853735893,27.768834104813195,25.76276150979245,25.631486474179308,26.419518768807144
28.622726241422352,28.001601132888503,22.828015731684765,28.73582563835559,27.444432523869892,23.503878187078953,27.769694511559887,25.763970164013084,25.633151835596077,26.417565583860995
28.625152518207805,28.00309402289622,22.832169071273015,28.736544717276193,27.44519536523491,23.469615217007043,27.771150435343664,25.766142118181747,25.63401562408714,26.420166512057893
28.626805772281227,28.005259761174294,22.83686037516388,28.737916069999198,27.446319443470326,23.436368892401447,27.77155407723765,25.767259054149054,25.63431916721882,26.419439772762843
28.628069134742844,28.007096505873434,22.841314318045537,28.739404939781465,27.44908326293999,23.40889559533858,27.77151877146811,25.769013036610666,25.636603686216645,26.418806413739627
28.630127314617297,28.009092092708254,22.846014547396642,28.740406666204798,27.450809463629113,23.383395400623495,27.77238629100586,25.769605996418868,25.63714235323902,26.42113535270505
28.63173016647238,28.010968881597137,22.851166861308194,28.741261291388053,27.451373507172914,23.356376606511944,27.77334507696424,25.77088747668965,25.637325194803896,26.419527633636662
28.633098958613004,28.01270641159753,22.856045650497144,28.741925322220258,27.45333436947035,23.324551023224714,27.77464802760705,25.772702433038614,25.639116269305305,26.420075767192856
28.63503325370369,28.01436927102845,22.860321941799157,28.743878495595826,27.455761102305082,23.294488653826356,27.77534302230766,25.77304927479155,25.639682177896475,26.42058251520831
28.63640992560505,28.016312379262285,22.86469202652716,28.744211999328297,27.456437675152536,23.270030418691732,27.7756006688845,25.773602059764514,25.640034922940966,26.420665609285198
28.637882002526727,28.017672120796146,22.869294058221477,28.744296699739415,27.45798803506707,23.24492654971746,27.775967531791323,25.775792593895808,25.64135336883384,26.420717681439324
28.64009098421601,28.01944139649137,22.874146202241437,28.74634911500766,27.460666086104894,23.22032118213139,27.77734284491396,25.776738615120646,25.643409701356692,26.42108345024492
28.641334568830533,28.021669988659003,22.87906442352689,28.747465949329694,27.462023367729888,23.19314603484155,27.77853815048012,25.77868626492507,25.643254380021816,26.42085943227245
28.642383292816234,28.02294519042327,22.883685282463023,28.748428074602153,27.463505719873382,23.168403748023767,27.77938686472376,25.78006168784811,25.644887961236943,26.421323451446984
28.644006275059798,28.02502197261208,22.888260308926117,28.749730131266674,27.46466099458553,23.145601059848666,27.78032256539758,25.781451749288124,25.646521528536805,26.42155864339987
28.646509089405345,28.027484638729177,22.893456094801618,28.75028683809505,27.465224838776756,23.12479451631958,27.781378062909305,25.783676836074644,25.646515625687925,26.42136502244901
28.648002656887424,28.028370147634032,22.89853536829389,28.751328676505725,27.466560373472724,23.102439364291282,27.782368744745362,25.784344058758567,25.64746749860528,26.422007728370865
28.649276805720994,28.029788046713907,22.90361583667606,28.752730068152882,27.469225196519428,23.07893065869155,27.783707239669692,25.784984401909373,25.64906033589283,26.42273378986841
28.650970474496013,28.032291090281795,22.90848959249906,28.753664985612005,27.47029633402295,23.056358816414843,27.78462385832072,25.785959166807075,25.649542421358028,26.422275422434414
28.653024033226128,28.034039778827314,22.912747333655656,28.754776155551042,27.47081040475107,23.034275397845047,27.785524667799805,25.787693409515224,25.650117231187416,26.42222104789174
28.654542146767326,28.03605658511831,22.91757119904919,28.756849249522567,27.473058868265866,23.01507284765296,27.785771075445794,25.789366415041194,25.652134014891345,26.423637802685604
28.65557865097278,28.038414483614122,22.92267524932658,28.758009380747435,27.475101835566186,22.994468048682613,27.787127207454322,25.789835383438614,25.65249672430802,26.423173088114563
28.65696211750985,28.039968724002115,22.927569169552854,28.75910111964515,27.475829586394656,22.974991634379034,27.788244641619187,25.791635998046807,25.65260950705555,26.42416883407376
28.658039280346884,28.04089614281985,22.932096146203538,28.76046365346649,27.476899405226053,22.953847867898993,27.788253586855014,25.79346298587547,25.654316462035275,26.424382920804046
28.659728065403876,28.043103993938004,22.936881674037544,28.761809886197334,27.479125153780046,22.934039283161567,27.788964054115837,25.79485953811617,25.655208212176454,26.423907592451062
28.66163521782923,28.04504900955969,22.942035805511555,28.762789990088258,27.481024629407482,22.917531760816253,27.79017000544384,25.796208120679008,25.656373734496075,26.42509057724599
28.662990778043017,28.046466596158833,22.947287864302005,28.76435014170291,27.48251372747117,22.900905567401317,27.79173365632415,25.797468761735484,25.657092560408472,26.424678604792557
28.66469425472903,28.04837848491422,22.952504371703924,28.76642122673527,27.484313417341205,22.88297172317359,27.791884518800742,25.798851193424916,25.658567902529583,26.425398656288934
28.666567984416073,28.05011494689545,22.957888656724208,28.767199529250412,27.485971848970085,22.864386503997338,27.79269424078305,25.800263402817283,25.659506514788735,26.426388960195077
28.668427543331457,28.051893576931164,22.962807109080284,28.76853414422991,27.487186965711015,22.846740543719854,27.793558410966224,25.801308508320943,25.660335476171227,26.42585267554228
28.669472765060725,28.052953323663182,22.96723331626987,28.769391641080496,27.48821580566868,22.830052484460097,27.79518802075231,25.802557276577307,25.6607808224536,26.426923333950647
28.671199542472166,28.054729673258336,22.97187410468654,28.770657009432227,27.489897397709107,22.81390766489857,27.795176680508522,25.804318832884782,25.662123836773052,26.427265571386563
28.673371080360006,28.05709255444834,22.977196704670373,28.771697469283815,27.491551964765385,22.79537279163504,27.7967889056869,25.80559326686299,25.663357658672524,26.42724453548153
28.674944712467855,28.0585665353941,22.9817389163682,28.77338579239961,27.493571300566316,22.779839957897863,27.797970143523326,25.8058986553708,25.663839085121346,26.428234461319935
28.676547922067073,28.06020030683841,22.986098821078038,28.774018533466702,27.495397048144245,22.76526346778386,27.799071662672574,25.808264590232547,25.66532571435497,26.42825825454784
28.678197753895315,28.062222947081445,22.990438252915236,28.77493134472389,27.496909085327363,22.749318846234715,27.7993251709768,25.809064139987935,25.66614112290012,26.428840600736436
28.679704900781516,28.064041972153856,22.995205073210315,28.775445105177944,27.498212612923414,22.73464918485566,27.800726797400685,25.810835070997502,25.66636976769683,26.42875614137751
28.68144774321687,28.0660121368796,23.000080847418158,28.77735204793055,27.499841922097982,22.721244955498943,27.80092215689124,25.809509528714628,25.668088179790676,26.42910921165644
28.683532281988136,28.068001713898557,23.004565668706405,28.778970983317663,27.502264580864527,22.707959309083726,27.80154555445424,25.810707483706036,25.66950302191767,26.42981841922103
28.685473302220778,28.069913315346632,23.00857400463462,28.77952571531594,27.503485960587952,22.693763992661694,27.80286111522651,25.81182222424676,25.670415301025212,26.430012226148104
28.687214403702853,28.071620473142815,23.012936254625714,28.78141859870489,27.504347106031005,22.68031916872158,27.803498677970996,25.81138030208106,25.672289370208446,26.429394394768835
28.68829317942744,28.07355103441921,23.017225090583064,28.780409718402286,27.505759694476044,22.665908006154005,27.804667807137026,25.813175941627513,25.672704301154027,26.43036471682302
28.690019989330438,28.075129241951245,23.02156546811684,28.78200703185797,27.507553292904994,22.652766023412873,27.80505147465036,25.815295710601113,25.673084178333273,26.42918220465156
28.691561305869175,28.07688951098536,23.02614150571998,28.784148235262673,27.508864915453817,22.640958852776272,27.806344308744613,25.815157057889277,25.67413532703977,26.429248242765464
28.692662475332853,28.079293756868058,23.030278654693422,28.784396967064968,27.510568735927286,22.627964774189984,27.807169163973924,25.816372995341425,25.674014415933065,26.430723345093078
28.69477632470545,28.08097035139919,23.03412801738833,28.78504250563313,27.512517070375203,22.61622586938174,27.807460683593256,25.81884978445979,25.674512913423495,26.42928990029766
28.696600594620506,28.082374236254196,23.03787432923659,28.785096290787674,27.514048989647595,22.605574991900692,27.809258279214156,25.818328292171614,25.675985040292723,26.43013409895943
28.698766748168012,28.08442483903315,23.042706260936203,28.78635646549781,27.515734855225702,22.59332395419721,27.80945178588197,25.819096415058127,25.67687920790259,26.42940635224837
28.69914037494278,28.08579349288301,23.04759521086959,28.78850378353952,27.517457093295917,22.5803250829412,27.810438262906082,25.821363697288223,25.67755488046799,26.43023055506868
28.70053543916218,28.087564904592472,23.05255122617933,28.788808637412803,27.518667297256115,22.569227893848133,27.809592985487303,25.822013205659076,25.6784331056613,26.428971653109542
28.702435629933845,28.089804439692077,23.057266381059968,28.789933917923367,27.520515021228107,22.559971331059163,27.811182205373207,25.822328568341078,25.679742277440837,26.43003531682419
28.703343641006967,28.091770366109184,23.0613910147053,28.7909906330351,27.52258995238455,22.549419743940746,27.811953425229184,25.823875351879117,25.680480373170038,26.429375468465338
28.70523426684891,28.09341868024834,23.06552155162535,28.791798340532317,27.523972519052435,22.539247779506386,27.813042508692256,25.82582352037228,25.680793882107096,26.42999609619272
28.70689196626806,28.09554897238126,23.07054683361876,28.794083640620087,27.524801539072964,22.528641236818476,27.813914260268312,25.825858567410982,25.681342256935128,26.429770445668908
28.708137531916194,28.09754823477928,23.07583356778332,28.79411569455272,27.52619077704533,22.51903828370122,27.81465402939583,25.82638395321327,25.682065551663605,26.428438629593774
28.71013657727442,28.098676983096755,23.081085152066,28.79459173387464,27.528436846381258,22.509871736709425,27.81498322120985,25.828314573210584,25.682820415245114,26.43122842607932
28.711023782021435,28.10033414328267,23.085908114032215,28.7969405391786,27.529557769632333,22.49834972540568,27.814049296270348,25.82972611443951,25.684109872017885,26.4293612331157
28.712696733256507,28.10319581607466,23.090456383258648,28.7978048791304,27.530894934834773,22.487585062133775,27.815932291222932,25.831040554368446,25.684331699689075,26.429716778504183
28.7137497723956,28.10434178866549,23.09548129303571,28.797759679359693,27.532964155042876,22.47889223822067,27.816791394495812,25.832461370724932,25.68475233407035,26.430248033764457
28.714637557038344,28.10645793283365,23.10071482832805,28.799582292770324,27.534610830793053,22.471436834401022,27.81622567799626,25.833865244298995,25.685643403534463,26.429425232572306
28.717033097417612,28.108729948457835,23.10582015682239,28.80098127293207,27.535320211881494,22.462625565344425,27.816143660605217,25.835364281137675,25.68703118999503,26.429910038091325
28.71770797689431,28.109732211362846,23.110794543979637,28.8010849177193,27.537020724736216,22.451472279943886,27.81628773769546,25.835602774229454,25.688157660667397,26.429708290263015
28.719066011480958,28.111272052862223,23.115644862068656,28.8020953323505,27.53933804453905,22.440803669510196,27.817829363176525,25.837008788432627,25.68850196574635,26.429289954273322
28.721957452516076,28.113176872133252,23.120815897669264,28.802767372101275,27.54034653211945,22.432754304946965,27.819117520316638,25.837887788298552,25.688714723468905,26.428979776612998
28.722228300375818,28.11474279345226,23.12646925689869,28.804074241609964,27.542007767379182,22.425571331491017,27.818834352972296,25.83957210917464,25.69005809738714,26.429471402025882
28.722886865692555,28.11658223638613,23.131717948228598,28.805964902165364,27.543642839295458,22.418901579180375,27.81984561221706,25.841066933649056,25.69032179753426,26.428410835233596
28.72557772408281,28.11850067865949,23.136302066774537,28.8075632958034,27.544274803590405,22.41168939703663,27.820245075898708,25.84158214376575,25.69102958573928,26.428814313284143
28.726575154285243,28.12055476317005,23.140650570987034,28.808320897509127,27.54545206088849,22.403911865939378,27.82023408126356,25.843128023496934,25.693153313042526,26.428972693464573
28.727903999876084,28.122767541627105,23.14539670697858,28.80885529443868,27.548026504030503,22.39584651814658,27.821336288852557,25.84546117360798,25.69378826062475,26.428027659122222
28.729850489815007,28.12450350867418,23.150750907485467,28.809921084154585,27.549622680663333,22.386683305868086,27.822181772193538,25.846127434703906,25.693830436516194,26.42805102939805
28.730996966877935,28.12594997846164,23.15654884696936,28.811158604248234,27.55120542473579,22.378687222419458,27.822657518160053,25.847429100749537,25.69540663975299,26.428965882402334
28.732118417450046,28.12793649071064,23.16171816760758,28.812907014899864,27.55304373294026,22.372405429872074,27.82296545618832,25.848880358518652,25.69488044958231,26.42784498269269
28.733229913975507,28.130075695585187,23.166808875857882,28.813671038634503,27.554769360764855,22.36526668048682,27.822772757008142,25.850022413973498,25.69509553536029,26.42790329984112
28.73457543452171,28.131643118816505,23.17194076039735,28.814566656386763,27.556602893089224,22.357678288574142,27.823455073007608,25.850999475934874,25.697013161339104,26.428156390144224
28.736297583805708,28.133005446321047,23.17672848095893,28.815664302165153,27.557230756547426,22.352182346417706,27.824338899549556,25.85184891740624,25.697548257459786,26.428257603229618
28.73804647439014,28.134560554288104,23.181262152837483,28.81722814774534,27.55944997693294,22.34637818743853,27.825802505002653,25.853829274221805,25.69812459657054,26.428308620569737
28.739307100055086,28.13626821788924,23.185924398047778,28.818366790860374,27.560504152726708,22.338887221435478,27.827329919033627,25.85506532200565,25.69839193624455,26.428282840992342
28.74153488402657,28.138305148506145,23.191352441051627,28.819897911674772,27.56152607555899,22.331586534824087,27.82727206682413,25.856147160956098,25.699519993610437,26.42923681620449
28.74261615840437,28.1392688831566,23.19689343269403,28.821324515198206,27.563985888261836,22.32380653908073,27.827783141756196,25.858319272463554,25.699690840470225,26.42807268697446
28.74334653941842,28.140896788641925,23.201839858192166,28.82260983954415,27.56516238282725,22.317226757549943,27.82941798378004,25.858144763066747,25.700328475847655,26.42968896604426
28.745340627600854,28.142134060782993,23.206482662956414,28.82383968849237,27.566424179408273,22.31083583445805,27.831022189453705,25.859813570893042,25.702047590349913,26.429097378780156
28.746950155960317,28.143770566096812,23.211405779343078,28.824309606754245,27.56831699086378,22.305774180504127,27.83094315179831,25.86107891939345,25.70288480277015,26.42869034749677
28.748054315403692,28.146105506415275,23.21639681004021,28.82550607089832,27.569010084190083,22.300208984490087,27.83145450203614,25.861449035033168,25.703133968781486,26.430484900940762
28.749713896563765,28.14752464622273,23.221228096086747,28.827062474405864,27.570662478398575,22.294881958467037,27.83237332930856,25.863377492937172,25.70409313572081,26.429869000544315
28.75155000281505,28.148755044492518,23.226342086115494,28.828471390882882,27.572746937298206,22.289079679455554,27.832538449435695,25.86473919168068,25.704385484313473,26.429519476116802
28.753652122315096,28.150798815429585,23.231847551192487,28.829093746253214,27.573895273617563,22.283181220145863,27.83347801112034,25.866173066768443,25.705731020482254,26.43179727532933
28.755820936299585,28.152004291237777,23.237193807122733,28.829028784177673,27.575529503593728,22.278507652210187,27.835160760595624,25.867165749039756,25.70683223364764,26.429406901609845
28.75692809663191,28.153660322156952,23.24261606551545,28.83108417725312,27.57749360696916,22.27186563570391,27.8354730697503,25.869184199360745,25.70734027913144,26.430752964452733
28.758433983934196,28.15583930803198,23.24761279811503,28.833107466511322,27.57834067549134,22.266551919386764,27.836473775287264,25.87049813926255,25.70821151515579,26.43134497958745
28.760333587418643,28.15748487759972,23.2523227181386,28.833729134032893,27.579849052485113,22.261434799123315,27.836821254837737,25.870295902535787,25.709121058007348,26.43062433910363
28.76130483532465,28.1592801530554,23.257038397209122,28.83517348929475,27.581551612444756,22.256434835154657,27.837624279101544,25.872620815229254,25.711087122469376,26.43133833997151
28.763539748633796,28.161395500098628,23.262098000782238,28.836374009171987,27.582912874728933,22.252544332073796,27.839165819953088,25.87381513996378,25.7105167227756,26.432059224880675
28.765418502177035,28.16323959914922,23.267506201968967,28.836934620300884,27.584993911448077,22.247496382942185,27.838734103188678,25.87423404659483,25.711764887307442,26.431195319186166
28.76596404922524,28.164418887710063,23.27262371647926,28.838253713988834,27.58625274413154,22.24232466502484,27.8399400764427,25.876217468130186,25.7140805842243,26.432578061752736
28.767933891386654,28.166069554967777,23.277559939310734,28.839191387913218,27.588443355020686,22.237341364714833,27.84093652196049,25.877555277361807,25.71333092656512,26.433279528943284
28.76984382451989,28.16788053362012,23.28254870980402,28.840599437257556,27.59002163131861,22.23423187400371,27.8412974619365,25.879012425424012,25.714644375426342,26.432412761230225
28.770552445165684,28.1696348091497,23.28750585506482,28.84228208338139,27.591779747611763,22.229703441341464,27.842890118767126,25.880448857120818,25.716034543445826,26.43422425316359
28.77269378258447,28.171219900648264,23.2920680889249,28.843511112772532,27.593609787566567,22.224592497014505,27.844013750417798,25.8814202832704,25.715729997827005,26.434532256056738
28.774070064470294,28.172933048121827,23.29680722957285,28.84416875565304,27.594804623060874,22.220466825842262,27.844732922302086,25.883301103116448,25.716735186797624,26.433752290148146
28.774675477503003,28.174644566098806,23.301524507369145,28.84501268940939,27.596313863678873,22.21660861658083,27.84554831750451,25.88394295802154,25.718319318930668,26.435313075146677
28.776182056588254,28.175992535596702,23.306694578181073,28.84634451284419,27.597882068184205,22.212807136459457,27.84648136726705,25.885015486071453,25.719113494100583,26.434714126704982
28.7786303572247,28.177936845104444,23.31203582300966,28.84833698098671,27.598826768143724,22.209269907970256,27.84729044191579,25.886997379498716,25.719678384051548,26.435551016464174
28.77950413809765,28.180071486240735,23.31686536875435,28.849837998962066,27.600487745818583,22.204959889216333,27.848234513388917,25.888449579620534,25.72084626655695,26.435664157052305
28.780395160016514,28.181560863551248,23.321731178749395,28.85014239894626,27.60291590193081,22.201282110220433,27.84904175964416,25.889929086728184,25.721749317349392,26.436186398585342
28.781708772442084,28.18364292525385,23.32655177910668,28.85165233888914,27.604926747188617,22.197836641516137,27.850814344599222,25.891848741215174,25.722410511754795,26.43684122471341
28.783034674938275,28.185449066310447,23.331353764517978,28.85228409370167,27.60564773729196,22.19358917451592,27.850837512576522,25.89260056899097,25.723636609229676,26.436280343753843
28.785250836875637,28.18654088744403,23.336037125456354,28.85336848291868,27.60756364069608,22.189665874463834,27.851172765293832,25.89376471243896,25.725150819996692,26.437565200932852
28.78581449017423,28.188496342873766,23.340792848209237,28.854956476754676,27.609302136017302,22.186110525722643,27.851337591719556,25.895060377797662,25.725284263688767,26.435798583504276
28.78737876055249,28.189438130154283,23.345131453294755,28.855840791213502,27.610718247934138,22.1830227450641,27.85260698389502,25.89735696607407,25.72684885647769,26.43741830818684
28.789950001089203,28.19150786185809,23.349823892056524,28.857046992961052,27.61212647348406,22.18037860692894,27.853157385915676,25.898737643445465,25.72821335530174,26.437560827281033
28.790822501024962,28.193642602775533,23.354676734367494,28.858541858607907,27.61355104674758,22.177092922467256,27.85245505442266,25.899935546536298,25.72883508947608,26.43726057744076
28.791996456153296,28.19506707030723,23.359457729739855,28.859015255907096,27.614999025248608,22.173966869540195,27.85406153252218,25.901831986195415,25.72997274709808,26.438096375791726
28.79433289480858,28.196726675257615,23.365169181225532,28.86117466310733,27.615989350665444,22.17187277427447,27.855126977301833,25.902302191874604,25.730862162255068,26.437756964167146
28.794893856107947,28.19801324138572,23.370539447803665,28.861588983658276,27.61766183343856,22.168844311633098,27.856118716308593,25.904109329888115,25.73109893404319,26.438111953099494
28.795797685721915,28.19954203096222,23.37578794047312,28.8627833507695,27.61908977326278,22.165739692382292,27.857077859992188,25.905975322777763,25.732089811202663,26.438945227906952
28.79829974967343,28.20118859790506,23.38076485563759,28.86377698743672,27.62069816099489,22.162773194268574,27.85750169201829,25.90696842242354,25.73322808794888,26.437808333328036
28.79939487558659,28.20266424188891,23.386200438398035,28.86493617072012,27.62158573932468,22.16081452803519,27.8593776234245,25.907840943418726,25.733771692006346,26.439246620205154
28.800128451791643,28.20433467042765,23.391632337722356,28.866814663951985,27.62346555070006,22.157955964542655,27.85923089258973,25.90951909872727,25.734075784415758,26.43866348174816
28.802417672784372,28.206674059973604,23.39655631521412,28.86782726757798,27.62560749646418,22.155074856558063,27.859830361388713,25.910987760134226,25.73543660266628,26.439369726066438
28.80370453364752,28.209120921240256,23.40142572669101,28.869202023718614,27.627167700824003,22.153131442281094,27.860983024244202,25.911727659059633,25.736778892629246,26.437987234602865
28.804813318946106,28.21035602997484,23.405961056809396,28.87071274657915,27.628427238420215,22.15187037896497,27.861927190906762,25.91328805653204,25.73690657453865,26.43847070510636
28.806376745369995,28.21179856122224,23.410739345444874,28.871798480856626,27.63046191913478,22.14913705405133,27.863070550574797,25.915120955093442,25.737943700458366,26.4387176742772
28.80824423952327,28.214204859609243,23.415761095678906,28.873318691892894,27.631959734292032,22.146274040658334,27.86274951997996,25.915960876946542,25.73906924489615,26.437839806900634
28.809584692871354,28.215475110646075,23.421186934308494,28.874842203539245,27.632924458023112,22.145585199515892,27.863210746165414,25.91731976500194,25.739676558570817,26.439344970244186
28.8105546700666,28.2165089333699,23.42632570721384,28.87589352181412,27.633488205772345,22.143819300921894,27.86451650068325,25.91847830008499,25.74044168678267,26.437754812502273
28.81217968508928,28.218279274943775,23.431232676123273,28.87693338862175,27.634958165334687,22.14067697824123,27.865041334673208,25.919434187813913,25.741327073566392,26.438710372082706
28.81328550776545,28.22012350260884,23.43644800602195,28.877755138136294,27.636872538828715,22.138079098215147,27.866527632221135,25.921224224337408,25.74230720009837,26.43922723662213
28.814575354485505,28.221999767711814,23.441707025214566,28.879066284929177,27.638748789918857,22.137178559298082,27.866897852170645,25.922480975908826,25.74265581883417,26.437966115165608
28.81662561837107,28.22388427409866,23.446889472047353,28.880614060008103,27.6396369624471,22.135898013521885,27.86805032416227,25.923817715393422,25.743269655174178,26.439694922457754
28.818517312448538,28.22521363771061,23.451439831269273,28.881246759183583,27.641440896943237,22.1330626244456,27.869580950024385,25.924312503019834,25.745040383843325,26.43839074842221
28.82018777382055,28.227127666305186,23.455557869112077,28.882325833908673,27.643193668805868,22.131236275652533,27.869457581545625,25.926232717396193,25.74463888177285,26.43860788271454
28.820713928648196,28.228711255545416,23.458509071321934,28.883347992485348,27.644938112072698,22.130607637319592,27.86881884143638,25.92703227762465,25.745721475159606,26.43914883286776
28.82219486892049,28.23034310955062,23.461162910904175,28.884376928571783,27.646977393788603,22.129027883858182,27.870083783371506,25.928828005654616,25.747439234743798,26.43920505129912
28.823807201690393,28.232529339067494,23.464415272375653,28.88527576614564,27.64814996934151,22.127211968929068,27.87189985651489,25.928972484669703,25.747475993488106,26.438724719369134
28.825167741532248,28.23492047116961,23.46796714522695,28.886750136237293,27.649257826435665,22.125531878052502,27.872892663616405,25.93123761796031,25.748870891719804,26.439832729682212
28.826198856828146,28.236440808440765,23.471491111646433,28.88827288151196,27.651066119663128,22.124619365850773,27.87325729123523,25.931799317734516,25.75036159368324,26.43933654838397
28.82725841040807,28.237294189332367,23.475376018398165,28.888982362106518,27.652470179576266,22.123231477140163,27.87401996033109,25.93349473166235,25.750462255236034,26.4396810754986
28.828504855676155,28.239246546915346,23.480222091104118,28.88968831964116,27.653812141015905,22.121055027542802,27.87556021965524,25.933567894632283,25.750484217915186,26.438961605364696
28.830081200288657,28.240956841364607,23.48549093555576,28.89093748547415,27.655434058517766,22.11948554647996,27.875917281801087,25.9351098949003,25.752150799105866,26.440337167089606
28.831281324609442,28.242090689505112,23.49046295145017,28.891373525624147,27.65726202607982,22.11963619694125,27.877308827758675,25.93656896431217,25.752827806008515,26.4396683086775
28.832942113177218,28.243664764361466,23.49475993412415,28.892681912129987,27.658449696195664,22.119231492877592,27.87769732790725,25.937967566074995,25.752274327183514,26.439839306523254
28.83538178481399,28.245504813471925,23.498769842480236,28.89244359207737,27.659650328818305,22.117783833121717,27.879125910437836,25.93881799181354,25.753414836958676,26.440753528147518
28.837173610584866,28.24725350286044,23.5027408661176,28.893997298298864,27.661693619922193,22.116143326026126,27.879855676005416,25.940052450713715,25.754643386566947,26.439884857124962
28.838159974680863,28.24826427740007,23.506951641161574,28.895850533894773,27.66374970584554,22.115851939680716,27.880523480962722,25.9409732320114,25.755022134846833,26.441505755152733
28.838808572990185,28.25052928686244,23.51103698328151,28.896060604583592,27.664982044143574,22.115369259737975,27.88126477638469,25.94214290251161,25.75683319082088,26.441503737490883
28.840356369621382,28.2521617980969,23.515697650038163,28.898149012305208,27.666086067300228,22.11426753967752,27.880909781214896,25.943227202129613,25.757124906151745,26.441138363576098
28.841786301338097,28.253387293390347,23.520723401307304,28.899015533278604,27.668046600085276,22.11320937805811,27.883044308985923,25.94356635810547,25.75755950131947,26.442586756070057
28.843558391560748,28.25543240506964,23.525089901618394,28.89896453232984,27.6688905571987,22.113107755412365,27.88414593359323,25.946488235970318,25.75903953286101,26.442220187857007
28.84543108418442,28.25611072864687,23.529434406125304,28.900895852971566,27.66981649974689,22.112809745661384,27.8843197595956,25.94649689371892,25.759636983803233,26.442853467238482
28.846224984749128,28.25694193111882,23.534268799144918,28.90162002485377,27.67211953027592,22.11140247759389,27.88483876843923,25.947392396891964,25.76040301674649,26.44342972769387
28.847704332670553,28.25908844315162,23.538928804698852,28.90238713844431,27.67409848661808,22.111234162953227,27.88536767512763,25.948339371421625,25.76211525063874,26.443753178602698
28.849600861397683,28.26044015046524,23.54323602095362,28.903497855892436,27.675472454448343,22.111289911666837,27.885805935058798,25.94973104409458,25.762742887048272,26.443780626184044
28.851356066887142,28.261294618193446,23.54797027886526,28.9038947660622,27.676472361811626,22.110253912421328,27.887078582893167,25.95139619441502,25.762379813816807,26.44495160358224
28.85321684007101,28.26299748602358,23.553015823976523,28.90594397345692,27.677760092570086,22.109004837444534,27.88777821589685,25.951432094088076,25.76382460963552,26.444112769470266
28.854837444413562,28.26481303474267,23.558369375094905,28.906607373429665,27.68036945965939,22.10884723293104,27.888182447827635,25.953157805224517,25.765495813566417,26.44442270667689
28.855745757958687,28.266296227041757,23.56332700165111,28.90738628378294,27.68236091649664,22.109017917539738,27.889012049047984,25.953437714586034,25.765646756823624,26.444973699297115
28.857056354150448,28.2685898943684,23.567789781725367,28.9073055621661,27.683475285892044,22.10779080229407,27.890046534601332,25.954438824341942,25.76657900250966,26.444188858654407
28.85842289372397,28.27014430754389,23.5721874522468,28.90790506634324,27.68398505209895,22.10666503210625,27.891094126481025,25.956380234024614,25.76766042178537,26.44379438905704
28.86009450474986,28.272073067683415,23.576599091334884,28.909704347494035,27.685683121955634,22.106666351021524,27.892007886615065,25.955827720153707,25.768205431669156,26.445434295465287
28.861466045156785,28.27406833027289,23.5812659671137,28.91003921597428,27.687025903614092,22.107713286969442,27.893115355882895,25.95761148419108,25.76863724652388,26.443792116872828
28.863013140703266,28.27525994568857,23.586178001976204,28.91015061901576,27.687015709716782,22.107356480695298,27.894030468280917,25.95848438056735,25.770442840507872,26.44455658552557
28.864243015484085,28.277314875706125,23.590537109232052,28.911538319219375,27.689308030386904,22.107054665604082,27.895545441802568,25.958451694284655,25.770874571628735,26.44522548541795
28.86565120942347,28.27943898744898,23.59499942133164,28.912166564205442,27.69124139033815,22.10767935183679,27.896168001749885,25.960522887862894,25.771242992596246,26.443096253063196
28.866386903558315,28.281030029498744,23.599678997917778,28.913300769595157,27.69244380207047,22.10743918467196,27.896846579078204,25.962065243948974,25.772749563601963,26.444628671214186
28.868426791124996,28.282113311727045,23.604816843723317,28.914419490234216,27.69401011950809,22.10701442624429,27.897990293927258,25.962015992113056,25.772348982109,26.445281966260346
28.870656771468948,28.283270353162262,23.609721839336334,28.9138208261094,27.695541948961328,22.107252760101368,27.89921016542523,25.963568822270013,25.77337965406569,26.444262874206714
28.871454466396813,28.285447592218826,23.61462982972506,28.91538998642765,27.69746204533581,22.107570093200785,27.900382013458746,25.964438312504853,25.774835395404757,26.444031842620195
28.87332665841263,28.287253159981155,23.619216803254663,28.917829309569182,27.698534334029603,22.10756602363379,27.900675397820525,25.964808948907105,25.775043159908236,26.445034961437173
28.874493668283876,28.2882814836119,23.6237150911208,28.917939736086783,27.699781622968295,22.107534127216958,27.901464884420093,25.966011993699777,25.77554844844499,26.444490275191374
28.876132737874748,28.290166862958557,23.62840889646,28.918061000614838,27.701078276564616,22.107766238843208,27.902297567128727,25.966974066509792,25.776649294253325,26.444515747147577
28.87672653801294,28.292028781754972,23.632824586805484,28.919305575891027,27.70321399134126,22.108322130896504,27.903363705046075,25.968332615257786,25.77820229057692,26.44528174672722
28.878604708390313,28.29343933907511,23.637352311494098,28.920710000532758,27.70434335498338,22.10828636802131,27.904476207932333,25.969698990958697,25.778925848706233,26.444878568888974
28.880264054091302,28.29551257801233,23.64161911629884,28.922027466746542,27.705098502071298,22.109097419380184,27.905510897406835,25.97081285935178,25.780236085940732,26.44511192039573
28.882121591139263,28.296676519425116,23.646169800165666,28.922835218886767,27.706633231513734,22.109760540364043,27.90502891371009,25.97246702586129,25.78166432599904,26.445927097672914
28.883978068323227,28.297765973336894,23.650789458990946,28.922904283402858,27.70859699515905,22.110212176396132,27.906338014237107,25.972849026759658,25.780934392375578,26.44529735925586
28.88527475393271,28.29989410815111,23.655663663312293,28.924863620014712,27.710442545231384,22.109917636494416,27.90726320564557,25.97379843257165,25.78191572497483,26.446063525442955
28.88617882742352,28.301049588004098,23.660622214929887,28.926574078615396,27.711225609504446,22.110161213319167,27.908266281009595,25.974635544314964,25.783322947541443,26.447010369171615
28.88785934732838,28.302500956672702,23.665206683640122,28.92697138961738,27.71305040502407,22.11057872690222,27.908278907532093,25.97631304561383,25.783039169473064,26.445462482227278
28.890158033724305,28.30441241792935,23.669534672798015,28.927986163158906,27.715451415717393,22.110708513344086,27.91019042558549,25.977806217044304,25.7846364741605,26.44683908737391
28.891374677793674,28.305645618280018,23.674079258585458,28.929077084221642,27.716381679496603,22.111304881367285,27.9104901214443,25.978789481413035,25.78583847133828,26.445908591554353
28.892758972836322,28.30694223828544,23.67907053477567,28.9297256467893,27.717867757709108,22.112549347483622,27.911172186995717,25.980053246085063,25.78640673839377,26.446270819306008
28.89427402339784,28.30834981115313,23.684036080852756,28.930140045040975,27.719602432382842,22.114181562520155,27.911479459458512,25.98152725078798,25.78725757632722,26.445813242410388
28.895569758429748,28.309931841060934,23.688856727560022,28.932029953046676,27.719940712454054,22.114373005114658,27.911849608541907,25.981874802616666,25.788296440486647,26.44707932346943
28.897269550288804,28.31149045731447,23.69365541424105,28.93345549150084,27.72184566360419,22.114919435149353,27.912846065794888,25.98333688864856,25.789396326612945,26.446790290033938
28.89804517729339,28.312392099168612,23.698540579738577,28.934205223033032,27.723571518749182,22.116069973506075,27.91378485878999,25.98450366987782,25.790517420224365,26.447117488972268
28.899753868485508,28.314558696669963,23.70312561066376,28.93508303747504,27.72436433956392,22.11644566758586,27.914505342483594,25.98535632495488,25.791265737453138,26.447962834764045
28.900847061790106,28.31637928689392,23.70798453368401,28.935773857343527,27.72650031712001,22.116071129382323,27.914369882345618,25.98650637233704,25.79220186982441,26.44738111682194
28.902561671334507,28.317047342665475,23.712781369006308,28.9367863871965,27.72869952583282,22.116364598821537,27.91557879421206,25.987333014327607,25.792798776385744,26.447894930631072
28.904082269035605,28.31869117511184,23.71744724967511,28.938468578120784,27.729487642697347,22.117828639366838,27.917498306196297,25.9888684575477,25.794149660595956,26.44868209245313
28.905611230559032,28.32028696731545,23.72179488252808,28.939862985979914,27.730337193925475,22.119086176101806,27.918655412825547,25.98956696385588,25.794849856130114,26.447947290294053
28.90732096466682,28.321815147074332,23.726314362811316,28.940608267310296,27.731976202006056,22.119145427026904,27.918444177449622,25.991943571287223,25.795333666156964,26.448846926740437
28.909156732289798,28.323007438182742,23.731307560703378,28.940679807951103,27.733953919393354,22.119616104185656,27.919552407746156,25.99279823315483,25.795988985427737,26.449179239908784
28.910866182944865,28.32442019447175,23.73658071751634,28.94188775570408,27.734525059658424,22.1210406933577,27.920226115013016,25.99228759265289,25.797201487249637,26.449217773306653
28.911052257874303,28.326779856560528,23.741573654190788,28.94401724629709,27.735933627139868,22.122607877337668,27.92101103906587,25.993707456195743,25.797633603865563,26.45007715311565
28.912761020318985,28.327579653426366,23.74607306119538,28.944661056806204,27.738141220017226,22.123827738175418,27.922257881626887,25.994492651450514,25.79762051906063,26.45101202453378
28.911875370354213,28.329094988851796,23.750566844327658,28.94503599110785,27.73927094526983,22.125050113905353,27.922280463105345,25.99573533017162,25.799356710953624,26.449908095266323
28.91454895694114,28.33080601202723,23.75533481641412,28.945761420115677,27.741185561520084,22.125894241530837,27.92352858724573,25.996817912682705,25.799897642980266,26.451223062667403
28.912545183129843,28.331693968563304,23.76007645188301,28.947840272299835,27.74235746276816,22.12641476746574,27.922158062794324,25.997832451996796,25.80007992449801,26.45008394098354
28.91263993120205,28.333409575576024,23.764699830963252,28.948792088010084,27.74389249886573,22.127804158872717,27.922741907854455,25.998717860774274,25.80040121143922,26.450782934078248
28.90956155039849,28.335538738491564,23.769144470435748,28.948584110289225,27.745289929080343,22.129174615042654,27.924396871946406,26.000206797577412,25.80152655986174,26.450401911783203
28.909030683131434,28.33640401972613,23.77359281603964,28.950382895460493,27.745907639898437,22.130855806251507,27.924378580403687,26.00118130492418,25.803363380742933,26.451110393159954
28.90852654829629,28.338066031356238,23.778706715260345,28.950951004710287,27.747770248630502,22.13147802143113,27.924872833364738,26.002413573158506,25.802599264530386,26.450437877907092
28.906726291421045,28.33973811301522,23.783293583703106,28.951947087823903,27.74923009152588,22.132666505407265,27.924634938827015,26.003626021268357,25.803102085654324,26.451361903475473
28.906291329142423,28.341676968565146,23.78749457491822,28.95326611323094,27.749990485332674,22.134536690808687,27.924562135491353,26.00499248528413,25.803637234161442,26.450274075397076
28.90687217993692,28.34339677092885,23.791642826702866,28.953830735808364,27.751580070273867,22.13640886219701,27.92643106238809,26.005270440870216,25.803493490688254,26.4507717041057
28.90625820633876,28.34471649842895,23.796238375826817,28.955968650335336,27.75310628494893,22.137758031193528,27.927028368713852,26.006484907610957,25.804437749196765,26.450682492483022
28.90493014665585,28.346315317198844,23.800661574727222,28.956278288020215,27.755431094456956,22.139088129056894,27.92731804589199,26.007657952072165,25.805007293552432,26.451413050602742
28.905092826024568,28.347637240191595,23.8051199342961,28.957212653517075,27.756906826190306,22.140776098557797,27.92854885141304,26.008904747658757,25.805530018726795,26.449823763218152
28.905556668901745,28.348814399170937,23.8095366133496,28.958600320253343,27.75704728740656,22.142040008290156,27.928956788125852,26.009508696600214,25.806449610400485,26.451014357447697
28.905638546832897,28.350809681485025,23.814389529694896,28.959431541824184,27.758572659366244,22.14339947176051,27.93001608836709,26.01142558875113,25.806318760716408,26.451035409679577
28.905913468857108,28.352053413500606,23.819556697345135,28.96054475666955,27.760199453968998,22.145372337369828,27.931318470039667,26.012254064915478,25.806875844775874,26.451105999124273
28.906660876284587,28.353764536108503,23.824322153371025,28.96133364761375,27.761354812629783,22.14697114795311,27.931646855420176,26.013758546044862,25.808523495463934,26.45155391732255
28.906783825043938,28.355453133389442,23.828841910093857,28.962372987874396,27.763080548261236,22.14888915600666,27.93121630675115,26.01510236728409,25.808977607885396,26.45141462959332
28.906614969312663,28.356341950897693,23.8335569320017,28.9641630430914,27.764818624930648,22.150510361846646,27.932207710322807,26.016771267172846,25.809556540083843,26.45142798665702
28.90771320586142,28.358030991197722,23.837881087727357,28.96557776555963,27.76594548284372,22.15222142592934,27.93239940940436,26.016815359791362,25.810783164457934,26.451970544313266
28.909782623753305,28.359992399363243,23.84201300032535,28.966612947809608,27.767101969018874,22.153944827216165,27.932667594799405,26.017606995213903,25.81152661679041,26.45127727345121
28.910269211477072,28.360417164474843,23.84623286841574,28.967049209672588,27.76845127831454,22.156023528083733,27.934841117737843,26.01876922809862,25.81106091159748,26.45217116564346
28.909804675399222,28.362669375275186,23.85073237835389,28.967959506896413,27.769243092820396,22.157191364756326,27.935354181921195,26.02012970672575,25.81112836223118,26.451173393295846
28.910321268702774,28.36511266489024,23.855642325722577,28.968705163750933,27.77106232217818,22.15852411582441,27.93644980915129,26.021681628122067,25.81381127388037,26.450828877177806
28.91146170777812,28.36590077625043,23.860101508731923,28.970049872632316,27.7721957881756,22.16072050312669,27.93532096355016,26.023324455279322,25.813892842299442,26.45218887236674
28.91220394609373,28.36665953008285,23.86449550310179,28.97128160849219,27.774203719035285,22.162606298673758,27.93625592394115,26.02491729480176,25.81365078168881,26.45119646923871
28.913238232004414,28.369061205804403,23.868956009911514,28.971866581214506,27.77584450131172,22.164393175968797,27.937977183178905,26.025610991663566,25.81536779953617,26.452111308149536
28.91429007219342,28.370352056174724,23.87344473286053,28.972489562878266,27.77690280792745,22.16683607710177,27.93869875667746,26.02731318546112,25.815780778489675,26.450917948206055
28.914489530464206,28.37111556017847,23.877606117424733,28.97388055760553,27.777890488176308,22.169061929544416,27.93992731552446,26.02780625840007,25.8160906008486,26.45211244100865
28.915585181096645,28.37295877941424,23.881806209034714,28.97574027355382,27.77919016958911,22.170672721795576,27.939776424774074,26.029426882083225,25.817051746608804,26.451518182005906
28.916779898402723,28.374986721781013,23.886512533037543,28.97650833453732,27.78092805756433,22.17265442007049,27.94013289920203,26.03055196054615,25.817740464377017,26.451415867674406
28.91726105809367,28.37592170216955,23.891706904901483,28.97736921759659,27.78268874395774,22.174969550247567,27.940928686826343,26.031136928513277,25.818087689621215,26.452507714195796
28.917915477832405,28.377356267560863,23.89632353093547,28.97880222256625,27.78262213899624,22.176910001291766,27.94236408380561,26.032514018605877,25.81968665926889,26.451372375949987
28.91912365368992,28.379107742320944,23.900554836331,28.979683276677815,27.784158086173875,22.178940637284846,27.942657264388085,26.033198202763657,25.8202105899756,26.452088534695637
28.920645155888522,28.379088088972665,23.904906283457954,28.980474147259756,27.786046359361496,22.181284375483216,27.943531770248008,26.03508568861332,25.819498771474052,26.45217192417389
28.921918086020245,28.38017174973404,23.909509424509586,28.981301027586753,27.78715876345357,22.183890193803766,27.94415916206258,26.036200782507812,25.820287301584752,26.451780108411597
28.92342250686334,28.382359118705523,23.91393447102409,28.981719676908106,27.788341418658025,22.185775373857204,27.94504939139427,26.036663247487496,25.822149401677684,26.45288976268102
28.92510322991341,28.3841411222472,23.918384224028063,28.982823194496756,27.79013113249299,22.187513169215407,27.94570669872143,26.036069091837447,25.822503571560063,26.45284449716455
28.926483909110505,28.384840033888672,23.923051247940638,28.984797409909046,27.79113655774912,22.189484608222074,27.9467101101713,26.03790115094523,25.823691159300385,26.452535413158284
28.927372911425515,28.385853423949698,23.927937100622046,28.985520342224266,27.792348140817275,22.191705846047192,27.947998275480913,26.037012912062366,25.824936056372255,26.453604858884198
28.928604554527478,28.38756545178716,23.93257040331159,28.987453265991974,27.79403865187961,22.194390760076526,27.94848935494675,26.03770593886501,25.825178523858725,26.453043585148073
28.92958036008256,28.38840776588939,23.936829209058004,28.98861365039608,27.79583621338783,22.197034315220343,27.949281203604983,26.039940629071502,25.825034111281372,26.453318423673522
28.930558405980893,28.389752032237023,23.941063236878513,28.989632860050683,27.796816404225485,22.199397570775602,27.95006458430506,26.04079326224346,25.826836335351846,26.45392008439739
28.932248790374835,28.391554781572133,23.945112464889394,28.990127706976217,27.797805497364074,22.200948785643597,27.950047398032435,26.041198944294027,25.827309092748933,26.45373169429093
28.93365776311907,28.392398604812165,23.949825980676476,28.990808721428373,27.799768198642916,22.203149387669697,27.951626405877686,26.042059771878385,25.82827158507508,26.454227504247086
28.934258171544943,28.393822825511172,23.954780353817924,28.99249111564441,27.8003894159561,22.20586525974049,27.952791821911323,26.043361337220734,25.828902528898652,26.4540291666691
28.93513647575263,28.395390887219154,23.958984463468052,28.992973984365612,27.8015458696683,22.2083780757359,27.95331914778018,26.041643236937254,25.82985969492271,26.455110985114917
28.936606066356838,28.39694279904264,23.96316798939113,28.99410567086707,27.803857370268727,22.21116617761988,27.95399875085694,26.04239846674675,25.830850649887385,26.454343362701998
28.9382968622673,28.398244990162283,23.967257995368215,28.993858974222242,27.80490988888942,22.213753163405315,27.954799742358546,26.043533278414188,25.831367218878803,26.455436573018613
28.939846602882852,28.399063554524524,23.971376165877658,28.995468441986738,27.80623418648657,22.21559310619999,27.95506560803645,26.04514743696717,25.83208212291875,26.455368161788865
28.940670593808406,28.40045022841302,23.975325534676188,28.99762961219883,27.807858433729677,22.218082421335534,27.956128998466113,26.044809312355785,25.83275472335368,26.45570996738291
28.941703946934545,28.402278502253466,23.98030274946258,28.99842303498074,27.808660484187364,22.220715316860602,27.95802905214453,26.045480981865094,25.833864594795557,26.456374025067
28.94385337854404,28.403503308875703,23.985298107106985,28.999154882431064,27.81036272110804,22.22198264269454,27.957489402493433,26.047109273405592,25.83463419045538,26.457380968041512
28.944851264951904,28.404246943337622,23.98995682358351,29.0005032510468,27.811796980777057,22.22336856947141,27.95906101928585,26.046772247725215,25.834916663577758,26.45671221672997
28.946106784088137,28.405816225539695,23.994118408359782,29.001388144831147,27.812411163427313,22.22665624783925,27.95848187841652,26.048013335740016,25.836003638687906,26.45804648834117
28.948377129406516,28.407917121121812,23.998291023905765,29.002418415720214,27.814440450260026,22.2292509246159,27.958543757223634,26.049652771052628,25.836916812563047,26.457354705034895
28.95006136404083,28.41007694052044,24.002659139505433,29.00229544652538,27.816310482094828,22.231423051821984,27.95930278774369,26.049380391925553,25.837553219831896,26.457596553104324
28.95116910357575,28.41137837195303,24.006946912282082,29.0034563472752,27.817990017996443,22.234845210679204,27.959850247926944,26.050259267741303,25.83947908568812,26.458096908352875
28.952569176181107,28.412536967864312,24.011257762795278,29.005202448059507,27.818894349374183,22.237764776136295,27.959575187146633,26.05217088653477,25.840023347929012,26.458091968314832
28.954081259104896,28.414280474802972,24.015941014924632,29.005746967654574,27.819898149051497,22.23924010432375,27.96059576661778,26.053414974725687,25.84027209608481,26.458571476936683
28.95490046407496,28.41583639462485,24.02060708357687,29.006769030175207,27.821979611273072,22.240544862755222,27.96044642152079,26.05357138142223,25.841117568668693,26.459125605829122
28.956284823930027,28.417302108986124,24.024865192406857,29.006985209050292,27.82323555884368,22.243494927081162,27.961372490989152,26.053595470330734,25.84191384688598,26.459136541726032
28.958090497598633,28.418759445852263,24.028505663078526,29.009038424558003,27.82420779673704,22.24641181832805,27.96330585536674,26.055045626180902,25.84253188566617,26.459368150858438
28.959384686187278,28.4200382381816,24.032485268966177,29.009620834861792,27.82615869463225,22.248683438641205,27.96221848471253,26.056114278557075,25.844099860765457,26.459837581043697
28.961156368721724,28.42137389841776,24.036955696364174,29.01020541410241,27.82722724117567,22.250769000472744,27.962466619411263,26.05684686335687,25.844960059441245,26.460222456705935
28.962346811197527,28.423825142263567,24.041595314490543,29.010920923913666,27.82798126928001,22.252868784393737,27.963064660556643,26.057684548043312,25.8445779373886,26.459720301435425
28.963999013400546,28.42519685928002,24.046021922531867,29.01203956061234,27.829519594347644,22.25547369508332,27.962757308618805,26.058940830810975,25.845911204966818,26.461014431378374
28.965150589365436,28.42685961947469,24.050803533056882,29.012927686379115,27.83070940803971,22.257817140855085,27.963283889924266,26.05990824173538,25.847143069947048,26.459608556797704
28.96708326085897,28.42820489082744,24.055631351111476,29.013928846096544,27.832413320512813,22.259610861266413,27.96468722940792,26.06231718204697,25.84759686264111,26.46151593766397
28.969455831153038,28.42977078314593,24.060675516757946,29.014282257696514,27.833905703661394,22.261518960320842,27.965088088125583,26.063590836808444,25.84871567232245,26.459803501293425
28.97048323707765,28.431556716983263,24.06514381931101,29.015472667869396,27.83486548179659,22.26443613742368,27.964519873843777,26.063643672261048,25.850192798304242,26.459800033200445
28.971736788457783,28.43278484615826,24.06911949129193,29.016578423574728,27.83569379864657,22.268061353423473,27.965852087432324,26.064331145425964,25.850542891222087,26.46107565405465
28.97336943727591,28.43412997436252,24.073332174955198,29.017855418171557,27.836626876889344,22.27089967478939,27.966821252328998,26.064526938951417,25.85064885931356,26.45976135379602
28.975731068963178,28.435488003890228,24.077736561367267,29.018341563309896,27.83812948113762,22.27250654505407,27.96719503996919,26.06625145649899,25.852534828288043,26.461436458652674
28.97745627366284,28.436775710296082,24.082184946277756,29.01933926433303,27.838512865109244,22.274596570953754,27.968548989502477,26.06623226112088,25.852596983874257,26.45962957872131
28.978364905121353,28.43890978168272,24.08663147736536,29.020894245247465,27.840163769589292,22.276727837304904,27.968243867033657,26.068082346847305,25.853678492044608,26.461166159761255
28.979889779506234,28.43993956698508,24.09107684215659,29.022038552359774,27.842297213344285,22.278953781507003,27.967970579554343,26.070119845525873,25.854567482383874,26.46121113384636
28.981839162238273,28.44106506020367,24.09571361399302,29.02344562952426,27.842380684603903,22.281077853201083,27.969807003508016,26.07025531266818,25.85455405880198,26.4614978405679
28.98387626279803,28.44260006373134,24.100022729274436,29.02406052024967,27.84463383001087,22.284100657021362,27.970675345613984,26.069989448591837,25.855622163541888,26.46137531048041
28.9847708115661,28.444399572963135,24.10394684074401,29.025390834832105,27.84616698592415,22.288011015818093,27.971695766788997,26.071268409381346,25.856860219515912,26.46208418535933
28.986077678329146,28.44643743560613,24.108560002263903,29.02650381935188,27.847112586372283,22.29065507265377,27.972459615967594,26.072263283764713,25.85766015992188,26.462263513469814
28.987616425395668,28.447988685179833,24.113074233250863,29.027856610908,27.849105248659246,22.292390265759394,27.97367131143508,26.073453657410216,25.857154007394616,26.46201720877255
28.988793622300435,28.44895247760155,24.117327221778115,29.027970666795085,27.85147316010145,22.294553957522055,27.97483409304146,26.074425814722684,25.858853125943696,26.46297892717253
28.9902212336058,28.450047690276033,24.121808061842415,29.029529794701617,27.852687994322544,22.297342814665612,27.975153349168362,26.07636549075233,25.860115390788057,26.46255572486437
28.991771936132295,28.45196044483481,24.126404647065385,29.03016372184087,27.854074943616084,22.299506037896574,27.975732560707836,26.077034087520147,25.85938698963192,26.46248508237113
28.993701565424708,28.453790887220794,24.1309655277967,29.03109584091084,27.85543380965067,22.302281698363835,27.97583827945441,26.078081564549432,25.860626677736143,26.464242327185033
28.995663635754955,28.455452024605272,24.134809841435185,29.033013367746953,27.856905345184085,22.30604002275323,27.976287160310545,26.079759361973288,25.860635585107353,26.463233104608356
28.996487535389264,28.456714035456812,24.13910599261905,29.034351141066885,27.858527420844375,22.309192999021544,27.977627806186508,26.079362872554892,25.860400568918898,26.464186556300273
28.998210617178536,28.458153201363352,24.143580504211954,29.03576010864271,27.859680827127008,22.311446689072326,27.97846167846928,26.080990893191395,25.862346889124943,26.464277978307237
28.999618384035525,28.46031853259737,24.14808990850666,29.03605322416093,27.860255376674004,22.31356250263556,27.9797306311176,26.08178065082941,25.862934991356607,26.46459859937353
29.001036271710547,28.461626115093047,24.152533393425255,29.037523681199776,27.861950214256893,22.316670554315724,27.980117992739256,26.08312638218067,25.863474174406615,26.464867409421025
29.002879185008794,28.463755569073456,24.15702344364336,29.038564014343823,27.86314102664396,22.319569449197836,27.98066770297747,26.083256622198604,25.864810658750024,26.465066483208346
29.004339000005217,28.46581185146752,24.161588376012332,29.039416110019015,27.863493530112645,22.322445376431155,27.981194447830386,26.08349448490175,25.86534690380843,26.46537855278804
29.00620618344305,28.46654200689433,24.165708291960023,29.040184598637513,27.865094274608065,22.325277117617446,27.982291657114203,26.086196674257344,25.865359011787167,26.466049297465375
29.0084441237955,28.467707283628386,24.169831580400462,29.04132981748747,27.866354325801396,22.328149454070005,27.983069769021487,26.08599787388217,25.86650168446986,26.46574087732195
29.00987228344093,28.469852851276315,24.174387182969145,29.04261081598575,27.867304772670046,22.331006941599334,27.982388817485546,26.08576766388078,25.86792918481631,26.4667921967477
29.011808373246684,28.470753464847974,24.17908732310434,29.043131325164406,27.868907424109267,22.33460670583557,27.983732301287144,26.08767968602256,25.867197592527607,26.465927787910616
29.01366419998944,28.472373073565997,24.183172617201635,29.044042670016186,27.870663489920968,22.338097037342205,27.98502722313208,26.088589368920903,25.867608282948108,26.466123047062446
29.01564064200518,28.474380659406293,24.187239728604162,29.04544081759522,27.871539733478805,22.341151591502367,27.986023670769022,26.088997652607738,25.86948026792898,26.46695565973612
29.01710835864813,28.47509142798738,24.191447069465546,29.045937287308313,27.87364404414592,22.343920343617654,27.98650973511559,26.090238003958195,25.869134056965038,26.46560074633987
29.017383399031537,28.476271899389324,24.196036380471963,29.04751009630793,27.875362664136958,22.346857749571672,27.987258912453967,26.091050620963557,25.869749152301655,26.46746957233219
29.01940399370131,28.47823049893755,24.200107002979102,29.04795681821802,27.87638796305313,22.35044893822794,27.987709337598137,26.091953554640227,25.871842276391387,26.46597355220812
29.02059434584253,28.480386872587133,24.204080544532008,29.049909072598773,27.87782716626971,22.35349350959588,27.988050900987574,26.09278423015709,25.87165303430156,26.466927890896073
29.02163362625768,28.481482075330685,24.20839159759219,29.050755702831218,27.878869894444342,22.35672134257427,27.988654600446967,26.094641176748944,25.872487771431167,26.467162682719145
29.023137193822667,28.483316464254397,24.212944287631963,29.050948034330926,27.87991170811773,22.36069459554644,27.98997396838802,26.096043875976136,25.87336941041139,26.46679252885992
29.024591213186618,28.484713336561533,24.21729148976898,29.05161801247079,27.8817033873424,22.36386478739117,27.990138692636037,26.096097110351216,25.873619889814744,26.467812013417635
29.026930250206316,28.485450423070937,24.221603921784652,29.053091745239055,27.88308112073967,22.366859642479273,27.991484579802524,26.098127388927118,25.87470143161902,26.468186482165162
29.028522141167002,28.48769108941137,24.22612158570054,29.05482339158953,27.88365143375454,22.36978497659033,27.992341709954115,26.09911718180409,25.875905743435986,26.467548792184562
29.029685150884838,28.489741810397007,24.230606999491485,29.054539584034913,27.885536472381524,22.373160015448583,27.99269142758128,26.099874480009923,25.876467340350434,26.467868290231742
29.03113318510222,28.489946264536616,24.235254995334763,29.056402094597857,27.887358310211866,22.37625945956493,27.993258840614615,26.100843434838264,25.876812320756425,26.467695661834586
29.032297122825447,28.49133793129948,24.23928340477439,29.056890238481547,27.88855269035308,22.379984496792726,27.99420647698235,26.102004156963723,25.878202905860913,26.468811540103893
29.03352957724731,28.493706781678505,24.243640487984482,29.057644123834603,27.890241196312118,22.383293566881,27.995169722337785,26.103838681949362,25.878701217453898,26.467849813851096
29.034570120228345,28.49475836676681,24.24798104599805,29.058889056535612,27.892050642180052,22.386753589981364,27.99562763730917,26.104324536555307,25.87900281722912,26.4687908289962
29.03646519923004,28.494970738817493,24.25204838775576,29.059167922226,27.893763727934324,22.390121016477856,27.996545805879236,26.10616269433273,25.88112204675038,26.46862127868701
29.038668125286566,28.496205929265077,24.256421629263706,29.059981064554336,27.894992189702265,22.3931356062602,27.99736153108673,26.107510503245383,25.88106734650229,26.469376104037835
29.040255163578877,28.498927996113125,24.26069201623536,29.058839875995304,27.896068726200927,22.396370599279578,27.99913468686317,26.10802060323885,25.881070366975134,26.469608077652804
29.04151380415218,28.499544879469184,24.264143482648176,29.062003913233568,27.897007598599135,22.40055769651609,27.99884392005717,26.108900980441035,25.88220184144213,26.46896507419193
29.042802426498227,28.50065138099476,24.267843839928585,29.061640704674076,27.898788157682176,22.403918856522466,27.999472406910076,26.1102572453741,25.883423810390155,26.470298755933452
29.04423784500924,28.503266079783597,24.272046772538317,29.06163386126653,27.89912876154776,22.407151728074545,28.000665158993012,26.111723356172796,25.884616006947347,26.4691882039696
29.046320040368325,28.504287641109908,24.27601674761384,29.062256615014142,27.900486287973898,22.41100757343692,28.001201932211565,26.11238503234178,25.88420966039312,26.4706015107619
29.04789089470544,28.50499121469964,24.280004153294517,29.062770994300102,27.902954495982506,22.414941417373782,28.001875142118124,26.113303145182428,25.88607809865168,26.470356121328464
29.049040123014727,28.506586751748667,24.284383681048265,29.063416775359517,27.90465385025655,22.41860792267198,28.00314460038328,26.114868068748184,25.886469475580856,26.470108262956625
29.05080182649293,28.508138339419308,24.288945946932134,29.062936518057775,27.90557104129439,22.42202101379636,28.003935790467192,26.116273057555816,25.88713153005933,26.471356878647427
29.05179127919471,28.50893909951996,24.293210680728876,29.064135184058465,27.906228351502072,22.424987591804353,28.004796837772883,26.117020701696312,25.88825198334567,26.47038492038564
29.053487334805553,28.510534910649305,24.297194449397065,29.0652488866662,27.908514551499294,22.42864169531607,28.004843936396426,26.11832471975753,25.888178791288887,26.47154740481447
29.055200342283555,28.512800656420563,24.3013233164952,29.065291171477107,27.910464302889917,22.43288869217455,28.005650042186755,26.119183300216015,25.88909956867586,26.471130136876063
29.056521709668104,28.514050829870186,24.305900963062722,29.06607314648224,27.911905457559772,22.436887960556486,28.00726084373376,26.120454692587977,25.8906920466332,26.471617887721447
29.058728358549818,28.51478993767661,24.31007832610976,29.067647847323347,27.912645585883666,22.440413227199898,28.007336430717093,26.1214787703685,25.890826806278508,26.47106026380872
29.060167641370434,28.516256005167982,24.313886927345276,29.067320194158356,27.914543394136487,22.443987361543762,28.00745420157493,26.122373816484235,25.89170075609595,26.470976589032755
29.06115992164682,28.518001423024593,24.3177234842808,29.067806933088306,27.915981201675315,22.4474814995388,28.008820128525556,26.123465376461397,25.89291894390586,26.47117367573657
29.062414754572565,28.52046606324742,24.322338008487463,29.068538971677725,27.9176738004209,22.451138280044383,28.010462223971192,26.12480881832129,25.892545409248182,26.469636018425497
29.06365689784183,28.52155230435264,24.32658136815447,29.070132963864985,27.919002786113726,22.455263271896158,28.0089791546858,26.125849792526445,25.893031498009872,26.471043428897325
29.065846891606814,28.52278544648913,24.330297211621918,29.071487585169685,27.9208754248131,22.459360615278804,28.010880239938384,26.12639047635891,25.894863371799737,26.470571641330313
